t x y z
0 13 12 14
1 10 10 15
2 2 4 15
3 -2 -1 15
4 -1 -2 13
5 -1 -2 11
6 -3 -3 11
7 -3 -3 12
8 -3 -3 11
9 -1 -2 10
10 2 -1 9
11 2 -1 9
12 1 -2 10
13 2 -2 10
14 2 -2 9
15 2 -2 9
16 2 -3 11
17 2 -3 10
18 2 -3 10
19 1 -4 11
20 1 -4 12
21 2 -4 11
22 3 -4 11
23 2 -4 11
24 -1 -5 11
25 -1 -4 9
26 2 -3 9
27 -1 -3 11
28 -2 -3 11
29 -1 -1 11
30 -1 -1 12
31 -1 -1 12
32 1 2 11
33 -1 2 11
34 -2 2 9
35 -1 3 9
36 -1 3 9
37 1 3 8
38 2 3 7
39 1 2 8
40 0 0 8
41 2 0 10
42 3 0 11
43 2 -1 12
44 2 -1 12
45 2 -1 13
46 -1 -1 13
47 -2 -2 13
48 -4 -2 13
49 -4 -2 12
50 -5 -2 12
51 -5 -2 11
52 -5 -2 11
53 -6 -2 11
54 -6 -3 10
55 -6 -3 9
56 -5 -3 8
57 -5 -3 7
58 -5 -3 6
59 -4 -3 6
60 -2 -3 5
61 -2 -3 5
62 -2 -4 6
63 -1 -4 5
64 0 -3 5
65 1 -3 6
66 1 -3 6
67 1 -3 6
68 2 -3 7
69 2 -3 7
70 2 -3 7
71 2 -3 8
72 3 -2 8
73 2 -2 9
74 2 -3 10
75 3 -2 10
76 3 -2 11
77 1 -2 11
78 2 -2 11
79 2 -1 12
80 2 -1 12
81 2 -1 12
82 2 -1 12
83 1 -1 12
84 -1 -1 12
85 -1 -1 12
86 -1 -1 12
87 -2 -1 11
88 -3 -2 11
89 -3 -2 11
90 -3 -1 11
91 -3 -1 10
92 -3 -1 10
93 -2 -1 10
94 -2 -1 11
95 -2 -1 11
96 -2 -1 11
97 -1 -1 10
98 -1 -1 10
99 -1 -1 10
100 -1 -1 11
101 -1 -1 10
102 1 -1 10
103 0 -1 10
104 1 -1 11
105 1 -1 11
106 -1 -1 11
107 -1 -2 11
108 -1 -2 12
109 -2 -2 12
110 -2 -3 13
111 -3 -3 13
112 -3 -3 13
113 -2 -2 12
114 -1 -2 11
115 -1 -2 11
116 -1 -2 10
117 1 -2 9
118 1 -2 8
119 1 -2 7
120 1 -2 7
121 1 -2 7
122 1 -2 7
123 2 -2 7
124 2 -2 8
125 3 -3 9
126 3 -3 9
127 3 -3 9
128 3 -3 10
129 4 -3 10
130 4 -3 10
131 3 -4 10
132 2 -4 10
133 3 -3 10
134 2 -3 10
135 -1 -4 10
136 -2 -4 9
137 -2 -4 9
138 -3 -5 10
139 -4 -5 9
140 -4 -5 9
141 -4 -4 9
142 -5 -4 8
143 -5 -4 7
144 -5 -4 7
145 -6 -5 7
146 -5 -4 7
147 -3 -3 7
148 -4 -3 8
149 -4 -3 9
150 -2 -2 9
151 -1 -2 9
152 -2 -2 11
153 -2 -2 11
154 -1 -2 12
155 -1 -2 11
156 1 -1 12
157 3 -1 12
158 4 0 12
159 3 -1 12
160 4 -1 12
161 4 1 12
162 4 1 11
163 4 0 11
164 4 -1 11
165 4 1 11
166 4 1 11
167 3 1 11
168 2 0 11
169 1 1 11
170 -1 -1 11
171 -2 -1 11
172 -2 -1 11
173 -2 -1 10
174 -3 -1 11
175 -4 -2 11
176 -4 -2 10
177 -4 -2 10
178 -4 -2 10
179 -3 -1 10
180 -3 -2 10
181 -3 -2 10
182 -2 -2 10
183 -1 -2 10
184 -1 -2 10
185 0 -1 10
186 1 -1 11
187 1 -1 11
188 0 -1 11
189 1 -1 11
190 1 -1 11
191 1 -1 11
192 1 -1 11
193 1 -1 11
194 1 -1 10
195 1 -1 10
196 1 -1 10
197 1 -1 10
198 1 -1 10
199 0 -1 10
200 -1 -1 11
201 1 -1 10
202 1 -1 11
203 -1 -2 11
204 -2 -2 12
205 -2 -3 13
206 -3 -3 14
207 -3 -3 14
208 -2 -2 13
209 -1 -2 13
210 -1 -1 12
211 -1 -1 11
212 -1 -1 11
213 1 -1 10
214 1 -1 9
215 2 -1 8
216 2 -1 6
217 1 -2 5
218 -1 -2 4
219 -1 -3 3
220 -1 -3 2
221 -2 -4 3
222 -2 -4 4
223 -2 -4 4
224 -2 -3 4
225 -2 -3 6
226 -2 -3 7
227 -2 -3 8
228 -2 -3 9
229 -1 -2 10
230 -2 -2 10
231 -1 -2 11
232 1 -2 12
233 -1 -2 11
234 -1 -2 12
235 0 -2 12
236 1 -1 11
237 -1 -2 12
238 -1 -2 12
239 1 -1 12
240 1 -1 11
241 1 -1 11
242 1 -1 12
243 3 -1 12
244 4 1 12
245 4 1 12
246 4 1 12
247 4 1 11
248 4 2 11
249 2 1 11
250 2 1 10
251 2 1 10
252 -1 0 10
253 -1 0 10
254 1 1 10
255 -2 -1 10
256 -4 -2 10
257 -3 -1 10
258 -3 -1 9
259 -5 -2 10
260 -5 -2 10
261 -3 -2 10
262 -2 -1 10
263 -2 -1 11
264 -2 -1 11
265 -1 -1 10
266 1 -1 10
267 1 -1 11
268 1 -1 11
269 1 -1 10
270 1 -1 10
271 1 -1 11
272 1 -1 10
273 1 -1 10
274 1 -1 10
275 1 -1 11
276 1 -1 10
277 1 -1 10
278 1 -1 10
279 0 -1 10
280 0 -1 10
281 1 -1 11
282 1 -1 11
283 1 -1 12
284 -1 -2 13
285 -1 -2 13
286 0 -2 13
287 -1 -2 13
288 -1 -1 13
289 -1 -1 12
290 -1 -1 12
291 -1 -2 11
292 -1 -1 11
293 0 -1 9
294 -1 -1 8
295 -1 -2 7
296 -1 -2 5
297 -2 -3 4
298 -2 -3 3
299 -2 -3 3
300 -1 -3 2
301 -1 -3 3
302 -1 -3 4
303 -1 -3 5
304 -1 -3 5
305 0 -2 6
306 0 -2 8
307 -1 -2 9
308 -1 -2 10
309 1 -1 11
310 2 1 11
311 -1 -1 11
312 -2 -1 12
313 1 1 12
314 0 1 12
315 -2 -1 13
316 -2 -1 13
317 -1 0 13
318 -1 0 13
319 -1 -1 14
320 -2 -1 14
321 -1 -1 14
322 -1 0 14
323 -1 1 13
324 -1 1 12
325 -1 1 12
326 -1 1 11
327 -1 1 11
328 0 0 10
329 0 -1 9
330 1 -1 8
331 1 -1 7
332 1 -2 6
333 1 -2 6
334 1 -2 6
335 1 -3 5
336 1 -3 5
337 1 -3 4
338 1 -3 4
339 1 -3 4
340 -1 -3 4
341 -1 -4 4
342 -1 -3 5
343 -1 -3 6
344 -1 -2 8
345 -1 -3 8
346 -2 -3 8
347 -2 -3 10
348 -1 -2 11
349 -2 -3 11
350 -3 -3 12
351 -2 -2 12
352 -2 -1 12
353 -2 -2 12
354 -2 -2 12
355 -2 -1 12
356 -1 -1 11
357 -2 -2 12
358 -2 -2 12
359 -1 -1 11
360 -1 -1 11
361 -1 -1 11
362 -1 -1 11
363 -1 -1 11
364 -1 -1 10
365 -1 0 10
366 -1 0 10
367 -1 -1 10
368 -1 -1 10
369 -1 -1 10
370 -1 -1 10
371 -1 -1 10
372 0 0 11
373 2 1 11
374 3 1 11
375 3 1 11
376 2 -1 11
377 1 -1 11
378 1 -1 10
379 1 -1 10
380 -1 -2 11
381 -2 -2 11
382 -2 -2 11
383 -2 -1 9
384 -3 -1 9
385 -3 -1 10
386 -1 -1 9
387 -1 1 9
388 -2 -1 10
389 -2 -1 10
390 -2 -1 9
391 -3 -1 10
392 -4 -1 10
393 -4 -2 10
394 -4 -2 10
395 -4 -2 11
396 -4 -2 12
397 -3 -1 12
398 -2 -1 12
399 -2 -1 12
400 -1 -1 13
401 2 0 13
402 2 1 13
403 3 1 12
404 4 1 12
405 4 0 12
406 4 1 11
407 5 1 10
408 5 1 9
409 4 -1 9
410 3 -2 8
411 4 -2 7
412 3 -2 7
413 2 -3 7
414 2 -3 6
415 1 -4 7
416 1 -4 8
417 1 -3 6
418 1 -2 4
419 -2 -4 5
420 -3 -4 6
421 -2 -3 5
422 -3 -3 6
423 -4 -4 7
424 -3 -4 7
425 -3 -3 7
426 -4 -3 9
427 -3 -3 9
428 -3 -2 10
429 -4 -2 11
430 -4 -2 11
431 -3 -2 11
432 -4 -2 11
433 -4 -2 12
434 -3 -2 12
435 -2 -1 12
436 -2 -1 12
437 -1 -1 12
438 1 1 12
439 1 1 12
440 1 1 11
441 2 1 11
442 2 2 11
443 2 1 11
444 1 0 10
445 1 0 10
446 1 0 10
447 0 0 11
448 -1 -1 11
449 -1 -1 11
450 -1 -1 10
451 -1 -1 10
452 -1 -1 11
453 -1 -1 11
454 -1 -1 11
455 1 -1 11
456 1 -1 12
457 0 -2 12
458 1 -2 12
459 1 -2 12
460 -1 -2 12
461 -3 -3 12
462 -2 -2 11
463 -1 -1 11
464 -2 -2 10
465 -2 -3 10
466 -2 -3 10
467 -1 -2 10
468 0 -2 10
469 0 -2 9
470 -1 -2 8
471 -2 -3 8
472 -2 -3 8
473 -2 -2 7
474 -3 -3 7
475 -4 -4 8
476 -3 -4 7
477 -3 -3 7
478 -4 -4 7
479 -5 -5 7
480 -5 -5 7
481 -5 -5 8
482 -5 -5 9
483 -5 -5 9
484 -4 -4 10
485 -4 -4 10
486 -3 -4 10
487 -2 -4 11
488 -1 -4 11
489 -1 -4 11
490 1 -3 11
491 2 -3 10
492 3 -2 10
493 3 -2 10
494 3 -2 9
495 4 -2 9
496 3 -2 10
497 3 -3 10
498 3 -2 9
499 3 -2 9
500 2 -2 10
501 2 -2 9
502 2 -2 9
503 1 -2 9
504 -1 -2 9
505 0 -2 9
506 -2 -2 10
507 -3 -2 11
508 -2 -2 11
509 -3 -2 11
510 -4 -2 11
511 -4 -2 11
512 -5 -2 11
513 -6 -3 11
514 -6 -3 11
515 -5 -3 11
516 -6 -3 11
517 -6 -3 10
518 -4 -2 10
519 -3 -2 10
520 -4 -2 11
521 -4 -2 11
522 -3 -2 11
523 -2 -1 11
524 -2 -1 11
525 -1 -1 11
526 1 0 10
527 2 0 10
528 2 -1 11
529 3 0 11
530 3 0 11
531 2 -1 11
532 1 -1 11
533 1 -1 11
534 -1 -1 10
535 -1 -2 10
536 -1 -2 10
537 -2 -2 10
538 -2 -2 10
539 -2 -2 10
540 -2 -2 10
541 -2 -2 10
542 -2 -2 11
543 -2 -2 11
544 -1 -2 11
545 0 -1 11
546 1 -1 11
547 1 -2 12
548 1 -2 12
549 1 -2 12
550 1 -2 12
551 -1 -2 12
552 -2 -2 12
553 -2 -2 11
554 -3 -3 11
555 -3 -3 11
556 -3 -2 10
557 -2 -2 10
558 -3 -3 10
559 -3 -3 9
560 -3 -3 9
561 -3 -3 9
562 -3 -3 9
563 -4 -3 8
564 -3 -2 7
565 -3 -3 7
566 -4 -4 8
567 -3 -3 7
568 -3 -3 7
569 -2 -3 7
570 -3 -3 6
571 -3 -3 5
572 -3 -3 4
573 -3 -3 4
574 -3 -3 5
575 -3 -3 6
576 -3 -2 8
577 -2 -2 8
578 -2 -2 9
579 -3 -2 10
580 -3 -2 11
581 -2 -1 11
582 -2 -1 11
583 -2 -1 12
584 -2 -1 12
585 -2 -1 12
586 -2 -1 13
587 -3 -1 13
588 -3 -1 13
589 -3 -2 13
590 -4 -2 13
591 -4 -2 13
592 -4 -2 13
593 -3 -1 12
594 -3 -1 12
595 -3 -1 11
596 -3 -1 11
597 -3 -2 11
598 -2 -2 11
599 -2 -1 10
600 -1 -1 8
601 1 -1 7
602 1 -2 7
603 1 -2 8
604 1 -2 8
605 2 -2 8
606 1 -2 8
607 1 -2 8
608 3 -2 7
609 3 -2 8
610 2 -3 9
611 3 -3 9
612 3 -3 10
613 2 -3 11
614 3 -3 10
615 2 -3 10
616 -1 -4 11
617 -1 -4 10
618 1 -3 9
619 -2 -4 11
620 -3 -4 11
621 -3 -4 9
622 -3 -4 10
623 -4 -4 9
624 -4 -5 8
625 -5 -5 9
626 -5 -5 10
627 -3 -4 9
628 -3 -4 8
629 -3 -4 9
630 -3 -4 9
631 -2 -4 8
632 -2 -3 9
633 -1 -3 9
634 -1 -3 7
635 1 -2 6
636 1 -2 8
637 -1 -3 9
638 -1 -4 10
639 -1 -4 11
640 -2 -4 12
641 -1 -3 12
642 2 -2 12
643 1 -4 11
644 -2 -4 12
645 -1 -3 11
646 1 -2 10
647 2 -1 8
648 -1 -2 8
649 -3 -4 7
650 -2 -4 7
651 -2 -3 9
652 -3 -4 12
653 -3 -4 13
654 -3 -4 14
655 -1 -3 14
656 -2 -3 13
657 -3 -4 12
658 -3 -4 11
659 -2 -3 11
660 -1 -3 11
661 -1 -3 11
662 -1 -3 10
663 -1 -3 10
664 -2 -3 9
665 -1 -3 8
666 -1 -3 8
667 -2 -4 9
668 -2 -4 9
669 -1 -4 8
670 -1 -4 8
671 -2 -4 8
672 -2 -4 7
673 -1 -4 7
674 -1 -3 6
675 -2 -4 6
676 -2 -4 6
677 -1 -3 5
678 -1 -3 6
679 -1 -3 7
680 -2 -3 7
681 -2 -3 7
682 -1 -2 8
683 -2 -3 10
684 -2 -2 11
685 -1 -1 10
686 -1 -1 11
687 -3 -2 12
688 -2 -2 12
689 -2 -2 12
690 -4 -2 13
691 -3 -2 12
692 -2 -2 12
693 -3 -2 13
694 -3 -2 13
695 -2 -2 13
696 -2 -2 13
697 -2 -1 13
698 -2 -1 13
699 -1 -1 12
700 -2 -1 11
701 -2 -2 11
702 -2 -2 11
703 -1 -1 10
704 -1 -2 10
705 -1 -2 9
706 -1 -2 8
707 1 -2 7
708 1 -2 6
709 0 -3 5
710 -1 -3 3
711 -1 -3 3
712 -1 -4 3
713 -2 -4 4
714 -2 -4 4
715 -2 -3 5
716 -2 -3 5
717 -2 -3 7
718 -2 -2 8
719 -3 -2 9
720 -3 -2 10
721 -2 -1 10
722 -2 -1 10
723 -3 -1 11
724 -3 -1 11
725 -3 -1 12
726 -3 -1 12
727 -3 0 12
728 -3 1 12
729 -2 1 13
730 -3 0 13
731 -3 -1 13
732 -3 -1 13
733 -3 -1 13
734 -3 -1 13
735 -2 0 13
736 -2 1 13
737 -3 0 12
738 -3 -1 12
739 -3 -1 11
740 -2 -1 11
741 -3 -1 11
742 -2 -1 10
743 -1 -1 10
744 -1 -1 9
745 -2 -2 9
746 -2 -2 8
747 -1 -2 6
748 -1 -3 6
749 -2 -3 7
750 -2 -3 6
751 -1 -3 6
752 -1 -3 6
753 -2 -5 7
754 -3 -5 7
755 -2 -4 7
756 -2 -4 8
757 -2 -4 9
758 -2 -5 10
759 -2 -4 10
760 -2 -4 10
761 -3 -4 10
762 -3 -4 10
763 -2 -4 10
764 -2 -4 10
765 -2 -3 11
766 -1 -3 10
767 1 -2 8
768 1 -2 7
769 -1 -3 7
770 -2 -3 7
771 -2 -3 6
772 -1 -2 7
773 -2 -2 7
774 -2 -1 6
775 -1 -1 7
776 -1 -1 9
777 -2 -1 10
778 -3 -1 8
779 -2 -1 8
780 -2 -1 10
781 -2 0 11
782 -2 1 10
783 -3 1 11
784 -3 1 12
785 -2 2 12
786 -2 3 12
787 -4 2 12
788 -3 3 12
789 -2 4 12
790 -2 4 12
791 -3 3 12
792 -2 3 12
793 0 4 12
794 -1 4 12
795 -1 3 12
796 -1 3 12
797 2 4 12
798 2 3 11
799 1 2 11
800 1 2 10
801 2 2 10
802 2 2 10
803 1 1 10
804 1 1 10
805 1 1 10
806 1 2 10
807 -1 2 10
808 -1 2 11
809 1 2 11
810 1 2 11
811 1 1 10
812 1 2 8
813 0 2 9
814 -1 2 10
815 -2 2 11
816 -2 2 10
817 -2 2 8
818 -2 3 8
819 -2 4 9
820 -3 4 9
821 -4 4 10
822 -4 5 10
823 -4 5 11
824 -5 6 11
825 -5 7 10
826 -4 6 10
827 -4 5 11
828 -3 5 11
829 -3 5 10
830 -3 4 9
831 -4 3 8
832 -4 2 7
833 -3 2 7
834 -3 2 7
835 -3 2 8
836 -4 3 8
837 -4 4 8
838 -4 4 9
839 -4 5 10
840 -4 5 11
841 -5 5 11
842 -6 6 11
843 -7 6 11
844 -7 4 11
845 -7 2 11
846 -6 2 11
847 -7 3 11
848 -8 3 10
849 -8 3 9
850 -7 3 8
851 -6 4 8
852 -5 5 8
853 -5 6 8
854 -5 6 7
855 -4 7 7
856 -4 7 8
857 -4 7 8
858 -5 7 8
859 -6 7 8
860 -6 6 8
861 -5 3 10
862 -5 2 10
863 -6 3 10
864 -6 4 8
865 -7 2 8
866 -7 1 8
867 -6 -1 7
868 -5 -1 7
869 -4 0 7
870 -4 -1 8
871 -5 -2 10
872 -4 -2 10
873 -4 -1 10
874 -5 -2 11
875 -6 -2 11
876 -7 -2 11
877 -7 -2 11
878 -8 -1 11
879 -9 -2 12
880 -8 -2 11
881 -5 1 9
882 -4 2 7
883 -4 2 8
884 -6 2 8
885 -7 1 9
886 -6 1 8
887 -5 1 8
888 -4 -1 8
889 -4 -1 8
890 -4 -1 7
891 -3 -2 7
892 -4 -3 8
893 -4 -3 7
894 -4 -4 8
895 -4 -4 8
896 -4 -4 9
897 -3 -4 10
898 -3 -4 11
899 -2 -3 11
900 -3 -3 11
901 -4 -3 11
902 -4 -2 11
903 -2 -1 10
904 -1 -1 10
905 -1 -1 10
906 -1 0 10
907 -2 -1 10
908 -2 -1 10
909 -2 -1 10
910 -2 -1 10
911 -2 -2 10
912 -1 -2 10
913 1 -3 10
914 2 -3 10
915 2 -4 9
916 2 -4 9
917 2 -5 9
918 3 -5 9
919 3 -4 10
920 3 -4 10
921 2 -3 9
922 2 -3 9
923 1 -2 11
924 -1 -2 11
925 1 -2 11
926 2 -1 9
927 4 -1 9
928 3 -1 11
929 2 -1 11
930 3 -1 10
931 2 -2 11
932 1 -2 11
933 1 -2 9
934 1 -2 8
935 1 -2 9
936 1 -3 11
937 2 -3 11
938 3 -2 10
939 5 -2 10
940 4 -2 10
941 2 -2 11
942 2 -1 11
943 3 0 11
944 2 0 10
945 1 1 10
946 1 2 11
947 2 3 11
948 3 3 11
949 3 3 11
950 2 2 10
951 1 1 9
952 -1 -1 9
953 -1 0 10
954 -1 1 11
955 -1 1 10
956 -1 1 11
957 -2 1 11
958 -1 1 10
959 -1 1 10
960 -3 -1 11
961 -2 -2 10
962 -1 -2 8
963 -1 -2 8
964 -1 -3 9
965 1 -2 9
966 1 -1 10
967 -1 -2 10
968 -3 -1 10
969 -2 -1 8
970 -2 2 8
971 -3 3 9
972 -4 4 9
973 -2 6 8
974 -2 6 9
975 -4 5 10
976 -4 5 10
977 -4 6 9
978 -5 7 8
979 -6 6 8
980 -7 7 7
981 -7 8 7
982 -8 8 9
983 -9 7 10
984 -8 7 10
985 -7 7 9
986 -7 7 8
987 -7 6 6
988 -6 6 5
989 -6 7 5
990 -6 7 4
991 -7 7 4
992 -8 7 4
993 -8 8 5
994 -7 9 5
995 -5 7 6
996 -5 6 7
997 -5 6 8
998 -6 6 7
999 -5 7 7
1000 -5 6 7
1001 -5 5 7
1002 -5 5 6
1003 -5 6 6
1004 -5 6 6
1005 -5 6 7
1006 -5 7 7
1007 -5 6 8
1008 -6 5 8
1009 -6 5 8
1010 -6 5 8
1011 -6 5 8
1012 -5 5 9
1013 -4 6 9
1014 -4 5 9
1015 -5 6 9
1016 -6 6 10
1017 -6 5 10
1018 -5 5 9
1019 -4 5 9
1020 -5 5 9
1021 -6 5 10
1022 -4 6 11
1023 -4 5 11
1024 -6 4 10
1025 -7 3 10
1026 -6 3 10
1027 -5 4 10
1028 -6 3 11
1029 -6 2 11
1030 -5 2 10
1031 -4 2 11
1032 -4 2 11
1033 -4 1 11
1034 -4 1 11
1035 -3 1 11
1036 -3 0 11
1037 -3 1 10
1038 -2 1 8
1039 1 0 8
1040 -1 -1 8
1041 -3 -2 8
1042 -3 -1 7
1043 -2 0 7
1044 -2 -1 8
1045 -2 -1 8
1046 -2 -2 8
1047 -2 -2 9
1048 -2 -2 10
1049 -2 -2 10
1050 -2 -2 10
1051 -2 -2 10
1052 -3 -2 9
1053 -3 -2 9
1054 -2 -2 9
1055 -2 -3 9
1056 -3 -3 10
1057 -2 -2 10
1058 0 -1 9
1059 -1 -2 10
1060 -1 -2 11
1061 1 -2 11
1062 2 -1 11
1063 1 -2 11
1064 2 -1 12
1065 1 -1 12
1066 -2 -2 12
1067 -3 -3 13
1068 -3 -2 12
1069 -4 -2 12
1070 -5 -3 12
1071 -6 -3 11
1072 -6 -3 11
1073 -6 -3 10
1074 -7 -4 9
1075 -6 -4 8
1076 -6 -4 7
1077 -6 -4 8
1078 -5 -4 7
1079 -4 -4 6
1080 -4 -4 6
1081 -3 -4 6
1082 -2 -3 6
1083 -1 -3 6
1084 -1 -3 6
1085 1 -4 6
1086 2 -3 6
1087 2 -3 5
1088 2 -3 7
1089 2 -3 7
1090 4 -2 7
1091 3 -2 8
1092 2 -3 10
1093 4 -2 9
1094 4 -1 10
1095 2 -2 11
1096 2 -2 11
1097 2 -1 11
1098 2 -1 12
1099 1 -1 12
1100 2 -1 12
1101 0 -1 12
1102 -1 -1 12
1103 -1 -1 12
1104 -1 -1 12
1105 -3 -1 12
1106 -3 -1 12
1107 -3 -1 11
1108 -3 -2 10
1109 -3 -2 10
1110 -3 -2 10
1111 -2 -1 9
1112 -2 -1 10
1113 -3 -2 11
1114 -2 -1 10
1115 -1 -1 10
1116 -1 -1 10
1117 -2 -2 10
1118 -1 -1 10
1119 1 -1 10
1120 0 -1 10
1121 -1 -1 11
1122 -1 0 10
1123 1 1 9
1124 1 1 9
1125 -1 2 8
1126 1 2 7
1127 1 2 5
1128 -1 2 4
1129 -2 2 6
1130 -3 2 7
1131 -4 2 7
1132 -4 3 8
1133 -4 3 10
1134 -5 3 11
1135 -5 3 11
1136 -5 4 11
1137 -6 4 11
1138 -6 4 11
1139 -6 4 11
1140 -7 4 11
1141 -7 4 11
1142 -6 4 11
1143 -6 5 11
1144 -5 4 10
1145 -6 4 11
1146 -6 3 11
1147 -5 4 10
1148 -4 4 8
1149 -3 4 8
1150 -3 4 8
1151 -3 4 7
1152 -3 3 7
1153 -2 3 6
1154 -3 3 6
1155 -3 3 6
1156 -3 3 7
1157 -2 3 6
1158 -2 3 7
1159 -1 3 7
1160 -1 3 8
1161 -3 3 8
1162 -4 3 9
1163 -4 3 10
1164 -4 5 11
1165 -4 5 11
1166 -4 5 11
1167 -4 6 11
1168 -5 4 11
1169 -5 3 11
1170 -4 3 11
1171 -5 4 11
1172 -6 2 11
1173 -5 2 11
1174 -3 3 11
1175 -5 2 11
1176 -5 2 11
1177 -3 3 11
1178 -3 2 11
1179 -5 1 11
1180 -5 1 11
1181 -4 2 10
1182 -5 1 11
1183 -5 1 12
1184 -5 -1 10
1185 -3 1 11
1186 0 2 10
1187 -3 -2 12
1188 -4 -4 11
1189 -1 -1 10
1190 1 2 10
1191 1 1 10
1192 0 -1 10
1193 0 -1 10
1194 -1 -1 11
1195 -2 0 11
1196 -1 0 10
1197 -1 -1 10
1198 -2 -1 10
1199 -2 -1 11
1200 -1 -1 11
1201 -1 -1 12
1202 0 -2 12
1203 0 -1 13
1204 -1 0 13
1205 -1 0 13
1206 -2 0 13
1207 -2 1 12
1208 -1 2 11
1209 -1 2 11
1210 -1 2 11
1211 -1 2 11
1212 -1 1 10
1213 -2 1 11
1214 -2 0 11
1215 -1 -1 11
1216 -1 1 11
1217 -2 1 11
1218 -2 -1 11
1219 -2 -1 11
1220 -2 1 11
1221 -1 1 9
1222 -1 0 9
1223 -2 -1 10
1224 -3 -1 11
1225 -2 -2 11
1226 -2 -2 11
1227 -2 -2 12
1228 -2 -3 11
1229 -1 -3 11
1230 -1 -3 10
1231 -1 -3 10
1232 -2 -3 10
1233 -2 -2 9
1234 -1 -2 8
1235 -1 -2 9
1236 0 -2 11
1237 2 0 11
1238 2 1 11
1239 1 1 11
1240 1 0 10
1241 2 0 9
1242 1 -1 9
1243 0 -1 8
1244 0 -1 8
1245 -1 -2 8
1246 -1 -2 7
1247 0 -2 7
1248 -1 -2 7
1249 -2 -3 7
1250 -2 -3 7
1251 -2 -3 6
1252 -1 -3 7
1253 -2 -4 8
1254 -1 -3 8
1255 0 -3 9
1256 -1 -4 9
1257 -2 -4 9
1258 -1 -4 9
1259 0 -4 10
1260 1 -4 10
1261 2 -3 11
1262 4 -2 11
1263 5 -2 11
1264 3 -3 11
1265 3 -3 11
1266 3 -3 11
1267 2 -3 10
1268 0 -4 10
1269 -1 -3 9
1270 -1 -4 10
1271 -2 -4 10
1272 -3 -4 10
1273 -3 -4 9
1274 -4 -4 9
1275 -5 -5 8
1276 -5 -5 8
1277 -6 -5 8
1278 -6 -5 8
1279 -5 -4 8
1280 -5 -4 8
1281 -5 -4 8
1282 -4 -4 8
1283 -2 -3 8
1284 -2 -3 9
1285 -2 -3 9
1286 -1 -2 10
1287 -2 -3 11
1288 -2 -3 11
1289 -1 -3 11
1290 -1 -2 11
1291 1 -2 11
1292 1 -2 12
1293 2 -2 11
1294 2 -2 12
1295 3 -1 12
1296 3 -1 11
1297 2 -2 11
1298 3 -1 11
1299 4 -1 11
1300 3 -1 11
1301 2 -2 11
1302 3 -1 11
1303 2 -1 11
1304 1 -2 11
1305 1 -2 11
1306 0 -1 11
1307 -2 -2 10
1308 -3 -2 11
1309 -3 -2 11
1310 -2 -2 10
1311 -4 -3 10
1312 -4 -3 10
1313 -3 -2 10
1314 -3 -3 10
1315 -4 -3 9
1316 -4 -4 9
1317 -3 -3 9
1318 -2 -3 10
1319 -2 -3 10
1320 -2 -2 10
1321 -2 -2 9
1322 -1 -2 9
1323 -1 -2 9
1324 -1 -2 10
1325 -1 -2 9
1326 1 -1 9
1327 -1 -1 9
1328 -2 -1 8
1329 1 1 7
1330 1 1 7
1331 -1 0 8
1332 -2 -1 8
1333 -1 1 8
1334 -1 1 9
1335 -1 1 8
1336 -1 1 8
1337 -2 1 10
1338 -3 0 11
1339 -3 1 10
1340 -4 1 11
1341 -5 0 12
1342 -4 1 11
1343 -4 2 11
1344 -5 1 12
1345 -5 1 12
1346 -3 2 12
1347 -3 3 11
1348 -3 3 11
1349 -4 2 11
1350 -4 3 11
1351 -5 3 11
1352 -5 2 11
1353 -5 2 11
1354 -5 2 11
1355 -5 3 10
1356 -5 3 9
1357 -6 4 8
1358 -6 4 8
1359 -6 4 8
1360 -6 4 8
1361 -6 4 8
1362 -6 4 8
1363 -6 4 8
1364 -6 4 8
1365 -6 4 8
1366 -6 5 8
1367 -6 4 8
1368 -6 4 8
1369 -6 4 8
1370 -6 4 8
1371 -6 4 8
1372 -6 4 8
1373 -5 4 9
1374 -5 4 9
1375 -5 3 8
1376 -5 3 8
1377 -5 3 8
1378 -4 4 9
1379 -5 4 9
1380 -5 4 10
1381 -5 5 9
1382 -5 6 9
1383 -6 5 9
1384 -6 5 9
1385 -5 6 8
1386 -5 5 7
1387 -5 5 6
1388 -5 5 7
1389 -4 5 7
1390 -2 5 8
1391 -2 6 8
1392 -2 6 9
1393 -2 6 9
1394 -2 7 9
1395 -2 7 9
1396 -3 7 10
1397 -4 7 10
1398 -4 6 10
1399 -4 6 10
1400 -4 6 10
1401 -4 6 9
1402 -3 6 8
1403 -2 7 8
1404 -2 6 8
1405 -4 6 7
1406 -4 6 7
1407 -4 6 7
1408 -6 5 9
1409 -9 2 11
1410 -7 4 10
1411 -3 6 9
1412 0 8 10
1413 1 8 8
1414 -1 7 7
1415 -1 7 7
1416 -2 7 7
1417 -2 7 7
1418 -2 7 7
1419 -3 7 7
1420 -3 7 8
1421 -3 7 8
1422 -2 8 8
1423 -2 8 8
1424 -3 8 7
1425 -3 7 8
1426 -4 7 9
1427 -5 6 10
1428 -5 6 9
1429 -4 6 9
1430 -3 6 9
1431 -3 6 8
1432 -4 6 9
1433 -4 7 9
1434 -4 7 9
1435 -4 6 9
1436 -4 5 8
1437 -4 5 7
1438 -3 5 7
1439 -3 6 9
1440 -3 7 11
1441 -4 6 11
1442 -6 4 11
1443 -6 4 10
1444 -4 4 11
1445 -4 4 11
1446 -4 4 11
1447 -4 4 11
1448 -4 4 11
1449 -4 4 11
1450 -4 5 11
1451 -4 5 11
1452 -4 5 11
1453 -4 5 11
1454 -3 5 10
1455 -3 5 8
1456 -3 4 8
1457 -3 4 9
1458 -3 3 8
1459 -3 3 8
1460 -3 3 7
1461 -2 3 8
1462 -2 2 8
1463 -3 2 8
1464 -2 1 8
1465 -2 1 8
1466 -1 1 8
1467 -2 -1 9
1468 -2 -1 9
1469 -1 -1 9
1470 -1 -1 8
1471 -2 -2 9
1472 -3 -2 10
1473 -2 -2 11
1474 -2 -1 11
1475 -2 -1 11
1476 -3 -2 12
1477 -4 -2 13
1478 -4 -2 13
1479 -3 -2 13
1480 -4 -2 13
1481 -4 -2 12
1482 -3 -2 12
1483 -2 -2 11
1484 -2 -2 11
1485 -1 -1 9
1486 1 -1 8
1487 -1 -2 8
1488 -1 -2 7
1489 -1 -2 6
1490 -1 -2 6
1491 -2 -3 5
1492 -2 -3 4
1493 -1 -3 3
1494 -2 -4 3
1495 -3 -4 3
1496 -2 -4 3
1497 -2 -3 5
1498 -2 -3 6
1499 -2 -3 6
1500 -2 -3 8
1501 -2 -2 9
1502 -2 -2 9
1503 -2 -2 11
1504 -3 -2 11
1505 -3 -2 10
1506 -2 -1 12
1507 -2 -2 13
1508 -3 -2 13
1509 -1 -1 13
1510 1 -1 13
1511 1 -1 13
1512 2 -1 12
1513 4 1 12
1514 3 -1 12
1515 3 -1 12
1516 4 1 11
1517 4 1 11
1518 2 0 11
1519 2 1 11
1520 1 1 10
1521 -2 -1 10
1522 -2 -1 10
1523 -2 -1 10
1524 -3 -1 10
1525 -5 -2 10
1526 -5 -2 9
1527 -4 -2 9
1528 -4 -2 10
1529 -5 -2 10
1530 -3 -2 10
1531 -2 -1 10
1532 -2 -1 10
1533 -3 -2 10
1534 -2 -1 10
1535 -1 -1 10
1536 -1 -1 10
1537 -1 -1 10
1538 -1 1 9
1539 1 1 8
1540 1 1 8
1541 -1 1 8
1542 -1 1 8
1543 0 2 7
1544 1 2 8
1545 -1 1 8
1546 -2 0 7
1547 -2 1 8
1548 -3 -1 10
1549 -3 -1 9
1550 -2 1 10
1551 -3 1 11
1552 -3 1 11
1553 -3 1 11
1554 -4 1 12
1555 -4 2 12
1556 -4 2 12
1557 -6 1 14
1558 -8 -2 15
1559 -9 -2 15
1560 -9 -2 16
1561 -10 -2 16
1562 -11 -3 16
1563 -11 -5 16
1564 -11 -5 16
1565 -10 -5 15
1566 -10 -6 14
1567 -8 -5 13
1568 -5 -4 11
1569 -3 -5 8
1570 -3 -5 7
1571 -1 -5 4
1572 0 -5 -1
1573 -1 -5 -3
1574 -1 -5 -2
1575 1 -3 -3
1576 3 -3 -5
1577 2 -3 -6
1578 1 -3 -5
1579 0 -4 -4
1580 -1 -5 -4
1581 1 -5 -4
1582 2 -4 -4
1583 -1 -5 -5
1584 2 -5 -5
1585 7 -3 -3
1586 9 -3 -1
1587 8 -3 -3
1588 6 -4 -4
1589 6 -4 -4
1590 7 -5 -3
1591 6 -4 -3
1592 6 -3 -2
1593 6 -1 -2
1594 4 1 -3
1595 1 -1 -4
1596 1 -1 -3
1597 3 1 -5
1598 4 2 -6
1599 4 1 -6
1600 4 -1 -5
1601 5 -1 -6
1602 6 -2 -7
1603 5 -4 -7
1604 2 -5 -6
1605 1 -4 -9
1606 0 -3 -7
1607 -6 -5 -1
1608 -5 -6 3
1609 1 -5 4
1610 -4 -6 5
1611 -8 -8 6
1612 -6 -7 7
1613 -7 -6 7
1614 -11 -7 6
1615 -11 -8 9
1616 -10 -5 10
1617 -12 -5 9
1618 -15 -7 11
1619 -13 -6 11
1620 -14 -6 11
1621 -15 -7 12
1622 -13 -6 12
1623 -12 -5 12
1624 -11 -4 11
1625 -8 1 12
1626 -7 2 12
1627 -9 1 12
1628 -11 -2 12
1629 -10 1 10
1630 -4 2 9
1631 -2 1 11
1632 -4 -1 10
1633 -5 0 9
1634 -4 -1 10
1635 -4 -1 10
1636 -4 -1 10
1637 -4 0 10
1638 -5 -1 10
1639 -4 -1 10
1640 -4 1 11
1641 -4 1 11
1642 -4 -1 12
1643 -5 -3 13
1644 -4 -3 14
1645 -3 -1 15
1646 -4 0 14
1647 -5 1 13
1648 -5 1 12
1649 -6 1 11
1650 -6 2 9
1651 -6 2 9
1652 -6 1 11
1653 -5 -1 10
1654 -5 -2 11
1655 -4 -2 11
1656 -3 -2 11
1657 -3 -2 11
1658 -2 -2 10
1659 -2 -2 10
1660 -3 -3 10
1661 -3 -3 9
1662 -2 -3 8
1663 -3 -3 9
1664 -3 -3 10
1665 -1 -2 8
1666 2 -2 7
1667 1 -2 10
1668 -1 -2 11
1669 2 -1 7
1670 2 -1 5
1671 -1 -3 7
1672 -2 -4 9
1673 2 -2 6
1674 2 -2 5
1675 -2 -3 9
1676 -1 -1 10
1677 1 -1 8
1678 -2 -1 8
1679 -2 -1 9
1680 -2 -1 8
1681 -3 -1 8
1682 -2 0 9
1683 -2 1 11
1684 -2 1 10
1685 -1 1 9
1686 -1 1 10
1687 -1 1 11
1688 -2 -1 10
1689 -1 -1 9
1690 -1 -1 10
1691 -1 -1 10
1692 -1 -1 10
1693 0 0 11
1694 -1 -1 11
1695 -1 -1 12
1696 0 -2 13
1697 -1 -3 13
1698 -2 -3 14
1699 -1 -2 13
1700 -1 -2 13
1701 -2 -2 13
1702 -1 -1 12
1703 -1 -1 11
1704 -1 -2 11
1705 -1 -2 10
1706 -1 -1 7
1707 -1 -2 7
1708 -2 -3 7
1709 -1 -2 6
1710 -1 -3 4
1711 -2 -4 4
1712 -2 -4 3
1713 -1 -4 2
1714 -1 -4 2
1715 -1 -4 3
1716 -1 -4 3
1717 -1 -4 3
1718 -2 -4 4
1719 -1 -3 5
1720 -1 -3 7
1721 -2 -3 9
1722 -2 -2 9
1723 -1 -2 10
1724 -1 -2 11
1725 -1 -1 12
1726 -1 -1 12
1727 -2 -1 13
1728 -2 -1 14
1729 -2 -1 13
1730 -2 -1 13
1731 -2 -2 14
1732 -2 -2 14
1733 -2 -2 14
1734 -2 -2 14
1735 -2 -1 14
1736 -1 -1 14
1737 -1 1 13
1738 -1 0 12
1739 -1 -1 11
1740 -1 -1 11
1741 1 -1 10
1742 1 -1 9
1743 0 -1 9
1744 0 -2 8
1745 0 -2 7
1746 -1 -3 7
1747 -1 -3 6
1748 0 -3 5
1749 -1 -4 4
1750 -1 -4 4
1751 0 -4 3
1752 0 -4 4
1753 0 -5 4
1754 -1 -5 4
1755 -1 -5 4
1756 -1 -4 5
1757 -1 -4 5
1758 -1 -4 6
1759 -2 -4 8
1760 -1 -3 10
1761 -1 -3 10
1762 -2 -3 10
1763 -2 -3 10
1764 -3 -3 10
1765 -2 -2 11
1766 -2 -2 12
1767 -3 -3 12
1768 -3 -2 12
1769 -2 -1 11
1770 -2 -2 12
1771 -3 -2 13
1772 -3 -2 12
1773 -3 -2 12
1774 -3 -2 12
1775 -2 -1 12
1776 -2 -1 11
1777 -2 -1 11
1778 -2 -1 11
1779 -2 -1 10
1780 -1 -1 10
1781 -1 -1 10
1782 -2 -1 10
1783 -2 -1 10
1784 -1 -1 10
1785 -2 -1 10
1786 -2 -1 10
1787 -2 -1 10
1788 -2 -1 10
1789 -2 0 10
1790 -2 -1 9
1791 -2 -1 10
1792 -3 -1 10
1793 -2 -1 10
1794 -2 0 10
1795 -2 -1 11
1796 -2 -1 11
1797 -2 -1 11
1798 -2 0 10
1799 -1 1 10
1800 -1 1 9
1801 0 1 9
1802 -1 1 9
1803 -1 1 9
1804 -1 1 9
1805 1 2 9
1806 0 2 9
1807 -1 2 8
1808 -1 1 8
1809 -1 1 9
1810 -1 1 10
1811 -1 1 10
1812 -3 -1 10
1813 -3 -1 10
1814 -2 1 10
1815 -1 1 11
1816 -2 1 11
1817 -2 1 12
1818 -1 2 12
1819 -1 1 12
1820 -2 0 12
1821 -2 -1 13
1822 -2 -1 12
1823 -2 -2 11
1824 -2 -2 10
1825 -1 -1 11
1826 1 1 11
1827 0 1 9
1828 -1 1 8
1829 -2 1 8
1830 -2 2 8
1831 -3 2 8
1832 -4 3 9
1833 -4 4 10
1834 -5 4 11
1835 -5 3 11
1836 -5 3 11
1837 -5 3 10
1838 -4 4 10
1839 -4 5 10
1840 -5 5 10
1841 -4 5 10
1842 -4 5 10
1843 -3 6 10
1844 -3 6 10
1845 -3 7 8
1846 -3 7 7
1847 -4 7 6
1848 -4 7 6
1849 -4 7 6
1850 -4 7 6
1851 -5 7 7
1852 -4 7 8
1853 -3 7 8
1854 -3 8 8
1855 -3 7 9
1856 -4 6 9
1857 -3 7 9
1858 -4 6 10
1859 -6 4 10
1860 -6 2 9
1861 -5 4 9
1862 -4 4 9
1863 -5 3 8
1864 -6 3 7
1865 -6 3 6
1866 -6 4 3
1867 -5 5 2
1868 -5 5 4
1869 -5 4 6
1870 -5 5 6
1871 -5 5 7
1872 -5 5 9
1873 -6 6 10
1874 -6 6 9
1875 -5 6 9
1876 -5 6 9
1877 -5 6 9
1878 -4 6 7
1879 -5 6 7
1880 -5 5 8
1881 -4 5 9
1882 -3 4 10
1883 -2 4 10
1884 -1 4 10
1885 -1 5 11
1886 -1 5 12
1887 -1 5 12
1888 -2 6 12
1889 -2 5 13
1890 -3 5 13
1891 -3 5 12
1892 -3 4 12
1893 -4 3 11
1894 -3 3 8
1895 -2 2 10
1896 -3 1 11
1897 -4 1 10
1898 -4 2 8
1899 -5 1 7
1900 -5 -1 7
1901 -4 -1 7
1902 -3 -1 8
1903 -3 -1 9
1904 -3 -2 10
1905 -2 -1 10
1906 -1 1 11
1907 -3 -1 11
1908 -3 -2 10
1909 -2 -1 8
1910 -2 -2 9
1911 -2 -3 10
1912 -2 -3 10
1913 -1 -3 10
1914 1 -2 10
1915 1 -2 11
1916 0 -2 11
1917 -1 -2 11
1918 1 -2 11
1919 1 -2 10
1920 1 -3 10
1921 1 -3 9
1922 1 -3 9
1923 2 -2 10
1924 2 -3 10
1925 2 -3 10
1926 2 -3 10
1927 2 -3 10
1928 2 -3 10
1929 3 -2 10
1930 3 -1 10
1931 4 -1 11
1932 3 -1 11
1933 3 -1 11
1934 3 -1 11
1935 3 -2 11
1936 2 -2 11
1937 2 -2 11
1938 2 -2 11
1939 2 -2 10
1940 2 -2 10
1941 1 -2 11
1942 2 -2 10
1943 1 -1 10
1944 1 -2 10
1945 -1 -2 10
1946 1 -2 9
1947 1 -2 9
1948 1 -2 10
1949 1 -3 10
1950 2 -3 10
1951 2 -3 10
1952 2 -3 10
1953 1 -3 10
1954 2 -3 10
1955 2 -3 10
1956 2 -2 11
1957 2 -2 11
1958 1 -2 11
1959 1 -3 10
1960 2 -2 10
1961 2 -2 10
1962 2 -2 10
1963 2 -2 10
1964 2 -2 10
1965 2 -2 10
1966 2 -2 10
1967 2 -2 10
1968 2 -2 10
1969 2 -2 10
1970 2 -2 10
1971 3 -2 10
1972 3 -2 10
1973 3 -2 10
1974 2 -2 10
1975 3 -2 10
1976 2 -2 10
1977 2 -3 10
1978 2 -3 10
1979 2 -3 10
1980 3 -3 10
1981 3 -3 10
1982 3 -3 10
1983 3 -3 10
1984 3 -3 10
1985 4 -2 10
1986 4 -2 9
1987 4 -2 10
1988 4 -3 10
1989 4 -3 10
1990 4 -2 10
1991 4 -1 10
1992 4 -2 10
1993 3 -2 10
1994 3 -2 9
1995 3 -2 9
1996 4 -1 9
1997 4 -1 9
1998 4 -1 9
1999 4 -1 9
2000 4 -1 10
2001 4 -2 10
2002 4 -2 10
2003 4 -2 10
2004 5 -2 10
2005 6 -1 10
2006 6 -1 9
2007 6 -1 9
2008 5 -1 10
2009 6 0 11
2010 5 1 11
2011 5 1 11
2012 5 2 12
2013 4 2 11
2014 3 2 11
2015 3 2 12
2016 3 2 11
2017 3 2 11
2018 2 2 10
2019 2 2 10
2020 2 2 11
2021 3 2 11
2022 1 1 10
2023 0 1 9
2024 1 1 11
2025 1 0 11
2026 2 1 8
2027 1 0 9
2028 -1 -1 11
2029 -1 -1 11
2030 0 0 9
2031 0 1 8
2032 -1 1 10
2033 -1 1 10
2034 0 1 9
2035 0 1 10
2036 -1 2 11
2037 -1 2 11
2038 -1 3 11
2039 1 4 12
2040 -1 3 12
2041 -2 3 12
2042 -1 2 12
2043 -2 1 12
2044 -1 -1 11
2045 2 -1 11
2046 3 -1 11
2047 2 -1 11
2048 3 0 12
2049 3 1 11
2050 3 1 11
2051 2 1 11
2052 2 1 11
2053 2 2 10
2054 1 1 8
2055 1 1 9
2056 1 2 9
2057 1 2 8
2058 1 2 8
2059 2 2 7
2060 2 1 8
2061 -1 -1 10
2062 -2 -1 10
2063 1 1 9
2064 1 0 8
2065 -2 -2 8
2066 -2 -2 8
2067 -1 -2 7
2068 -2 -2 8
2069 -4 -3 9
2070 -3 -2 9
2071 -4 -3 9
2072 -4 -3 11
2073 -4 -3 12
2074 -3 -3 13
2075 -2 -3 13
2076 -2 -3 13
2077 -1 -3 13
2078 2 -2 13
2079 3 -2 12
2080 3 -2 12
2081 3 -1 12
2082 4 -1 11
2083 3 -2 11
2084 2 -2 10
2085 3 -2 8
2086 3 -2 8
2087 2 -3 8
2088 1 -3 6
2089 2 -3 5
2090 1 -4 5
2091 0 -4 5
2092 1 -4 4
2093 -1 -4 5
2094 -2 -5 5
2095 -2 -5 5
2096 -2 -5 5
2097 -3 -5 5
2098 -3 -5 6
2099 -4 -5 7
2100 -5 -5 9
2101 -4 -4 8
2102 -4 -4 7
2103 -6 -4 9
2104 -6 -4 10
2105 -4 -3 10
2106 -4 -3 12
2107 -5 -4 12
2108 -4 -3 11
2109 -3 -3 12
2110 -3 -3 12
2111 -3 -3 11
2112 -2 -2 11
2113 0 -1 12
2114 1 -1 12
2115 1 -1 12
2116 2 -1 11
2117 2 0 11
2118 2 -1 11
2119 2 -1 11
2120 2 -1 10
2121 1 -2 9
2122 -1 -2 9
2123 -1 -2 10
2124 -1 -2 9
2125 -1 -1 10
2126 -1 -1 10
2127 -1 -1 9
2128 -2 -1 10
2129 -2 -1 10
2130 -1 -1 10
2131 -1 -1 10
2132 -2 -1 11
2133 -2 -1 10
2134 -1 1 9
2135 -1 1 9
2136 -1 1 8
2137 -1 2 7
2138 -1 2 6
2139 -1 2 6
2140 -1 2 7
2141 -1 2 9
2142 -2 3 10
2143 -2 3 11
2144 -2 3 11
2145 -3 4 10
2146 -3 4 10
2147 -3 4 11
2148 -4 4 12
2149 -4 4 12
2150 -5 4 12
2151 -5 4 12
2152 -4 4 12
2153 -3 4 11
2154 -3 4 11
2155 -4 5 11
2156 -4 5 11
2157 -5 5 10
2158 -5 5 8
2159 -4 6 8
2160 -4 6 8
2161 -5 6 8
2162 -5 6 7
2163 -4 6 7
2164 -4 6 9
2165 -5 5 10
2166 -5 4 9
2167 -5 4 9
2168 -5 4 10
2169 -4 4 10
2170 -4 4 10
2171 -3 3 10
2172 -2 3 10
2173 -1 4 10
2174 1 3 10
2175 1 2 10
2176 1 2 10
2177 2 2 10
2178 1 1 9
2179 1 0 9
2180 1 0 9
2181 0 1 8
2182 -1 3 8
2183 -1 4 8
2184 -2 4 10
2185 -2 3 10
2186 -2 3 10
2187 -2 3 10
2188 -3 3 10
2189 -3 4 9
2190 -4 5 10
2191 -5 5 10
2192 -5 5 10
2193 -5 6 9
2194 -4 6 8
2195 -3 6 8
2196 -4 6 7
2197 -4 5 7
2198 -4 3 6
2199 -4 2 6
2200 -4 2 5
2201 -5 2 6
2202 -6 2 6
2203 -7 3 7
2204 -7 2 7
2205 -6 3 9
2206 -4 4 11
2207 -5 3 11
2208 -6 3 11
2209 -5 4 11
2210 -5 5 11
2211 -6 5 12
2212 -6 6 11
2213 -7 5 12
2214 -10 2 13
2215 -11 -2 13
2216 -9 -2 13
2217 -3 1 13
2218 -3 2 14
2219 -6 1 14
2220 -5 3 11
2221 -3 6 11
2222 -4 5 12
2223 -8 2 12
2224 -8 0 10
2225 -6 1 7
2226 -6 2 4
2227 -7 4 4
2228 -3 3 1
2229 1 -1 -1
2230 -3 -5 3
2231 -5 -7 2
2232 -5 -7 2
2233 -4 -7 3
2234 -2 -7 4
2235 -1 -7 3
2236 -1 -8 0
2237 1 -8 -1
2238 1 -8 1
2239 1 -6 2
2240 2 -5 3
2241 2 -4 3
2242 0 -6 3
2243 -1 -10 -1
2244 -5 -11 -4
2245 -11 -12 3
2246 -12 -14 4
2247 -10 -13 -2
2248 -5 -12 -4
2249 1 -11 -1
2250 3 -10 5
2251 3 -9 7
2252 -1 -9 7
2253 -4 -11 9
2254 -3 -10 9
2255 2 -9 10
2256 3 -8 11
2257 -3 -11 10
2258 -4 -10 11
2259 -2 -8 10
2260 -1 -6 8
2261 -1 -6 10
2262 -3 -7 11
2263 -5 -8 11
2264 -4 -7 9
2265 -1 -5 8
2266 -1 -5 7
2267 -2 -6 7
2268 -3 -7 9
2269 -2 -6 9
2270 -1 -6 8
2271 1 -7 9
2272 1 -7 10
2273 1 -7 10
2274 1 -7 8
2275 0 -7 8
2276 1 -7 8
2277 1 -7 9
2278 1 -7 9
2279 0 -6 9
2280 -1 -6 9
2281 -1 -7 8
2282 -2 -6 9
2283 -4 -6 10
2284 -6 -7 11
2285 -7 -7 10
2286 -7 -7 9
2287 -6 -6 8
2288 -7 -7 8
2289 -9 -8 8
2290 -9 -8 7
2291 -6 -7 6
2292 -5 -7 6
2293 -6 -8 5
2294 -7 -8 4
2295 -8 -7 7
2296 -10 -4 8
2297 -10 -2 5
2298 -7 -2 3
2299 -5 -3 2
2300 -5 -5 -2
2301 -8 -6 -2
2302 -9 -6 -3
2303 -8 -6 -2
2304 -9 -6 1
2305 -10 -6 2
2306 -10 -6 3
2307 -10 -6 3
2308 -10 -6 1
2309 -10 -6 -2
2310 -12 -7 -2
2311 -13 -7 2
2312 -12 -4 3
2313 -9 -2 3
2314 -7 -1 3
2315 -7 -2 3
2316 -6 -2 2
2317 -4 -4 3
2318 -6 -6 4
2319 -11 -6 2
2320 -11 -6 1
2321 -9 -5 2
2322 -8 -5 2
2323 -10 -5 1
2324 -9 -5 1
2325 -9 -4 2
2326 -9 -4 2
2327 -8 -5 2
2328 -7 -5 -2
2329 -11 -7 -4
2330 -12 -7 -4
2331 -10 -5 -2
2332 -7 -2 -2
2333 -8 1 -3
2334 -11 5 -2
2335 -13 10 -3
2336 -10 11 -5
2337 -5 10 -3
2338 -7 4 -1
2339 -11 1 -2
2340 -12 -2 -3
2341 -11 -2 -3
2342 -11 -1 -3
2343 -12 0 -4
2344 -12 1 -3
2345 -11 1 -3
2346 -8 2 -3
2347 -8 2 -5
2348 -5 2 -7
2349 -4 2 -5
2350 -6 1 -2
2351 -7 0 -2
2352 -7 1 -3
2353 -8 2 -5
2354 -11 1 -3
2355 -12 1 2
2356 -11 1 2
2357 -11 2 1
2358 -12 2 2
2359 -12 2 3
2360 -12 2 1
2361 -12 3 -1
2362 -12 3 -1
2363 -12 3 1
2364 -13 3 4
2365 -13 3 4
2366 -12 4 3
2367 -12 4 4
2368 -11 4 6
2369 -9 4 6
2370 -7 3 5
2371 -8 1 6
2372 -8 -1 7
2373 -6 0 6
2374 -5 -1 6
2375 -7 -2 8
2376 -7 -2 8
2377 -5 -1 7
2378 -6 -1 9
2379 -6 -1 9
2380 -5 -1 9
2381 -5 0 9
2382 -6 1 9
2383 -4 1 8
2384 -5 1 8
2385 -6 1 8
2386 -5 1 7
2387 -4 1 6
2388 -5 1 6
2389 -5 1 7
2390 -4 2 7
2391 -4 3 9
2392 -5 3 11
2393 -4 3 11
2394 -2 3 10
2395 -2 3 10
2396 -3 3 10
2397 -2 3 10
2398 -2 2 9
2399 -2 2 9
2400 -2 2 9
2401 -2 3 9
2402 -1 3 9
2403 -2 2 11
2404 -2 1 11
2405 -1 2 11
2406 1 3 12
2407 -1 3 12
2408 -1 2 12
2409 -1 2 12
2410 -1 2 13
2411 -2 2 12
2412 -2 2 12
2413 -2 2 12
2414 -2 1 13
2415 -3 1 12
2416 -1 2 12
2417 -1 2 12
2418 -1 1 12
2419 -1 1 12
2420 1 2 11
2421 1 1 11
2422 1 1 11
2423 0 -1 11
2424 -1 -1 10
2425 -1 -1 9
2426 -1 -1 7
2427 0 -1 6
2428 0 -2 5
2429 -1 -2 5
2430 -1 -2 5
2431 -2 -3 6
2432 -3 -3 6
2433 -3 -3 6
2434 -2 -3 6
2435 -2 -4 7
2436 -4 -4 8
2437 -3 -4 8
2438 -2 -4 7
2439 -2 -4 8
2440 -3 -5 9
2441 -3 -4 8
2442 -2 -4 8
2443 -4 -5 10
2444 -6 -5 10
2445 -6 -5 9
2446 -6 -4 9
2447 -7 -5 9
2448 -7 -5 9
2449 -5 -4 10
2450 -4 -4 10
2451 -3 -4 10
2452 -2 -4 10
2453 1 -3 10
2454 1 -3 10
2455 2 -3 10
2456 3 -3 9
2457 4 -3 10
2458 4 -3 10
2459 5 -3 9
2460 4 -3 9
2461 3 -4 8
2462 3 -4 7
2463 3 -3 7
2464 2 -4 9
2465 2 -3 8
2466 2 -3 7
2467 1 -3 10
2468 1 -3 10
2469 2 -2 9
2470 0 -2 11
2471 -2 -3 11
2472 -2 -3 11
2473 -2 -3 11
2474 -4 -3 11
2475 -4 -3 11
2476 -4 -3 11
2477 -6 -4 11
2478 -7 -4 11
2479 -7 -4 11
2480 -7 -4 11
2481 -6 -4 11
2482 -5 -3 11
2483 -5 -3 10
2484 -5 -3 11
2485 -4 -3 11
2486 -3 -2 10
2487 -3 -2 10
2488 -4 -2 10
2489 -4 -3 10
2490 -2 -2 10
2491 -1 -1 10
2492 -2 -2 10
2493 1 -1 11
2494 3 1 11
2495 4 1 11
2496 3 -1 11
2497 3 -1 10
2498 4 1 9
2499 2 -1 10
2500 -1 -2 11
2501 -2 -3 11
2502 0 -2 10
2503 1 -1 10
2504 -1 -2 11
2505 -2 -2 11
2506 -2 -2 11
2507 -2 -2 10
2508 -2 -2 10
2509 -2 -2 10
2510 -2 -2 10
2511 -2 -2 10
2512 -2 -2 10
2513 -2 -2 10
2514 -2 -2 10
2515 -2 -2 10
2516 -2 -2 10
2517 -2 -1 9
2518 -1 -1 8
2519 -1 1 7
2520 -1 1 7
2521 -1 1 7
2522 -2 0 8
2523 -3 0 9
2524 -2 0 9
2525 -2 1 9
2526 -2 1 10
2527 -3 1 11
2528 -2 2 10
2529 -3 2 10
2530 -4 1 10
2531 -4 1 10
2532 -4 2 11
2533 -4 2 11
2534 -4 2 11
2535 -3 3 11
2536 -4 3 12
2537 -5 3 11
2538 -5 4 11
2539 -5 4 11
2540 -6 3 11
2541 -6 3 11
2542 -5 3 11
2543 -4 3 11
2544 -3 4 11
2545 -3 4 11
2546 -3 4 10
2547 -2 4 10
2548 -2 4 9
2549 -2 4 10
2550 -2 4 10
2551 -2 3 10
2552 -2 3 10
2553 -2 2 10
2554 -2 2 11
2555 -3 1 10
2556 -3 1 10
2557 -3 1 10
2558 -4 0 9
2559 -4 1 9
2560 -4 1 10
2561 -4 1 10
2562 -4 0 9
2563 -3 1 9
2564 -3 3 10
2565 -4 3 11
2566 -5 2 10
2567 -4 2 9
2568 -3 2 8
2569 -3 3 8
2570 -4 3 8
2571 -3 3 10
2572 -3 3 11
2573 -3 3 11
2574 -2 2 11
2575 -2 1 12
2576 -2 1 11
2577 -4 2 9
2578 -6 -1 9
2579 -6 -2 10
2580 -5 -1 10
2581 -4 1 10
2582 -4 1 9
2583 -6 -1 9
2584 -6 0 10
2585 -4 2 11
2586 -4 2 10
2587 -6 1 9
2588 -5 -1 9
2589 -5 0 10
2590 -5 1 9
2591 -5 1 9
2592 -5 1 9
2593 -5 1 9
2594 -5 1 8
2595 -6 1 8
2596 -6 1 9
2597 -6 2 9
2598 -6 2 8
2599 -6 2 8
2600 -7 2 9
2601 -7 2 9
2602 -5 3 9
2603 -5 2 9
2604 -6 2 9
2605 -5 2 9
2606 -5 3 10
2607 -5 3 10
2608 -5 3 9
2609 -4 4 9
2610 -3 2 10
2611 -5 1 9
2612 -4 3 8
2613 -3 2 11
2614 -2 2 11
2615 -3 3 10
2616 -3 2 9
2617 -3 2 8
2618 -2 3 10
2619 -2 4 10
2620 -2 5 10
2621 -1 5 10
2622 -1 4 10
2623 -1 5 10
2624 -1 5 9
2625 -1 6 9
2626 0 5 9
2627 1 6 9
2628 1 6 8
2629 1 6 8
2630 1 6 10
2631 1 6 10
2632 2 8 9
2633 2 9 9
2634 -2 7 11
2635 -3 7 12
2636 -1 9 13
2637 1 9 12
2638 -1 8 11
2639 -1 8 9
2640 1 9 9
2641 2 8 8
2642 1 7 7
2643 0 6 7
2644 -2 6 7
2645 -2 6 8
2646 -2 8 9
2647 -2 8 8
2648 -2 8 7
2649 -2 6 6
2650 -3 6 7
2651 -3 5 7
2652 -3 5 7
2653 -4 4 7
2654 -4 4 8
2655 -3 5 7
2656 -2 6 7
2657 -2 6 7
2658 -2 6 7
2659 -3 6 7
2660 -3 5 7
2661 -3 5 8
2662 -3 5 8
2663 -4 4 8
2664 -6 3 7
2665 -6 4 7
2666 -3 5 7
2667 -2 5 6
2668 -2 5 6
2669 -3 5 7
2670 -4 5 8
2671 -4 6 8
2672 -4 7 9
2673 -3 8 9
2674 -3 7 9
2675 -4 6 8
2676 -4 5 7
2677 -4 6 7
2678 -3 6 7
2679 -3 6 8
2680 -3 5 8
2681 -3 6 8
2682 -2 8 8
2683 -1 8 9
2684 0 8 10
2685 -1 7 11
2686 -2 7 9
2687 -2 7 9
2688 -3 6 9
2689 -5 6 9
2690 -6 6 9
2691 -5 6 9
2692 -3 7 9
2693 -2 6 9
2694 -3 6 10
2695 -4 5 8
2696 -5 4 7
2697 -5 3 6
2698 -6 3 7
2699 -5 4 6
2700 -5 4 6
2701 -5 4 8
2702 -5 4 8
2703 -5 3 7
2704 -5 3 7
2705 -5 4 8
2706 -6 4 9
2707 -6 4 9
2708 -6 5 8
2709 -5 6 7
2710 -5 5 6
2711 -5 5 6
2712 -5 5 5
2713 -6 6 4
2714 -7 6 5
2715 -8 5 5
2716 -8 4 5
2717 -7 5 5
2718 -6 6 6
2719 -7 6 6
2720 -8 5 6
2721 -8 5 6
2722 -7 5 6
2723 -6 5 5
2724 -5 5 5
2725 -5 4 5
2726 -5 3 4
2727 -4 3 4
2728 -4 4 5
2729 -5 6 7
2730 -6 8 10
2731 -7 10 11
2732 -9 9 12
2733 -8 8 13
2734 -6 8 12
2735 -4 7 11
2736 -4 7 9
2737 -5 7 10
2738 -5 6 9
2739 -5 6 7
2740 -5 6 7
2741 -6 6 8
2742 -6 4 9
2743 -5 4 8
2744 -4 4 9
2745 -3 4 9
2746 -3 4 8
2747 -3 3 8
2748 -3 3 8
2749 -4 2 9
2750 -5 2 9
2751 -5 2 9
2752 -5 3 10
2753 -5 3 10
2754 -5 4 10
2755 -4 4 9
2756 -4 4 9
2757 -4 4 8
2758 -5 3 8
2759 -5 3 8
2760 -5 2 8
2761 -5 2 8
2762 -5 1 8
2763 -4 1 8
2764 -5 1 8
2765 -5 1 9
2766 -5 2 10
2767 -5 3 10
2768 -5 4 10
2769 -6 5 10
2770 -6 5 10
2771 -7 4 11
2772 -7 2 11
2773 -8 2 10
2774 -8 2 10
2775 -6 3 9
2776 -5 4 8
2777 -3 5 7
2778 -2 5 5
2779 -2 5 5
2780 -2 5 6
2781 -3 5 7
2782 -3 5 7
2783 -4 5 8
2784 -4 5 9
2785 -4 5 10
2786 -4 5 10
2787 -4 5 10
2788 -4 4 11
2789 -4 5 11
2790 -3 5 9
2791 -3 5 9
2792 -3 4 9
2793 -4 4 10
2794 -4 5 10
2795 -3 6 11
2796 -2 6 11
2797 -2 5 11
2798 -2 4 10
2799 -2 5 10
2800 -2 6 9
2801 -2 6 9
2802 -3 6 10
2803 -4 5 9
2804 -4 4 9
2805 -4 5 9
2806 -4 5 8
2807 -4 4 9
2808 -4 4 10
2809 -3 4 10
2810 -4 4 10
2811 -6 4 11
2812 -4 5 11
2813 -2 5 11
2814 -2 3 11
2815 -1 3 12
2816 -1 2 13
2817 0 1 13
2818 -1 1 12
2819 -1 2 12
2820 0 4 12
2821 1 4 12
2822 -1 3 11
2823 -1 3 11
2824 -2 2 11
2825 -2 2 11
2826 -2 2 10
2827 -2 2 10
2828 -3 1 10
2829 -3 1 9
2830 -2 1 8
2831 -1 1 7
2832 -2 -1 7
2833 -2 -1 7
2834 -2 -1 6
2835 -1 -1 6
2836 -2 -2 7
2837 -3 -3 7
2838 -2 -3 7
2839 -3 -3 8
2840 -4 -4 9
2841 -4 -4 7
2842 -3 -3 6
2843 -3 -3 6
2844 -4 -4 6
2845 -4 -4 5
2846 -3 -3 5
2847 -3 -3 6
2848 -3 -3 5
2849 -3 -2 7
2850 -2 -2 8
2851 -2 -2 9
2852 -2 -1 10
2853 -2 -1 10
2854 -1 -1 11
2855 -1 0 11
2856 -3 -1 11
2857 -3 -1 12
2858 -2 1 13
2859 -2 1 13
2860 -3 0 13
2861 -3 -1 13
2862 -3 -1 14
2863 -3 -1 14
2864 -4 -1 14
2865 -3 -1 13
2866 -3 0 13
2867 -3 0 12
2868 -2 0 11
2869 -2 -1 11
2870 -1 -1 10
2871 -1 -1 9
2872 -1 -1 8
2873 1 -1 7
2874 1 -2 7
2875 1 -2 6
2876 2 -2 6
2877 1 -2 7
2878 2 -2 7
2879 4 -2 7
2880 4 -2 9
2881 4 -2 10
2882 4 -2 10
2883 3 -2 10
2884 3 -3 11
2885 2 -3 11
2886 2 -2 11
2887 1 -3 11
2888 0 -3 10
2889 -1 -3 10
2890 -2 -3 10
2891 -3 -3 10
2892 -4 -3 10
2893 -4 -4 10
2894 -5 -4 10
2895 -6 -5 9
2896 -5 -4 9
2897 -3 -4 9
2898 -3 -3 9
2899 -3 -4 9
2900 -3 -4 9
2901 -2 -4 9
2902 -1 -3 8
2903 0 -2 8
2904 0 -2 7
2905 -1 -2 7
2906 -1 -2 7
2907 -1 -1 6
2908 1 0 6
2909 1 1 6
2910 -2 1 5
2911 -2 -1 5
2912 -1 -1 6
2913 -3 -1 7
2914 -5 -2 7
2915 -4 -2 7
2916 -2 1 10
2917 -4 -1 11
2918 -5 -2 11
2919 -5 -1 13
2920 -6 -3 15
2921 -6 -4 16
2922 -5 -5 15
2923 -5 -6 16
2924 -6 -7 15
2925 -5 -7 14
2926 -5 -7 14
2927 -5 -7 14
2928 -4 -6 14
2929 -3 -6 14
2930 -3 -5 14
2931 -3 -5 14
2932 -2 -4 13
2933 -2 -4 13
2934 -1 -4 12
2935 -1 -4 11
2936 -2 -5 9
2937 -2 -5 7
2938 -1 -5 4
2939 -1 -5 3
2940 -1 -5 2
2941 0 -5 -1
2942 0 -5 -3
2943 1 -4 -4
2944 1 -4 -5
2945 1 -4 -6
2946 1 -4 -7
2947 1 -4 -8
2948 1 -4 -9
2949 -1 -4 -10
2950 1 -4 -11
2951 1 -4 -11
2952 0 -3 -11
2953 1 -3 -11
2954 1 -2 -11
2955 1 -2 -11
2956 1 -1 -11
2957 2 -1 -11
2958 2 0 -11
2959 1 0 -11
2960 2 1 -11
2961 2 1 -11
2962 3 1 -11
2963 3 1 -11
2964 1 1 -11
2965 1 0 -11
2966 2 1 -10
2967 3 2 -10
2968 2 2 -11
2969 1 1 -11
2970 1 2 -11
2971 2 2 -11
2972 2 2 -11
2973 2 2 -11
2974 2 3 -11
2975 2 3 -11
2976 2 3 -11
2977 2 3 -11
2978 2 2 -11
2979 2 2 -11
2980 2 2 -11
2981 2 2 -11
2982 2 2 -11
2983 2 2 -11
2984 2 2 -11
2985 2 2 -11
2986 2 2 -11
2987 2 2 -11
2988 2 2 -11
2989 2 2 -11
2990 2 2 -11
2991 2 2 -11
2992 2 3 -11
2993 2 3 -11
2994 2 3 -11
2995 2 3 -11
2996 2 3 -11
2997 2 3 -11
2998 2 3 -11
2999 2 3 -11
3000 2 3 -11
3001 2 3 -11
3002 2 2 -11
3003 2 3 -11
3004 2 2 -11
3005 2 2 -11
3006 2 2 -11
3007 2 3 -11
3008 2 3 -10
3009 2 3 -10
3010 2 3 -10
3011 2 3 -10
3012 3 3 -11
3013 2 3 -10
3014 2 2 -10
3015 1 1 -10
3016 1 1 -10
3017 1 -1 -10
3018 1 -2 -9
3019 0 -2 -9
3020 -1 -4 -8
3021 -2 -5 -8
3022 1 -5 -7
3023 1 -5 -6
3024 -2 -7 -5
3025 -1 -8 -4
3026 3 -7 -4
3027 3 -7 -2
3028 -2 -9 2
3029 -2 -10 3
3030 1 -9 1
3031 -2 -8 5
3032 -6 -10 8
3033 -3 -9 7
3034 0 -7 8
3035 -4 -9 12
3036 -3 -9 13
3037 0 -7 12
3038 -2 -7 13
3039 -4 -8 14
3040 -3 -8 12
3041 -1 -7 11
3042 -3 -6 12
3043 -4 -5 13
3044 -3 -4 12
3045 -2 -3 12
3046 -3 -2 12
3047 -3 -2 12
3048 -2 -2 11
3049 -2 -2 10
3050 -3 -2 11
3051 -2 -2 11
3052 -1 -1 9
3053 -1 -2 8
3054 -2 -3 9
3055 -2 -3 10
3056 -1 -2 8
3057 -2 -3 8
3058 -3 -4 7
3059 -3 -4 7
3060 -3 -4 7
3061 -3 -4 7
3062 -2 -3 7
3063 -1 -3 5
3064 -2 -3 5
3065 -2 -3 5
3066 -1 -3 4
3067 -1 -3 4
3068 -2 -3 5
3069 -1 -3 5
3070 -1 -2 6
3071 -2 -2 8
3072 -3 -2 9
3073 -2 -2 10
3074 -2 -1 11
3075 -2 -1 11
3076 -2 -1 11
3077 -3 -1 12
3078 -4 -1 14
3079 -4 -1 14
3080 -4 -1 14
3081 -4 -2 14
3082 -4 -2 14
3083 -3 -1 14
3084 -3 -1 13
3085 -3 -1 13
3086 -2 0 13
3087 -1 0 12
3088 -2 -1 11
3089 -2 -1 11
3090 -1 -1 10
3091 -1 -1 8
3092 -1 -2 9
3093 -2 -3 8
3094 -1 -2 7
3095 -1 -3 7
3096 -2 -3 7
3097 -2 -3 6
3098 -2 -3 4
3099 -2 -4 3
3100 -2 -4 3
3101 -2 -4 3
3102 -2 -4 3
3103 -2 -4 4
3104 -2 -4 5
3105 -2 -3 5
3106 -2 -3 6
3107 -2 -2 7
3108 -3 -2 9
3109 -3 -2 10
3110 -3 -2 10
3111 -3 -1 11
3112 -3 -1 11
3113 -3 -1 12
3114 -3 -1 12
3115 -3 -1 13
3116 -3 1 12
3117 -3 1 12
3118 -3 -1 13
3119 -3 -1 13
3120 -3 0 14
3121 -3 -1 14
3122 -4 -1 14
3123 -3 -1 13
3124 -3 1 13
3125 -3 0 12
3126 -3 0 12
3127 -3 1 11
3128 -3 -1 11
3129 -3 -1 11
3130 -2 -1 10
3131 -2 -1 9
3132 -2 -2 9
3133 -2 -2 8
3134 -2 -2 7
3135 -2 -2 6
3136 -1 -3 6
3137 -2 -3 6
3138 -2 -3 6
3139 -2 -3 5
3140 -2 -3 5
3141 -3 -4 7
3142 -3 -5 8
3143 -3 -4 7
3144 -3 -4 8
3145 -3 -4 9
3146 -3 -4 10
3147 -3 -4 9
3148 -3 -4 10
3149 -3 -4 11
3150 -3 -4 10
3151 -3 -3 10
3152 -3 -4 10
3153 -3 -4 9
3154 -3 -3 8
3155 -2 -2 8
3156 -2 -2 8
3157 -2 -3 7
3158 -2 -3 8
3159 -3 -3 9
3160 -3 -3 8
3161 -4 -3 9
3162 -4 -3 11
3163 -4 -3 11
3164 -2 -3 11
3165 -2 -2 12
3166 -2 -3 12
3167 1 -2 10
3168 3 -3 10
3169 2 -4 11
3170 2 -4 10
3171 5 -3 9
3172 7 -2 11
3173 8 -1 11
3174 9 1 9
3175 10 3 6
3176 10 3 6
