0.8413070951 0.654494382 0.6849113731
0.8405849431 0.6539325843 0.6843234663
0.8405849431 0.6539325843 0.6843234663
0.8405849431 0.6539325843 0.6843234663
0.8292291221 0.6526685393 0.6816981575
0.8292291221 0.6526685393 0.6816981575
0.5753299954 0.7101123596 0.6783299345
0.5749886208 0.7096910112 0.6779274445
0.5749886208 0.7096910112 0.6779274445
0.5749886208 0.7096910112 0.6779274445
0.8398244652 0.6450842697 0.6764558603
0.8398244652 0.6450842697 0.6764558603
0.8398244652 0.6450842697 0.6764558603
0.8398244652 0.6450842697 0.6764558603
0.8398244652 0.6450842697 0.6764558603
0.8398244652 0.6450842697 0.6764558603
0.8398244652 0.6450842697 0.6764558603
0.8398244652 0.6450842697 0.6764558603
0.8398244652 0.6450842697 0.6764558603
0.8387273725 0.644241573 0.6755721818
0.8387273725 0.644241573 0.6755721818
0.8325158946 0.6436797753 0.6742680594
0.8276111312 0.643258427 0.6732521903
0.8276111312 0.643258427 0.6732521903
0.8276111312 0.643258427 0.6732521903
0.8276111312 0.643258427 0.6732521903
0.8276111312 0.643258427 0.6732521903
0.8276111312 0.643258427 0.6732521903
0.8276111312 0.643258427 0.6732521903
0.8276111312 0.643258427 0.6732521903
0.8276111312 0.643258427 0.6732521903
0.8276111312 0.643258427 0.6732521903
0.8276111312 0.643258427 0.6732521903
0.8265269245 0.6424157303 0.6723702005
0.8265269245 0.6424157303 0.6723702005
0.5692990442 0.7026685393 0.6712192766
0.5692990442 0.7026685393 0.6712192766
0.5692990442 0.7026685393 0.6712192766
0.5691852526 0.7025280899 0.6710851132
0.5691852526 0.7025280899 0.6710851132
0.5691852526 0.7025280899 0.6710851132
0.5691852526 0.7025280899 0.6710851132
0.5689576695 0.702247191 0.6708167865
0.5689576695 0.702247191 0.6708167865
0.5689576695 0.702247191 0.6708167865
0.5689576695 0.702247191 0.6708167865
0.5689576695 0.702247191 0.6708167865
0.5689576695 0.702247191 0.6708167865
0.5689576695 0.702247191 0.6708167865
0.5689576695 0.702247191 0.6708167865
0.5689576695 0.702247191 0.6708167865
0.568843878 0.7021067416 0.6706826232
0.568843878 0.7021067416 0.6706826232
0.568843878 0.7021067416 0.6706826232
0.568843878 0.7021067416 0.6706826232
0.568843878 0.7021067416 0.6706826232
0.568843878 0.7021067416 0.6706826232
0.568843878 0.7021067416 0.6706826232
0.568843878 0.7021067416 0.6706826232
0.568843878 0.7021067416 0.6706826232
0.568843878 0.7021067416 0.6706826232
0.568843878 0.7021067416 0.6706826232
0.568843878 0.7021067416 0.6706826232
0.5682749203 0.7014044944 0.6700118064
0.5682749203 0.7014044944 0.6700118064
0.5682749203 0.7014044944 0.6700118064
0.5682749203 0.7014044944 0.6700118064
0.8397779833 0.6375 0.6697653829
0.5679335457 0.7009831461 0.6696093163
0.5679335457 0.7009831461 0.6696093163
0.5679335457 0.7009831461 0.6696093163
0.5679335457 0.7009831461 0.6696093163
0.5679335457 0.7009831461 0.6696093163
0.5679335457 0.7009831461 0.6696093163
0.5679335457 0.7009831461 0.6696093163
0.5679335457 0.7009831461 0.6696093163
0.5679335457 0.7009831461 0.6696093163
0.5679335457 0.7009831461 0.6696093163
0.5679335457 0.7009831461 0.6696093163
0.5679335457 0.7009831461 0.6696093163
0.825613079 0.6383426966 0.6686773577
0.5924319113 0.6904494382 0.6683343303
0.5924319113 0.6904494382 0.6683343303
0.5924319113 0.6904494382 0.6683343303
0.5924319113 0.6904494382 0.6683343303
0.5924319113 0.6904494382 0.6683343303
0.5924319113 0.6904494382 0.6683343303
0.5923114003 0.6903089888 0.6681983795
0.5923114003 0.6903089888 0.6681983795
0.5923114003 0.6903089888 0.6681983795
0.5923114003 0.6903089888 0.6681983795
0.5923114003 0.6903089888 0.6681983795
0.5923114003 0.6903089888 0.6681983795
0.5923114003 0.6903089888 0.6681983795
0.5923114003 0.6903089888 0.6681983795
0.5923114003 0.6903089888 0.6681983795
0.5923114003 0.6903089888 0.6681983795
0.8243415077 0.6373595506 0.6676474915
0.5913473126 0.6891853933 0.6671107727
0.5913473126 0.6891853933 0.6671107727
0.5913473126 0.6891853933 0.6671107727
0.5913473126 0.6891853933 0.6671107727
0.5913473126 0.6891853933 0.6671107727
0.5913473126 0.6891853933 0.6671107727
0.5913473126 0.6891853933 0.6671107727
0.5913473126 0.6891853933 0.6671107727
0.8358291736 0.6349719101 0.6670305999
0.8191009207 0.6372191011 0.6668332402
0.8191009207 0.6372191011 0.6668332402
0.8191009207 0.6372191011 0.6668332402
0.8191009207 0.6372191011 0.6668332402
0.8320456218 0.635252809 0.6667944333
0.8232515895 0.6365168539 0.6667647492
0.8274223035 0.6356741573 0.6665684831
0.8310661765 0.6349719101 0.6664209906
0.8310661765 0.6349719101 0.6664209906
0.8310661765 0.6349719101 0.6664209906
0.8310661765 0.6349719101 0.6664209906
0.8310661765 0.6349719101 0.6664209906
0.8310661765 0.6349719101 0.6664209906
0.8310661765 0.6349719101 0.6664209906
0.8310661765 0.6349719101 0.6664209906
0.8310661765 0.6349719101 0.6664209906
0.8310661765 0.6349719101 0.6664209906
0.8310661765 0.6349719101 0.6664209906
0.8310661765 0.6349719101 0.6664209906
0.8313097866 0.6346910112 0.6662047411
0.8313097866 0.6346910112 0.6662047411
0.8313097866 0.6346910112 0.6662047411
0.8295684114 0.6344101124 0.6657332351
0.8299632353 0.6341292135 0.6655365566
0.8299632353 0.6341292135 0.6655365566
0.839738806 0.6321629213 0.6650413712
0.839738806 0.6321629213 0.6650413712
0.839738806 0.6321629213 0.6650413712
0.839738806 0.6321629213 0.6650413712
0.5604879702 0.6969101124 0.664559505
0.8278206542 0.6327247191 0.6640233477
0.8235294118 0.6331460674 0.663839312
0.5596972778 0.6959269663 0.6636219966
0.5593584096 0.695505618 0.6632202073
0.5593584096 0.695505618 0.6632202073
0.5593584096 0.695505618 0.6632202073
0.5690812312 0.6907303371 0.6624104305
0.5690812312 0.6907303371 0.6624104305
0.8172413793 0.6324438202 0.6624007061
0.8432554635 0.6286516854 0.6623653368
0.8395501406 0.6290730337 0.6622800532
0.827281106 0.6303370787 0.6618492848
0.827281106 0.6303370787 0.6618492848
0.827281106 0.6303370787 0.6618492848
0.827281106 0.6303370787 0.6618492848
0.8425018839 0.6280898876 0.6617734107
0.8425018839 0.6280898876 0.6617734107
0.8425018839 0.6280898876 0.6617734107
0.8333953835 0.6287921348 0.6612607822
0.8240808824 0.6296348315 0.6608195755
0.8240808824 0.6296348315 0.6608195755
0.8240808824 0.6296348315 0.6608195755
0.8240808824 0.6296348315 0.6608195755
0.8240808824 0.6296348315 0.6608195755
0.8240808824 0.6296348315 0.6608195755
0.8240808824 0.6296348315 0.6608195755
0.8240808824 0.6296348315 0.6608195755
0.8240808824 0.6296348315 0.6608195755
0.8240808824 0.6296348315 0.6608195755
0.8240808824 0.6296348315 0.6608195755
0.8240808824 0.6296348315 0.6608195755
0.8326507818 0.6282303371 0.6606699752
0.8326507818 0.6282303371 0.6606699752
0.8326507818 0.6282303371 0.6606699752
0.5820877675 0.6837078652 0.6606410987
0.5820877675 0.6837078652 0.6606410987
0.8352963171 0.6275280899 0.6603801472
0.8406179352 0.6266853933 0.6602935954
0.8406179352 0.6266853933 0.6602935954
0.8229779412 0.6287921348 0.6599351415
0.8229779412 0.6287921348 0.6599351415
0.734648068 0.6435393258 0.6599072501
0.734648068 0.6435393258 0.6599072501
0.8227941176 0.6286516854 0.6597877358
0.8227941176 0.6286516854 0.6597877358
0.8227941176 0.6286516854 0.6597877358
0.8227941176 0.6286516854 0.6597877358
0.8227941176 0.6286516854 0.6597877358
0.8227941176 0.6286516854 0.6597877358
0.8227941176 0.6286516854 0.6597877358
0.8227941176 0.6286516854 0.6597877358
0.8227941176 0.6286516854 0.6597877358
0.8227941176 0.6286516854 0.6597877358
0.8227941176 0.6286516854 0.6597877358
0.8227941176 0.6286516854 0.6597877358
0.8309151786 0.6273876404 0.6597058129
0.8398643557 0.6261235955 0.6597016692
0.8398643557 0.6261235955 0.6597016692
0.8403773585 0.6255617978 0.6592658378
0.827037037 0.627247191 0.6590909091
0.8095324066 0.6297752809 0.6590434757
0.8095324066 0.6297752809 0.6590434757
0.8216911765 0.6278089888 0.6589033019
0.8216911765 0.6278089888 0.6589033019
0.8216911765 0.6278089888 0.6589033019
0.8216911765 0.6278089888 0.6589033019
0.8216911765 0.6278089888 0.6589033019
0.8216911765 0.6278089888 0.6589033019
0.8216911765 0.6278089888 0.6589033019
0.8216911765 0.6278089888 0.6589033019
0.8216911765 0.6278089888 0.6589033019
0.8216911765 0.6278089888 0.6589033019
0.8216911765 0.6278089888 0.6589033019
0.8216911765 0.6278089888 0.6589033019
0.8216911765 0.6278089888 0.6589033019
0.8216911765 0.6278089888 0.6589033019
0.8270300334 0.6265449438 0.6584696227
0.8088102546 0.6292134831 0.6584555689
0.8088102546 0.6292134831 0.6584555689
0.8088102546 0.6292134831 0.6584555689
0.8088102546 0.6292134831 0.6584555689
0.8173340647 0.6278089888 0.6583404519
0.8173340647 0.6278089888 0.6583404519
0.8173340647 0.6278089888 0.6583404519
0.8173340647 0.6278089888 0.6583404519
0.8173340647 0.6278089888 0.6583404519
0.8173340647 0.6278089888 0.6583404519
0.8173340647 0.6278089888 0.6583404519
0.8173340647 0.6278089888 0.6583404519
0.8173340647 0.6278089888 0.6583404519
0.8173340647 0.6278089888 0.6583404519
0.8173340647 0.6278089888 0.6583404519
0.8173340647 0.6278089888 0.6583404519
0.8173340647 0.6278089888 0.6583404519
0.8173340647 0.6278089888 0.6583404519
0.8173340647 0.6278089888 0.6583404519
0.8173340647 0.6278089888 0.6583404519
0.8173340647 0.6278089888 0.6583404519
0.8173340647 0.6278089888 0.6583404519
0.8173340647 0.6278089888 0.6583404519
0.8173340647 0.6278089888 0.6583404519
0.8173340647 0.6278089888 0.6583404519
0.8173340647 0.6278089888 0.6583404519
0.830413716 0.6258426966 0.6582757194
0.830413716 0.6258426966 0.6582757194
0.830413716 0.6258426966 0.6582757194
0.830413716 0.6258426966 0.6582757194
0.830413716 0.6258426966 0.6582757194
0.830413716 0.6258426966 0.6582757194
0.830413716 0.6258426966 0.6582757194
0.830413716 0.6258426966 0.6582757194
0.830413716 0.6258426966 0.6582757194
0.8184649203 0.6275280899 0.6582397831
0.8205882353 0.6269662921 0.6580188679
0.8205882353 0.6269662921 0.6580188679
0.8280669145 0.6257022472 0.6578558771
0.8280669145 0.6257022472 0.6578558771
0.8280669145 0.6257022472 0.6578558771
0.8280669145 0.6257022472 0.6578558771
0.8280669145 0.6257022472 0.6578558771
0.8280669145 0.6257022472 0.6578558771
0.8280669145 0.6257022472 0.6578558771
0.8280669145 0.6257022472 0.6578558771
0.8280669145 0.6257022472 0.6578558771
0.8280669145 0.6257022472 0.6578558771
0.8280669145 0.6257022472 0.6578558771
0.8280669145 0.6257022472 0.6578558771
0.5578060992 0.6884831461 0.6576687775
0.5578060992 0.6884831461 0.6576687775
0.5578060992 0.6884831461 0.6576687775
0.8669022379 0.6202247191 0.6576517543
0.8669022379 0.6202247191 0.6576517543
0.8077270265 0.6283707865 0.6575737088
0.8077270265 0.6283707865 0.6575737088
0.8096704093 0.6279494382 0.6574613258
0.816236972 0.6269662921 0.6574567734
0.816236972 0.6269662921 0.6574567734
0.816236972 0.6269662921 0.6574567734
0.816236972 0.6269662921 0.6574567734
0.8292955647 0.625 0.6573893518
0.8292955647 0.625 0.6573893518
0.7684586594 0.6344101124 0.6573432679
0.822866642 0.6257022472 0.6571959639
0.6069613821 0.6710674157 0.6571852993
0.6069613821 0.6710674157 0.6571852993
0.6069613821 0.6710674157 0.6571852993
0.6068343496 0.6709269663 0.6570477553
0.6068343496 0.6709269663 0.6570477553
0.6068343496 0.6709269663 0.6570477553
0.8269516729 0.6248595506 0.656969876
0.8269516729 0.6248595506 0.656969876
0.7677781558 0.6338483146 0.6567611619
0.8178145087 0.6254213483 0.6563006632
0.8277726002 0.6237359551 0.6560791845
0.6058180894 0.6698033708 0.6559474032
0.6058180894 0.6698033708 0.6559474032
0.6058180894 0.6698033708 0.6559474032
0.6058180894 0.6698033708 0.6559474032
0.6016116847 0.6710674157 0.6559222448
0.6016116847 0.6710674157 0.6559222448
0.6016116847 0.6710674157 0.6559222448
0.6014857718 0.6709269663 0.6557849651
0.6014857718 0.6709269663 0.6557849651
0.6014857718 0.6709269663 0.6557849651
0.6014857718 0.6709269663 0.6557849651
0.6014857718 0.6709269663 0.6557849651
0.6014857718 0.6709269663 0.6557849651
0.6014857718 0.6709269663 0.6557849651
0.5529199142 0.6875 0.6555862106
0.7341731266 0.6384831461 0.6555722197
0.7341731266 0.6384831461 0.6555722197
0.8253673052 0.6233146067 0.6554036093
0.8253673052 0.6233146067 0.6554036093
0.8253673052 0.6233146067 0.6554036093
0.8253673052 0.6233146067 0.6554036093
0.8253673052 0.6233146067 0.6554036093
0.8253673052 0.6233146067 0.6554036093
0.8253673052 0.6233146067 0.6554036093
0.8253673052 0.6233146067 0.6554036093
0.8253673052 0.6233146067 0.6554036093
0.8253673052 0.6233146067 0.6554036093
0.8253673052 0.6233146067 0.6554036093
0.8253673052 0.6233146067 0.6554036093
0.5629483916 0.6832865169 0.6552718065
0.5629483916 0.6832865169 0.6552718065
0.5629483916 0.6832865169 0.6552718065
0.5629483916 0.6832865169 0.6552718065
0.5629483916 0.6832865169 0.6552718065
0.5629483916 0.6832865169 0.6552718065
0.5628326776 0.6831460674 0.6551371155
0.5628326776 0.6831460674 0.6551371155
0.5628326776 0.6831460674 0.6551371155
0.5628326776 0.6831460674 0.6551371155
0.5628326776 0.6831460674 0.6551371155
0.5628326776 0.6831460674 0.6551371155
0.5628326776 0.6831460674 0.6551371155
0.5628326776 0.6831460674 0.6551371155
0.5806218366 0.6766853933 0.655011148
0.5806218366 0.6766853933 0.655011148
0.6004784689 0.6698033708 0.6546867278
0.6004784689 0.6698033708 0.6546867278
0.6004784689 0.6698033708 0.6546867278
0.6004784689 0.6698033708 0.6546867278
0.5963554668 0.6710674157 0.654664036
0.5963554668 0.6710674157 0.654664036
0.5963554668 0.6710674157 0.654664036
0.7338292367 0.6373595506 0.6545695823
0.7338292367 0.6373595506 0.6545695823
0.7338292367 0.6373595506 0.6545695823
0.7338292367 0.6373595506 0.6545695823
0.596230654 0.6709269663 0.6545270196
0.596230654 0.6709269663 0.6545270196
0.596230654 0.6709269663 0.6545270196
0.596230654 0.6709269663 0.6545270196
0.596230654 0.6709269663 0.6545270196
0.8184501845 0.6230337079 0.6542772861
0.8184501845 0.6230337079 0.6542772861
0.574455422 0.6778089888 0.6542664244
0.8238467262 0.6220505618 0.6540938091
0.561906966 0.6820224719 0.6540595873
0.561906966 0.6820224719 0.6540595873
0.561906966 0.6820224719 0.6540595873
0.561906966 0.6820224719 0.6540595873
0.561906966 0.6820224719 0.6540595873
0.561906966 0.6820224719 0.6540595873
0.561906966 0.6820224719 0.6540595873
0.561906966 0.6820224719 0.6540595873
0.5483690169 0.6870786517 0.6539932087
0.8417334861 0.619241573 0.6538050893
0.8417334861 0.619241573 0.6538050893
0.8417334861 0.619241573 0.6538050893
0.8417334861 0.619241573 0.6538050893
0.8417334861 0.619241573 0.6538050893
0.8417334861 0.619241573 0.6538050893
0.8417334861 0.619241573 0.6538050893
0.8417334861 0.619241573 0.6538050893
0.8417334861 0.619241573 0.6538050893
0.8417334861 0.619241573 0.6538050893
0.8417334861 0.619241573 0.6538050893
0.7493355482 0.6335674157 0.6537681159
0.7493355482 0.6335674157 0.6537681159
0.8129351411 0.6231741573 0.6536920266
0.8145087236 0.6228932584 0.6536477524
0.8145087236 0.6228932584 0.6536477524
0.8145087236 0.6228932584 0.6536477524
0.8145087236 0.6228932584 0.6536477524
0.8145087236 0.6228932584 0.6536477524
0.8145087236 0.6228932584 0.6536477524
0.8145087236 0.6228932584 0.6536477524
0.8145087236 0.6228932584 0.6536477524
0.8145087236 0.6228932584 0.6536477524
0.8145087236 0.6228932584 0.6536477524
0.8145087236 0.6228932584 0.6536477524
0.8145087236 0.6228932584 0.6536477524
0.5952321518 0.6698033708 0.653430889
0.5952321518 0.6698033708 0.653430889
0.5952321518 0.6698033708 0.653430889
0.5952321518 0.6698033708 0.653430889
0.8411607484 0.6188202247 0.653360223
0.8301993231 0.6200842697 0.6531451565
0.8225446429 0.6210674157 0.6530600189
0.8278965129 0.6202247191 0.6529839711
0.8278965129 0.6202247191 0.6529839711
0.8278965129 0.6202247191 0.6529839711
0.5698086464 0.6775280899 0.6528446923
0.8134067952 0.6220505618 0.6527634488
0.8134067952 0.6220505618 0.6527634488
0.7425514403 0.6335674157 0.6527275358
0.7425514403 0.6335674157 0.6527275358
0.8317615994 0.6193820225 0.6527144633
0.8317615994 0.6193820225 0.6527144633
0.8317615994 0.6193820225 0.6527144633
0.8317615994 0.6193820225 0.6527144633
0.8317615994 0.6193820225 0.6527144633
0.8317615994 0.6193820225 0.6527144633
0.8317615994 0.6193820225 0.6527144633
0.8317615994 0.6193820225 0.6527144633
0.8317615994 0.6193820225 0.6527144633
0.8346277704 0.6188202247 0.6525667229
0.8194289952 0.6207865169 0.6524177836
0.8194289952 0.6207865169 0.6524177836
0.8269915651 0.6196629213 0.6523732072
0.830569167 0.6189606742 0.6521932161
0.6101497934 0.6636235955 0.652191917
0.6101497934 0.6636235955 0.652191917
0.6101497934 0.6636235955 0.652191917
0.8214285714 0.6202247191 0.652173913
0.8078045222 0.6221910112 0.6521611118
0.8078045222 0.6221910112 0.6521611118
0.5723292886 0.6757022472 0.652144445
0.7953813104 0.6240168539 0.6521164798
0.5689818096 0.6765449438 0.6518973637
0.830629951 0.6185393258 0.6518264164
0.830629951 0.6185393258 0.6518264164
0.8285069575 0.6188202247 0.6518137168
0.8285069575 0.6188202247 0.6518137168
0.8390607102 0.6172752809 0.6517290468
0.8390607102 0.6172752809 0.6517290468
0.8390607102 0.6172752809 0.6517290468
0.8390607102 0.6172752809 0.6517290468
0.8390607102 0.6172752809 0.6517290468
0.8390607102 0.6172752809 0.6517290468
0.8390607102 0.6172752809 0.6517290468
0.8390607102 0.6172752809 0.6517290468
0.8390607102 0.6172752809 0.6517290468
0.8390607102 0.6172752809 0.6517290468
0.8390607102 0.6172752809 0.6517290468
0.8390607102 0.6172752809 0.6517290468
0.8390607102 0.6172752809 0.6517290468
0.7361292428 0.6335674157 0.6517279242
0.7361292428 0.6335674157 0.6517279242
0.8170212766 0.6202247191 0.6516157592
0.8170212766 0.6202247191 0.6516157592
0.732122588 0.6341292135 0.6515715646
0.732122588 0.6341292135 0.6515715646
0.732122588 0.6341292135 0.6515715646
0.732122588 0.6341292135 0.6515715646
0.7812664445 0.6255617978 0.6515315526
0.7946652345 0.6234550562 0.6515293841
0.7358028721 0.6332865169 0.6514389736
0.7358028721 0.6332865169 0.6514389736
0.7358028721 0.6332865169 0.6514389736
0.7358028721 0.6332865169 0.6514389736
0.7358028721 0.6332865169 0.6514389736
0.7358028721 0.6332865169 0.6514389736
0.8384879725 0.6168539326 0.6512841806
0.6052766393 0.6637640449 0.6511794533
0.6052766393 0.6637640449 0.6511794533
0.6052766393 0.6637640449 0.6511794533
0.8382970599 0.6167134831 0.6511358918
0.8382970599 0.6167134831 0.6511358918
0.8382970599 0.6167134831 0.6511358918
0.8382970599 0.6167134831 0.6511358918
0.8382970599 0.6167134831 0.6511358918
0.8382970599 0.6167134831 0.6511358918
0.8382970599 0.6167134831 0.6511358918
0.8382970599 0.6167134831 0.6511358918
0.8382970599 0.6167134831 0.6511358918
0.8382970599 0.6167134831 0.6511358918
0.8382970599 0.6167134831 0.6511358918
0.8382970599 0.6167134831 0.6511358918
0.8382970599 0.6167134831 0.6511358918
0.8278781038 0.6181179775 0.6511125577
0.6051485656 0.6636235955 0.6510416667
0.6051485656 0.6636235955 0.6510416667
0.8377243223 0.6162921348 0.6506910256
0.8259481787 0.6178370787 0.6506241496
0.8076430792 0.6203651685 0.6505346255
0.8076430792 0.6203651685 0.6505346255
0.8076430792 0.6203651685 0.6505346255
0.8076430792 0.6203651685 0.6505346255
0.8076430792 0.6203651685 0.6505346255
0.8076430792 0.6203651685 0.6505346255
0.8076430792 0.6203651685 0.6505346255
0.8076430792 0.6203651685 0.6505346255
0.8076430792 0.6203651685 0.6505346255
0.8076430792 0.6203651685 0.6505346255
0.8076430792 0.6203651685 0.6505346255
0.8761578735 0.6110955056 0.650451474
0.8761578735 0.6110955056 0.650451474
0.8168335187 0.6188202247 0.6503513019
0.8761079774 0.6108146067 0.6501913647
0.8761079774 0.6108146067 0.6501913647
0.8761079774 0.6108146067 0.6501913647
0.8761079774 0.6108146067 0.6501913647
0.875906527 0.6106741573 0.650041861
0.875906527 0.6106741573 0.650041861
0.875906527 0.6106741573 0.650041861
0.875906527 0.6106741573 0.650041861
0.875906527 0.6106741573 0.650041861
0.875906527 0.6106741573 0.650041861
0.875906527 0.6106741573 0.650041861
0.875906527 0.6106741573 0.650041861
0.875906527 0.6106741573 0.650041861
0.875906527 0.6106741573 0.650041861
0.875906527 0.6106741573 0.650041861
0.875906527 0.6106741573 0.650041861
0.875906527 0.6106741573 0.650041861
0.875906527 0.6106741573 0.650041861
0.875906527 0.6106741573 0.650041861
0.875906527 0.6106741573 0.650041861
0.875906527 0.6106741573 0.650041861
0.875906527 0.6106741573 0.650041861
0.875906527 0.6106741573 0.650041861
0.875906527 0.6106741573 0.650041861
0.875906527 0.6106741573 0.650041861
0.875906527 0.6106741573 0.650041861
0.875906527 0.6106741573 0.650041861
0.875906527 0.6106741573 0.650041861
0.806911684 0.6198033708 0.6499455065
0.806911684 0.6198033708 0.6499455065
0.806911684 0.6198033708 0.6499455065
0.806911684 0.6198033708 0.6499455065
0.806911684 0.6198033708 0.6499455065
0.806911684 0.6198033708 0.6499455065
0.806911684 0.6198033708 0.6499455065
0.806911684 0.6198033708 0.6499455065
0.806911684 0.6198033708 0.6499455065
0.806911684 0.6198033708 0.6499455065
0.806911684 0.6198033708 0.6499455065
0.806911684 0.6198033708 0.6499455065
0.806911684 0.6198033708 0.6499455065
0.806911684 0.6198033708 0.6499455065
0.806911684 0.6198033708 0.6499455065
0.806911684 0.6198033708 0.6499455065
0.806911684 0.6198033708 0.6499455065
0.806911684 0.6198033708 0.6499455065
0.806911684 0.6198033708 0.6499455065
0.806911684 0.6198033708 0.6499455065
0.806911684 0.6198033708 0.6499455065
0.806911684 0.6198033708 0.6499455065
0.6041239754 0.6625 0.6499393739
0.6041239754 0.6625 0.6499393739
0.6041239754 0.6625 0.6499393739
0.6041239754 0.6625 0.6499393739
0.875151027 0.6103932584 0.6497040005
0.8157211717 0.6179775281 0.6494656669
0.8157211717 0.6179775281 0.6494656669
0.8157211717 0.6179775281 0.6494656669
0.8157211717 0.6179775281 0.6494656669
0.8157211717 0.6179775281 0.6494656669
0.8157211717 0.6179775281 0.6494656669
0.8157211717 0.6179775281 0.6494656669
0.8157211717 0.6179775281 0.6494656669
0.8157211717 0.6179775281 0.6494656669
0.8157211717 0.6179775281 0.6494656669
0.8743455497 0.6098314607 0.6491060216
0.8058145913 0.6189606742 0.649061828
0.8058145913 0.6189606742 0.649061828
0.8058145913 0.6189606742 0.649061828
0.8058145913 0.6189606742 0.649061828
0.8058145913 0.6189606742 0.649061828
0.8058145913 0.6189606742 0.649061828
0.8058145913 0.6189606742 0.649061828
0.8058145913 0.6189606742 0.649061828
0.8058145913 0.6189606742 0.649061828
0.8058145913 0.6189606742 0.649061828
0.8058145913 0.6189606742 0.649061828
0.8058145913 0.6189606742 0.649061828
0.8058145913 0.6189606742 0.649061828
0.8058145913 0.6189606742 0.649061828
0.8058145913 0.6189606742 0.649061828
0.8151649981 0.6175561798 0.6490228494
0.766184573 0.625 0.6489150723
0.766184573 0.625 0.6489150723
0.766184573 0.625 0.6489150723
0.766184573 0.625 0.6489150723
0.818334265 0.6168539326 0.6488019618
0.818334265 0.6168539326 0.6488019618
0.818334265 0.6168539326 0.6488019618
0.818334265 0.6168539326 0.6488019618
0.8232313755 0.6161516854 0.6487917418
0.8232313755 0.6161516854 0.6487917418
0.8232313755 0.6161516854 0.6487917418
0.8232313755 0.6161516854 0.6487917418
0.8232313755 0.6161516854 0.6487917418
0.8232313755 0.6161516854 0.6487917418
0.8232313755 0.6161516854 0.6487917418
0.8232313755 0.6161516854 0.6487917418
0.8232313755 0.6161516854 0.6487917418
0.8232313755 0.6161516854 0.6487917418
0.8232313755 0.6161516854 0.6487917418
0.8232313755 0.6161516854 0.6487917418
0.8232313755 0.6161516854 0.6487917418
0.8068535826 0.6183988764 0.6487020067
0.8068535826 0.6183988764 0.6487020067
0.8068535826 0.6183988764 0.6487020067
0.8068535826 0.6183988764 0.6487020067
0.8068535826 0.6183988764 0.6487020067
0.8068535826 0.6183988764 0.6487020067
0.8068535826 0.6183988764 0.6487020067
0.8068535826 0.6183988764 0.6487020067
0.8068535826 0.6183988764 0.6487020067
0.8068535826 0.6183988764 0.6487020067
0.8068535826 0.6183988764 0.6487020067
0.8068535826 0.6183988764 0.6487020067
0.5501820665 0.6790730337 0.6486798326
0.5501820665 0.6790730337 0.6486798326
0.5501820665 0.6790730337 0.6486798326
0.8251458686 0.6157303371 0.6486550469
0.8251458686 0.6157303371 0.6486550469
0.8251458686 0.6157303371 0.6486550469
0.8150278293 0.616994382 0.648509005
0.546933243 0.6800561798 0.6484879329
0.5468202869 0.6799157303 0.6483540032
0.8226684181 0.6157303371 0.648348073
0.757910854 0.6257022472 0.648320624
0.757910854 0.6257022472 0.648320624
0.8294485503 0.614747191 0.6483099802
0.8047174986 0.6181179775 0.6481781496
0.8047174986 0.6181179775 0.6481781496
0.5907331085 0.6643258427 0.6481760627
0.5907331085 0.6643258427 0.6481760627
0.8057540773 0.6175561798 0.6478180157
0.8057540773 0.6175561798 0.6478180157
0.5532330309 0.6765449438 0.6476725737
0.5532330309 0.6765449438 0.6476725737
0.8230537796 0.614747191 0.6475235221
0.8150557621 0.6158707865 0.6475191967
0.8150557621 0.6158707865 0.6475191967
0.8150557621 0.6158707865 0.6475191967
0.8150557621 0.6158707865 0.6475191967
0.8150557621 0.6158707865 0.6475191967
0.8150557621 0.6158707865 0.6475191967
0.8150557621 0.6158707865 0.6475191967
0.8150557621 0.6158707865 0.6475191967
0.8150557621 0.6158707865 0.6475191967
0.8150557621 0.6158707865 0.6475191967
0.8150557621 0.6158707865 0.6475191967
0.8150557621 0.6158707865 0.6475191967
0.6144134666 0.6561797753 0.6473783394
0.8207724034 0.6148876404 0.6473649967
0.8207724034 0.6148876404 0.6473649967
0.8207724034 0.6148876404 0.6473649967
0.7316236524 0.6290730337 0.6472169239
0.7316236524 0.6290730337 0.6472169239
0.7316236524 0.6290730337 0.6472169239
0.7316236524 0.6290730337 0.6472169239
0.5680276158 0.6702247191 0.6469455817
0.5680276158 0.6702247191 0.6469455817
0.5680276158 0.6702247191 0.6469455817
0.5680276158 0.6702247191 0.6469455817
0.5680276158 0.6702247191 0.6469455817
0.5680276158 0.6702247191 0.6469455817
0.5680276158 0.6702247191 0.6469455817
0.5856134703 0.6643258427 0.6469349235
0.8141609366 0.6153089888 0.6469094238
0.8167910448 0.6148876404 0.6468676123
0.8167910448 0.6148876404 0.6468676123
0.8167910448 0.6148876404 0.6468676123
0.8167910448 0.6148876404 0.6468676123
0.8167910448 0.6148876404 0.6468676123
0.8167910448 0.6148876404 0.6468676123
0.8167910448 0.6148876404 0.6468676123
0.8167910448 0.6148876404 0.6468676123
0.8301312536 0.6129213483 0.6467676438
0.8301312536 0.6129213483 0.6467676438
0.8301312536 0.6129213483 0.6467676438
0.8301312536 0.6129213483 0.6467676438
0.5444607235 0.678511236 0.646668273
0.8139405204 0.6150280899 0.6466331955
0.8139405204 0.6150280899 0.6466331955
0.8234074632 0.6136235955 0.646569585
0.6136244082 0.6553370787 0.646546946
0.6136244082 0.6553370787 0.646546946
0.83640553 0.6117977528 0.6465210164
0.83640553 0.6117977528 0.6465210164
0.6095461659 0.6564606742 0.6465087972
0.6095461659 0.6564606742 0.6465087972
0.6095461659 0.6564606742 0.6465087972
0.8217374953 0.6137640449 0.6464879579
0.8521790342 0.6096910112 0.6464823971
0.6094157538 0.6563202247 0.6463704769
0.6094157538 0.6563202247 0.6463704769
0.8194600675 0.6139044944 0.6463299225
0.8194600675 0.6139044944 0.6463299225
0.8194600675 0.6139044944 0.6463299225
0.6092853417 0.6561797753 0.6462321567
0.6092853417 0.6561797753 0.6462321567
0.6092853417 0.6561797753 0.6462321567
0.6092853417 0.6561797753 0.6462321567
0.7312724894 0.6279494382 0.6462103255
0.7312724894 0.6279494382 0.6462103255
0.7312724894 0.6279494382 0.6462103255
0.7312724894 0.6279494382 0.6462103255
0.7312724894 0.6279494382 0.6462103255
0.7312724894 0.6279494382 0.6462103255
0.7312724894 0.6279494382 0.6462103255
0.7312724894 0.6279494382 0.6462103255
0.8213614141 0.6134831461 0.6461920824
0.8316151203 0.6117977528 0.6459457856
0.5725476018 0.6672752809 0.6459024417
0.5725476018 0.6672752809 0.6459024417
0.8119896065 0.6144662921 0.6458899256
0.8119896065 0.6144662921 0.6458899256
0.8409442724 0.6103932584 0.6458036139
0.7817601136 0.6188202247 0.6457380701
0.816635514 0.6136235955 0.6457286432
0.816635514 0.6136235955 0.6457286432
0.816635514 0.6136235955 0.6457286432
0.816635514 0.6136235955 0.6457286432
0.816635514 0.6136235955 0.6457286432
0.816635514 0.6136235955 0.6457286432
0.816635514 0.6136235955 0.6457286432
0.816635514 0.6136235955 0.6457286432
0.816635514 0.6136235955 0.6457286432
0.816635514 0.6136235955 0.6457286432
0.816635514 0.6136235955 0.6457286432
0.816635514 0.6136235955 0.6457286432
0.816635514 0.6136235955 0.6457286432
0.816635514 0.6136235955 0.6457286432
0.5669563147 0.6689606742 0.6457254413
0.5669563147 0.6689606742 0.6457254413
0.5669563147 0.6689606742 0.6457254413
0.5669563147 0.6689606742 0.6457254413
0.8206092516 0.6129213483 0.6456003314
0.5634301914 0.6699438202 0.6455367293
0.5634301914 0.6699438202 0.6455367293
0.5634301914 0.6699438202 0.6455367293
0.5634301914 0.6699438202 0.6455367293
0.5634301914 0.6699438202 0.6455367293
0.5634301914 0.6699438202 0.6455367293
0.5634301914 0.6699438202 0.6455367293
0.822088202 0.6126404494 0.645533653
0.820421211 0.6127808989 0.6454523936
0.5463004993 0.6761235955 0.6454467446
0.8183352081 0.6130617978 0.645442716
0.8183352081 0.6130617978 0.645442716
0.8183352081 0.6130617978 0.645442716
0.7468907563 0.6241573034 0.6453674121
0.7468907563 0.6241573034 0.6453674121
0.7468907563 0.6241573034 0.6453674121
0.7468907563 0.6241573034 0.6453674121
0.8306605575 0.6110955056 0.6452043419
0.5381275743 0.6789325843 0.645169901
0.8200451297 0.6125 0.6451565181
0.8200451297 0.6125 0.6451565181
0.8101242351 0.6136235955 0.6449089245
0.8101242351 0.6136235955 0.6449089245
0.8101242351 0.6136235955 0.6449089245
0.8101242351 0.6136235955 0.6449089245
0.8101242351 0.6136235955 0.6449089245
0.8101242351 0.6136235955 0.6449089245
0.8101242351 0.6136235955 0.6449089245
0.8101242351 0.6136235955 0.6449089245
0.8101242351 0.6136235955 0.6449089245
0.8101242351 0.6136235955 0.6449089245
0.8101242351 0.6136235955 0.6449089245
0.8101242351 0.6136235955 0.6449089245
0.7805180979 0.6178370787 0.6447121585
0.8209574067 0.6117977528 0.6446457112
0.5626033546 0.6689606742 0.6445894007
0.5626033546 0.6689606742 0.6445894007
0.5626033546 0.6689606742 0.6445894007
0.5626033546 0.6689606742 0.6445894007
0.5626033546 0.6689606742 0.6445894007
0.5626033546 0.6689606742 0.6445894007
0.5626033546 0.6689606742 0.6445894007
0.5990523755 0.6570224719 0.6445479346
0.8271205782 0.6108146067 0.6445254609
0.8177894539 0.6120786517 0.644502943
0.8177894539 0.6120786517 0.644502943
0.8177894539 0.6120786517 0.644502943
0.8177894539 0.6120786517 0.644502943
0.8177894539 0.6120786517 0.644502943
0.8177894539 0.6120786517 0.644502943
0.8177894539 0.6120786517 0.644502943
0.8177894539 0.6120786517 0.644502943
0.8177894539 0.6120786517 0.644502943
0.8177894539 0.6120786517 0.644502943
0.8177894539 0.6120786517 0.644502943
0.8177894539 0.6120786517 0.644502943
0.8177894539 0.6120786517 0.644502943
0.8177894539 0.6120786517 0.644502943
0.5707234862 0.6658707865 0.6443852448
0.5707234862 0.6658707865 0.6443852448
0.8248009101 0.6109550562 0.6443680749
0.8248009101 0.6109550562 0.6443680749
0.8248009101 0.6109550562 0.6443680749
0.7400499584 0.6241573034 0.644338118
0.7400499584 0.6241573034 0.644338118
0.7400499584 0.6241573034 0.644338118
0.7400499584 0.6241573034 0.644338118
0.5623671155 0.6686797753 0.6443187355
0.5623671155 0.6686797753 0.6443187355
0.5623671155 0.6686797753 0.6443187355
0.5623671155 0.6686797753 0.6443187355
0.818916886 0.6116573034 0.6442688917
0.818916886 0.6116573034 0.6442688917
0.8238302709 0.6108146067 0.6441245298
0.8775510204 0.6039325843 0.6440982624
0.8775510204 0.6039325843 0.6440982624
0.8164948454 0.6117977528 0.6440928582
0.8164948454 0.6117977528 0.6440928582
0.8172264965 0.6116573034 0.6440592742
0.8090116818 0.6127808989 0.6440232634
0.8090116818 0.6127808989 0.6440232634
0.5620938202 0.6681179775 0.6438296836
0.8750508751 0.6039325843 0.6438282326
0.7929722876 0.6148876404 0.643804594
0.7929722876 0.6148876404 0.643804594
0.8072155412 0.6127808989 0.6437951896
0.8072155412 0.6127808989 0.6437951896
0.8072155412 0.6127808989 0.6437951896
0.5421034833 0.6754213483 0.6437578646
0.822672218 0.6105337079 0.64373297
0.8382352941 0.6084269663 0.6437232525
0.7792760823 0.6168539326 0.6436862469
0.7792760823 0.6168539326 0.6436862469
0.7792760823 0.6168539326 0.6436862469
0.7792760823 0.6168539326 0.6436862469
0.7792760823 0.6168539326 0.6436862469
0.7660351121 0.6189606742 0.6436771536
0.8058736609 0.6127808989 0.6436242403
0.8058736609 0.6127808989 0.6436242403
0.8058736609 0.6127808989 0.6436242403
0.8058736609 0.6127808989 0.6436242403
0.8058736609 0.6127808989 0.6436242403
0.8058736609 0.6127808989 0.6436242403
0.8058736609 0.6127808989 0.6436242403
0.8058736609 0.6127808989 0.6436242403
0.8058736609 0.6127808989 0.6436242403
0.8058736609 0.6127808989 0.6436242403
0.8058736609 0.6127808989 0.6436242403
0.8166635391 0.6112359551 0.6436156053
0.8166635391 0.6112359551 0.6436156053
0.8166635391 0.6112359551 0.6436156053
0.8166635391 0.6112359551 0.6436156053
0.8166635391 0.6112359551 0.6436156053
0.8166635391 0.6112359551 0.6436156053
0.8166635391 0.6112359551 0.6436156053
0.8166635391 0.6112359551 0.6436156053
0.8166635391 0.6112359551 0.6436156053
0.8166635391 0.6112359551 0.6436156053
0.8166635391 0.6112359551 0.6436156053
0.8166635391 0.6112359551 0.6436156053
0.8166635391 0.6112359551 0.6436156053
0.8166635391 0.6112359551 0.6436156053
0.7933284989 0.6146067416 0.64360513
0.7933284989 0.6146067416 0.64360513
0.7933284989 0.6146067416 0.64360513
0.7933284989 0.6146067416 0.64360513
0.7933284989 0.6146067416 0.64360513
0.7933284989 0.6146067416 0.64360513
0.7933284989 0.6146067416 0.64360513
0.7933284989 0.6146067416 0.64360513
0.7933284989 0.6146067416 0.64360513
0.8274876096 0.6096910112 0.64356876
0.8223273415 0.6103932584 0.6435658226
0.824288425 0.6101123596 0.6435555556
0.824288425 0.6101123596 0.6435555556
0.824288425 0.6101123596 0.6435555556
0.824288425 0.6101123596 0.6435555556
0.824288425 0.6101123596 0.6435555556
0.824288425 0.6101123596 0.6435555556
0.824288425 0.6101123596 0.6435555556
0.824288425 0.6101123596 0.6435555556
0.824288425 0.6101123596 0.6435555556
0.824288425 0.6101123596 0.6435555556
0.824288425 0.6101123596 0.6435555556
0.824288425 0.6101123596 0.6435555556
0.824288425 0.6101123596 0.6435555556
0.544660084 0.6740168539 0.6434528438
0.544660084 0.6740168539 0.6434528438
0.544660084 0.6740168539 0.6434528438
0.544660084 0.6740168539 0.6434528438
0.8744403744 0.603511236 0.6433790501
0.5615402788 0.6676966292 0.6433714069
0.5615402788 0.6676966292 0.6433714069
0.5615402788 0.6676966292 0.6433714069
0.5615402788 0.6676966292 0.6433714069
0.7335754374 0.6241573034 0.6433493543
0.7335754374 0.6241573034 0.6433493543
0.7335754374 0.6241573034 0.6433493543
0.7335754374 0.6241573034 0.6433493543
0.5416525758 0.6748595506 0.6432224037
0.8064754857 0.6122191011 0.6432049579
0.8064754857 0.6122191011 0.6432049579
0.8254089007 0.6095505618 0.6431916533
0.8254089007 0.6095505618 0.6431916533
0.8161005817 0.6108146067 0.6431719365
0.7927846265 0.6141853933 0.6431639016
0.8374613003 0.6078651685 0.6431288635
0.8237191651 0.6096910112 0.6431111111
0.7332452955 0.6238764045 0.6430598182
0.7332452955 0.6238764045 0.6430598182
0.7332452955 0.6238764045 0.6430598182
0.7332452955 0.6238764045 0.6430598182
0.7332452955 0.6238764045 0.6430598182
0.7332452955 0.6238764045 0.6430598182
0.7332452955 0.6238764045 0.6430598182
0.7332452955 0.6238764045 0.6430598182
0.7332452955 0.6238764045 0.6430598182
0.7332452955 0.6238764045 0.6430598182
0.7332452955 0.6238764045 0.6430598182
0.7332452955 0.6238764045 0.6430598182
0.544206106 0.6734550562 0.6429165214
0.544206106 0.6734550562 0.6429165214
0.544206106 0.6734550562 0.6429165214
0.544206106 0.6734550562 0.6429165214
0.5379626524 0.6757022472 0.6427865217
0.5578095685 0.6681179775 0.6426988759
0.5578095685 0.6681179775 0.6426988759
0.5578095685 0.6681179775 0.6426988759
0.8222474891 0.6094101124 0.6426815179
0.5576923077 0.6679775281 0.64256377
0.5576923077 0.6679775281 0.64256377
0.5576923077 0.6679775281 0.64256377
0.8053654024 0.6113764045 0.6423196104
0.8416845389 0.6063202247 0.6422386861
0.8416845389 0.6063202247 0.6422386861
0.8416845389 0.6063202247 0.6422386861
0.8416845389 0.6063202247 0.6422386861
0.7290640394 0.6235955056 0.6421752965
0.7290640394 0.6235955056 0.6421752965
0.7290640394 0.6235955056 0.6421752965
0.7290640394 0.6235955056 0.6421752965
0.7290640394 0.6235955056 0.6421752965
0.8255813953 0.6082865169 0.6420862243
0.8255813953 0.6082865169 0.6420862243
0.8243577545 0.6084269663 0.6420631392
0.8126871257 0.6099719101 0.6419997635
0.8126871257 0.6099719101 0.6419997635
0.8153297013 0.6095505618 0.6419548561
0.8234176012 0.6084269663 0.6419489642
0.8234176012 0.6084269663 0.6419489642
0.8234176012 0.6084269663 0.6419489642
0.8234176012 0.6084269663 0.6419489642
0.8234176012 0.6084269663 0.6419489642
0.8234176012 0.6084269663 0.6419489642
0.8234176012 0.6084269663 0.6419489642
0.8234176012 0.6084269663 0.6419489642
0.8234176012 0.6084269663 0.6419489642
0.8234176012 0.6084269663 0.6419489642
0.8234176012 0.6084269663 0.6419489642
0.8234176012 0.6084269663 0.6419489642
0.8234176012 0.6084269663 0.6419489642
0.8234176012 0.6084269663 0.6419489642
0.8234176012 0.6084269663 0.6419489642
0.8220451527 0.6085674157 0.6419069065
0.8220451527 0.6085674157 0.6419069065
0.8220451527 0.6085674157 0.6419069065
0.8216995448 0.6084269663 0.6417397488
0.8732423069 0.6018258427 0.6417168359
0.8732423069 0.6018258427 0.6417168359
0.814224057 0.6094101124 0.6416930403
0.814224057 0.6094101124 0.6416930403
0.814224057 0.6094101124 0.6416930403
0.814224057 0.6094101124 0.6416930403
0.874107325 0.6016853933 0.6416823942
0.874107325 0.6016853933 0.6416823942
0.874107325 0.6016853933 0.6416823942
0.874107325 0.6016853933 0.6416823942
0.8209209778 0.6084269663 0.6416446959
0.8215098634 0.6082865169 0.6415916094
0.5441511152 0.6716292135 0.6415691746
0.5441511152 0.6716292135 0.6415691746
0.5441511152 0.6716292135 0.6415691746
0.8140364046 0.6092696629 0.6415451507
0.8140364046 0.6092696629 0.6415451507
0.8140364046 0.6092696629 0.6415451507
0.8140364046 0.6092696629 0.6415451507
0.8140364046 0.6092696629 0.6415451507
0.8140364046 0.6092696629 0.6415451507
0.8140364046 0.6092696629 0.6415451507
0.8140364046 0.6092696629 0.6415451507
0.8140364046 0.6092696629 0.6415451507
0.8140364046 0.6092696629 0.6415451507
0.8140364046 0.6092696629 0.6415451507
0.8140364046 0.6092696629 0.6415451507
0.8140364046 0.6092696629 0.6415451507
0.873903285 0.6015449438 0.6415326084
0.873903285 0.6015449438 0.6415326084
0.873903285 0.6015449438 0.6415326084
0.873903285 0.6015449438 0.6415326084
0.873903285 0.6015449438 0.6415326084
0.873903285 0.6015449438 0.6415326084
0.873903285 0.6015449438 0.6415326084
0.873903285 0.6015449438 0.6415326084
0.873903285 0.6015449438 0.6415326084
0.873903285 0.6015449438 0.6415326084
0.873903285 0.6015449438 0.6415326084
0.873903285 0.6015449438 0.6415326084
