x y C
0 0 9.0
0 1 4.0
0 2 7.0
0 3 12.0
0 4 2.0
0 5 2.0
0 6 12.0
0 7 25.0
0 8 24.0
0 9 30.0
0 10 35.0
0 11 40.0
0 12 39.0
0 13 44.0
0 14 45.0
0 15 34.0
0 16 36.0
0 17 30.0
0 18 26.0
0 19 30.0
0 20 16.0
0 21 14.0
0 22 11.0
0 23 0.0
0 24 3.0
0 25 10.0
0 26 16.0
0 27 14.0
0 28 7.0
0 29 8.0
0 30 19.0
0 31 25.0
0 32 25.0
0 33 21.0
0 34 21.0
0 35 14.0
0 36 8.0
0 37 7.0
0 38 3.0
0 39 1.0
0 40 4.0
0 41 8.0
0 42 13.0
0 43 17.0
0 44 13.0
0 45 14.0
0 46 20.0
0 47 29.0
1 0 20.0
1 1 7.0
1 2 18.0
1 3 23.0
1 4 9.0
1 5 13.0
1 6 23.0
1 7 36.0
1 8 35.0
1 9 41.0
1 10 46.0
1 11 51.0
1 12 50.0
1 13 55.0
1 14 56.0
1 15 45.0
1 16 47.0
1 17 41.0
1 18 37.0
1 19 41.0
1 20 27.0
1 21 25.0
1 22 22.0
1 23 11.0
1 24 8.0
1 25 1.0
1 26 5.0
1 27 3.0
1 28 4.0
1 29 3.0
1 30 8.0
1 31 14.0
1 32 14.0
1 33 10.0
1 34 10.0
1 35 3.0
1 36 3.0
1 37 4.0
1 38 8.0
1 39 12.0
1 40 15.0
1 41 19.0
1 42 24.0
1 43 28.0
1 44 24.0
1 45 25.0
1 46 31.0
1 47 40.0
2 0 8.0
2 1 5.0
2 2 6.0
2 3 11.0
2 4 3.0
2 5 1.0
2 6 11.0
2 7 24.0
2 8 23.0
2 9 29.0
2 10 34.0
2 11 39.0
2 12 38.0
2 13 43.0
2 14 44.0
2 15 33.0
2 16 35.0
2 17 29.0
2 18 25.0
2 19 29.0
2 20 15.0
2 21 13.0
2 22 10.0
2 23 1.0
2 24 4.0
2 25 11.0
2 26 17.0
2 27 15.0
2 28 8.0
2 29 9.0
2 30 20.0
2 31 26.0
2 32 26.0
2 33 22.0
2 34 22.0
2 35 15.0
2 36 9.0
2 37 8.0
2 38 4.0
2 39 0.0
2 40 3.0
2 41 7.0
2 42 12.0
2 43 16.0
2 44 12.0
2 45 13.0
2 46 19.0
2 47 28.0
3 0 8.0
3 1 5.0
3 2 6.0
3 3 11.0
3 4 3.0
3 5 1.0
3 6 11.0
3 7 24.0
3 8 23.0
3 9 29.0
3 10 34.0
3 11 39.0
3 12 38.0
3 13 43.0
3 14 44.0
3 15 33.0
3 16 35.0
3 17 29.0
3 18 25.0
3 19 29.0
3 20 15.0
3 21 13.0
3 22 10.0
3 23 1.0
3 24 4.0
3 25 11.0
3 26 17.0
3 27 15.0
3 28 8.0
3 29 9.0
3 30 20.0
3 31 26.0
3 32 26.0
3 33 22.0
3 34 22.0
3 35 15.0
3 36 9.0
3 37 8.0
3 38 4.0
3 39 0.0
3 40 3.0
3 41 7.0
3 42 12.0
3 43 16.0
3 44 12.0
3 45 13.0
3 46 19.0
3 47 28.0
4 0 3.0
4 1 10.0
4 2 1.0
4 3 6.0
4 4 8.0
4 5 4.0
4 6 6.0
4 7 19.0
4 8 18.0
4 9 24.0
4 10 29.0
4 11 34.0
4 12 33.0
4 13 38.0
4 14 39.0
4 15 28.0
4 16 30.0
4 17 24.0
4 18 20.0
4 19 24.0
4 20 10.0
4 21 8.0
4 22 5.0
4 23 6.0
4 24 9.0
4 25 16.0
4 26 22.0
4 27 20.0
4 28 13.0
4 29 14.0
4 30 25.0
4 31 31.0
4 32 31.0
4 33 27.0
4 34 27.0
4 35 20.0
4 36 14.0
4 37 13.0
4 38 9.0
4 39 5.0
4 40 2.0
4 41 2.0
4 42 7.0
4 43 11.0
4 44 7.0
4 45 8.0
4 46 14.0
4 47 23.0
5 0 7.0
5 1 20.0
5 2 9.0
5 3 4.0
5 4 18.0
5 5 14.0
5 6 4.0
5 7 9.0
5 8 8.0
5 9 14.0
5 10 19.0
5 11 24.0
5 12 23.0
5 13 28.0
5 14 29.0
5 15 18.0
5 16 20.0
5 17 14.0
5 18 10.0
5 19 14.0
5 20 0.0
5 21 2.0
5 22 5.0
5 23 16.0
5 24 19.0
5 25 26.0
5 26 32.0
5 27 30.0
5 28 23.0
5 29 24.0
5 30 35.0
5 31 41.0
5 32 41.0
5 33 37.0
5 34 37.0
5 35 30.0
5 36 24.0
5 37 23.0
5 38 19.0
5 39 15.0
5 40 12.0
5 41 8.0
5 42 3.0
5 43 1.0
5 44 3.0
5 45 2.0
5 46 4.0
5 47 13.0
6 0 10.0
6 1 23.0
6 2 12.0
6 3 7.0
6 4 21.0
6 5 17.0
6 6 7.0
6 7 6.0
6 8 5.0
6 9 11.0
6 10 16.0
6 11 21.0
6 12 20.0
6 13 25.0
6 14 26.0
6 15 15.0
6 16 17.0
6 17 11.0
6 18 7.0
6 19 11.0
6 20 3.0
6 21 5.0
6 22 8.0
6 23 19.0
6 24 22.0
6 25 29.0
6 26 35.0
6 27 33.0
6 28 26.0
6 29 27.0
6 30 38.0
6 31 44.0
6 32 44.0
6 33 40.0
6 34 40.0
6 35 33.0
6 36 27.0
6 37 26.0
6 38 22.0
6 39 18.0
6 40 15.0
6 41 11.0
6 42 6.0
6 43 2.0
6 44 6.0
6 45 5.0
6 46 1.0
6 47 10.0
7 0 10.0
7 1 23.0
7 2 12.0
7 3 7.0
7 4 21.0
7 5 17.0
7 6 7.0
7 7 6.0
7 8 5.0
7 9 11.0
7 10 16.0
7 11 21.0
7 12 20.0
7 13 25.0
7 14 26.0
7 15 15.0
7 16 17.0
7 17 11.0
7 18 7.0
7 19 11.0
7 20 3.0
7 21 5.0
7 22 8.0
7 23 19.0
7 24 22.0
7 25 29.0
7 26 35.0
7 27 33.0
7 28 26.0
7 29 27.0
7 30 38.0
7 31 44.0
7 32 44.0
7 33 40.0
7 34 40.0
7 35 33.0
7 36 27.0
7 37 26.0
7 38 22.0
7 39 18.0
7 40 15.0
7 41 11.0
7 42 6.0
7 43 2.0
7 44 6.0
7 45 5.0
7 46 1.0
7 47 10.0
8 0 23.0
8 1 36.0
8 2 25.0
8 3 20.0
8 4 34.0
8 5 30.0
8 6 20.0
8 7 7.0
8 8 8.0
8 9 2.0
8 10 3.0
8 11 8.0
8 12 7.0
8 13 12.0
8 14 13.0
8 15 2.0
8 16 4.0
8 17 2.0
8 18 6.0
8 19 2.0
8 20 16.0
8 21 18.0
8 22 21.0
8 23 32.0
8 24 35.0
8 25 42.0
8 26 48.0
8 27 46.0
8 28 39.0
8 29 40.0
8 30 51.0
8 31 57.0
8 32 57.0
8 33 53.0
8 34 53.0
8 35 46.0
8 36 40.0
8 37 39.0
8 38 35.0
8 39 31.0
8 40 28.0
8 41 24.0
8 42 19.0
8 43 15.0
8 44 19.0
8 45 18.0
8 46 12.0
8 47 3.0
9 0 25.0
9 1 38.0
9 2 27.0
9 3 22.0
9 4 36.0
9 5 32.0
9 6 22.0
9 7 9.0
9 8 10.0
9 9 4.0
9 10 1.0
9 11 6.0
9 12 5.0
9 13 10.0
9 14 11.0
9 15 0.0
9 16 2.0
9 17 4.0
9 18 8.0
9 19 4.0
9 20 18.0
9 21 20.0
9 22 23.0
9 23 34.0
9 24 37.0
9 25 44.0
9 26 50.0
9 27 48.0
9 28 41.0
9 29 42.0
9 30 53.0
9 31 59.0
9 32 59.0
9 33 55.0
9 34 55.0
9 35 48.0
9 36 42.0
9 37 41.0
9 38 37.0
9 39 33.0
9 40 30.0
9 41 26.0
9 42 21.0
9 43 17.0
9 44 21.0
9 45 20.0
9 46 14.0
9 47 5.0
10 0 21.0
10 1 34.0
10 2 23.0
10 3 18.0
10 4 32.0
10 5 28.0
10 6 18.0
10 7 5.0
10 8 6.0
10 9 0.0
10 10 5.0
10 11 10.0
10 12 9.0
10 13 14.0
10 14 15.0
10 15 4.0
10 16 6.0
10 17 0.0
10 18 4.0
10 19 0.0
10 20 14.0
10 21 16.0
10 22 19.0
10 23 30.0
10 24 33.0
10 25 40.0
10 26 46.0
10 27 44.0
10 28 37.0
10 29 38.0
10 30 49.0
10 31 55.0
10 32 55.0
10 33 51.0
10 34 51.0
10 35 44.0
10 36 38.0
10 37 37.0
10 38 33.0
10 39 29.0
10 40 26.0
10 41 22.0
10 42 17.0
10 43 13.0
10 44 17.0
10 45 16.0
10 46 10.0
10 47 1.0
11 0 21.0
11 1 34.0
11 2 23.0
11 3 18.0
11 4 32.0
11 5 28.0
11 6 18.0
11 7 5.0
11 8 6.0
11 9 0.0
11 10 5.0
11 11 10.0
11 12 9.0
11 13 14.0
11 14 15.0
11 15 4.0
11 16 6.0
11 17 0.0
11 18 4.0
11 19 0.0
11 20 14.0
11 21 16.0
11 22 19.0
11 23 30.0
11 24 33.0
11 25 40.0
11 26 46.0
11 27 44.0
11 28 37.0
11 29 38.0
11 30 49.0
11 31 55.0
11 32 55.0
11 33 51.0
11 34 51.0
11 35 44.0
11 36 38.0
11 37 37.0
11 38 33.0
11 39 29.0
11 40 26.0
11 41 22.0
11 42 17.0
11 43 13.0
11 44 17.0
11 45 16.0
11 46 10.0
11 47 1.0
12 0 25.0
12 1 38.0
12 2 27.0
12 3 22.0
12 4 36.0
12 5 32.0
12 6 22.0
12 7 9.0
12 8 10.0
12 9 4.0
12 10 1.0
12 11 6.0
12 12 5.0
12 13 10.0
12 14 11.0
12 15 0.0
12 16 2.0
12 17 4.0
12 18 8.0
12 19 4.0
12 20 18.0
12 21 20.0
12 22 23.0
12 23 34.0
12 24 37.0
12 25 44.0
12 26 50.0
12 27 48.0
12 28 41.0
12 29 42.0
12 30 53.0
12 31 59.0
12 32 59.0
12 33 55.0
12 34 55.0
12 35 48.0
12 36 42.0
12 37 41.0
12 38 37.0
12 39 33.0
12 40 30.0
12 41 26.0
12 42 21.0
12 43 17.0
12 44 21.0
12 45 20.0
12 46 14.0
12 47 5.0
13 0 25.0
13 1 38.0
13 2 27.0
13 3 22.0
13 4 36.0
13 5 32.0
13 6 22.0
13 7 9.0
13 8 10.0
13 9 4.0
13 10 1.0
13 11 6.0
13 12 5.0
13 13 10.0
13 14 11.0
13 15 0.0
13 16 2.0
13 17 4.0
13 18 8.0
13 19 4.0
13 20 18.0
13 21 20.0
13 22 23.0
13 23 34.0
13 24 37.0
13 25 44.0
13 26 50.0
13 27 48.0
13 28 41.0
13 29 42.0
13 30 53.0
13 31 59.0
13 32 59.0
13 33 55.0
13 34 55.0
13 35 48.0
13 36 42.0
13 37 41.0
13 38 37.0
13 39 33.0
13 40 30.0
13 41 26.0
13 42 21.0
13 43 17.0
13 44 21.0
13 45 20.0
13 46 14.0
13 47 5.0
14 0 24.0
14 1 37.0
14 2 26.0
14 3 21.0
14 4 35.0
14 5 31.0
14 6 21.0
14 7 8.0
14 8 9.0
14 9 3.0
14 10 2.0
14 11 7.0
14 12 6.0
14 13 11.0
14 14 12.0
14 15 1.0
14 16 3.0
14 17 3.0
14 18 7.0
14 19 3.0
14 20 17.0
14 21 19.0
14 22 22.0
14 23 33.0
14 24 36.0
14 25 43.0
14 26 49.0
14 27 47.0
14 28 40.0
14 29 41.0
14 30 52.0
14 31 58.0
14 32 58.0
14 33 54.0
14 34 54.0
14 35 47.0
14 36 41.0
14 37 40.0
14 38 36.0
14 39 32.0
14 40 29.0
14 41 25.0
14 42 20.0
14 43 16.0
14 44 20.0
14 45 19.0
14 46 13.0
14 47 4.0
15 0 22.0
15 1 35.0
15 2 24.0
15 3 19.0
15 4 33.0
15 5 29.0
15 6 19.0
15 7 6.0
15 8 7.0
15 9 1.0
15 10 4.0
15 11 9.0
15 12 8.0
15 13 13.0
15 14 14.0
15 15 3.0
15 16 5.0
15 17 1.0
15 18 5.0
15 19 1.0
15 20 15.0
15 21 17.0
15 22 20.0
15 23 31.0
15 24 34.0
15 25 41.0
15 26 47.0
15 27 45.0
15 28 38.0
15 29 39.0
15 30 50.0
15 31 56.0
15 32 56.0
15 33 52.0
15 34 52.0
15 35 45.0
15 36 39.0
15 37 38.0
15 38 34.0
15 39 30.0
15 40 27.0
15 41 23.0
15 42 18.0
15 43 14.0
15 44 18.0
15 45 17.0
15 46 11.0
15 47 2.0
16 0 14.0
16 1 27.0
16 2 16.0
16 3 11.0
16 4 25.0
16 5 21.0
16 6 11.0
16 7 2.0
16 8 1.0
16 9 7.0
16 10 12.0
16 11 17.0
16 12 16.0
16 13 21.0
16 14 22.0
16 15 11.0
16 16 13.0
16 17 7.0
16 18 3.0
16 19 7.0
16 20 7.0
16 21 9.0
16 22 12.0
16 23 23.0
16 24 26.0
16 25 33.0
16 26 39.0
16 27 37.0
16 28 30.0
16 29 31.0
16 30 42.0
16 31 48.0
16 32 48.0
16 33 44.0
16 34 44.0
16 35 37.0
16 36 31.0
16 37 30.0
16 38 26.0
16 39 22.0
16 40 19.0
16 41 15.0
16 42 10.0
16 43 6.0
16 44 10.0
16 45 9.0
16 46 3.0
16 47 6.0
17 0 16.0
17 1 29.0
17 2 18.0
17 3 13.0
17 4 27.0
17 5 23.0
17 6 13.0
17 7 0.0
17 8 1.0
17 9 5.0
17 10 10.0
17 11 15.0
17 12 14.0
17 13 19.0
17 14 20.0
17 15 9.0
17 16 11.0
17 17 5.0
17 18 1.0
17 19 5.0
17 20 9.0
17 21 11.0
17 22 14.0
17 23 25.0
17 24 28.0
17 25 35.0
17 26 41.0
17 27 39.0
17 28 32.0
17 29 33.0
17 30 44.0
17 31 50.0
17 32 50.0
17 33 46.0
17 34 46.0
17 35 39.0
17 36 33.0
17 37 32.0
17 38 28.0
17 39 24.0
17 40 21.0
17 41 17.0
17 42 12.0
17 43 8.0
17 44 12.0
17 45 11.0
17 46 5.0
17 47 4.0
18 0 9.0
18 1 22.0
18 2 11.0
18 3 6.0
18 4 20.0
18 5 16.0
18 6 6.0
18 7 7.0
18 8 6.0
18 9 12.0
18 10 17.0
18 11 22.0
18 12 21.0
18 13 26.0
18 14 27.0
18 15 16.0
18 16 18.0
18 17 12.0
18 18 8.0
18 19 12.0
18 20 2.0
18 21 4.0
18 22 7.0
18 23 18.0
18 24 21.0
18 25 28.0
18 26 34.0
18 27 32.0
18 28 25.0
18 29 26.0
18 30 37.0
18 31 43.0
18 32 43.0
18 33 39.0
18 34 39.0
18 35 32.0
18 36 26.0
18 37 25.0
18 38 21.0
18 39 17.0
18 40 14.0
18 41 10.0
18 42 5.0
18 43 1.0
18 44 5.0
18 45 4.0
18 46 2.0
18 47 11.0
19 0 3.0
19 1 16.0
19 2 5.0
19 3 0.0
19 4 14.0
19 5 10.0
19 6 0.0
19 7 13.0
19 8 12.0
19 9 18.0
19 10 23.0
19 11 28.0
19 12 27.0
19 13 32.0
19 14 33.0
19 15 22.0
19 16 24.0
19 17 18.0
19 18 14.0
19 19 18.0
19 20 4.0
19 21 2.0
19 22 1.0
19 23 12.0
19 24 15.0
19 25 22.0
19 26 28.0
19 27 26.0
19 28 19.0
19 29 20.0
19 30 31.0
19 31 37.0
19 32 37.0
19 33 33.0
19 34 33.0
19 35 26.0
19 36 20.0
19 37 19.0
19 38 15.0
19 39 11.0
19 40 8.0
19 41 4.0
19 42 1.0
19 43 5.0
19 44 1.0
19 45 2.0
19 46 8.0
19 47 17.0
20 0 0.0
20 1 13.0
20 2 2.0
20 3 3.0
20 4 11.0
20 5 7.0
20 6 3.0
20 7 16.0
20 8 15.0
20 9 21.0
20 10 26.0
20 11 31.0
20 12 30.0
20 13 35.0
20 14 36.0
20 15 25.0
20 16 27.0
20 17 21.0
20 18 17.0
20 19 21.0
20 20 7.0
20 21 5.0
20 22 2.0
20 23 9.0
20 24 12.0
20 25 19.0
20 26 25.0
20 27 23.0
20 28 16.0
20 29 17.0
20 30 28.0
20 31 34.0
20 32 34.0
20 33 30.0
20 34 30.0
20 35 23.0
20 36 17.0
20 37 16.0
20 38 12.0
20 39 8.0
20 40 5.0
20 41 1.0
20 42 4.0
20 43 8.0
20 44 4.0
20 45 5.0
20 46 11.0
20 47 20.0
21 0 5.0
21 1 8.0
21 2 3.0
21 3 8.0
21 4 6.0
21 5 2.0
21 6 8.0
21 7 21.0
21 8 20.0
21 9 26.0
21 10 31.0
21 11 36.0
21 12 35.0
21 13 40.0
21 14 41.0
21 15 30.0
21 16 32.0
21 17 26.0
21 18 22.0
21 19 26.0
21 20 12.0
21 21 10.0
21 22 7.0
21 23 4.0
21 24 7.0
21 25 14.0
21 26 20.0
21 27 18.0
21 28 11.0
21 29 12.0
21 30 23.0
21 31 29.0
21 32 29.0
21 33 25.0
21 34 25.0
21 35 18.0
21 36 12.0
21 37 11.0
21 38 7.0
21 39 3.0
21 40 0.0
21 41 4.0
21 42 9.0
21 43 13.0
21 44 9.0
21 45 10.0
21 46 16.0
21 47 25.0
22 0 1.0
22 1 12.0
22 2 1.0
22 3 4.0
22 4 10.0
22 5 6.0
22 6 4.0
22 7 17.0
22 8 16.0
22 9 22.0
22 10 27.0
22 11 32.0
22 12 31.0
22 13 36.0
22 14 37.0
22 15 26.0
22 16 28.0
22 17 22.0
22 18 18.0
22 19 22.0
22 20 8.0
22 21 6.0
22 22 3.0
22 23 8.0
22 24 11.0
22 25 18.0
22 26 24.0
22 27 22.0
22 28 15.0
22 29 16.0
22 30 27.0
22 31 33.0
22 32 33.0
22 33 29.0
22 34 29.0
22 35 22.0
22 36 16.0
22 37 15.0
22 38 11.0
22 39 7.0
22 40 4.0
22 41 0.0
22 42 5.0
22 43 9.0
22 44 5.0
22 45 6.0
22 46 12.0
22 47 21.0
23 0 9.0
23 1 4.0
23 2 7.0
23 3 12.0
23 4 2.0
23 5 2.0
23 6 12.0
23 7 25.0
23 8 24.0
23 9 30.0
23 10 35.0
23 11 40.0
23 12 39.0
23 13 44.0
23 14 45.0
23 15 34.0
23 16 36.0
23 17 30.0
23 18 26.0
23 19 30.0
23 20 16.0
23 21 14.0
23 22 11.0
23 23 0.0
23 24 3.0
23 25 10.0
23 26 16.0
23 27 14.0
23 28 7.0
23 29 8.0
23 30 19.0
23 31 25.0
23 32 25.0
23 33 21.0
23 34 21.0
23 35 14.0
23 36 8.0
23 37 7.0
23 38 3.0
23 39 1.0
23 40 4.0
23 41 8.0
23 42 13.0
23 43 17.0
23 44 13.0
23 45 14.0
23 46 20.0
23 47 29.0
24 0 13.0
24 1 0.0
24 2 11.0
24 3 16.0
24 4 2.0
24 5 6.0
24 6 16.0
24 7 29.0
24 8 28.0
24 9 34.0
24 10 39.0
24 11 44.0
24 12 43.0
24 13 48.0
24 14 49.0
24 15 38.0
24 16 40.0
24 17 34.0
24 18 30.0
24 19 34.0
24 20 20.0
24 21 18.0
24 22 15.0
24 23 4.0
24 24 1.0
24 25 6.0
24 26 12.0
24 27 10.0
24 28 3.0
24 29 4.0
24 30 15.0
24 31 21.0
24 32 21.0
24 33 17.0
24 34 17.0
24 35 10.0
24 36 4.0
24 37 3.0
24 38 1.0
24 39 5.0
24 40 8.0
24 41 12.0
24 42 17.0
24 43 21.0
24 44 17.0
24 45 18.0
24 46 24.0
24 47 33.0
25 0 12.0
25 1 1.0
25 2 10.0
25 3 15.0
25 4 1.0
25 5 5.0
25 6 15.0
25 7 28.0
25 8 27.0
25 9 33.0
25 10 38.0
25 11 43.0
25 12 42.0
25 13 47.0
25 14 48.0
25 15 37.0
25 16 39.0
25 17 33.0
25 18 29.0
25 19 33.0
25 20 19.0
25 21 17.0
25 22 14.0
25 23 3.0
25 24 0.0
25 25 7.0
25 26 13.0
25 27 11.0
25 28 4.0
25 29 5.0
25 30 16.0
25 31 22.0
25 32 22.0
25 33 18.0
25 34 18.0
25 35 11.0
25 36 5.0
25 37 4.0
25 38 0.0
25 39 4.0
25 40 7.0
25 41 11.0
25 42 16.0
25 43 20.0
25 44 16.0
25 45 17.0
25 46 23.0
25 47 32.0
26 0 20.0
26 1 7.0
26 2 18.0
26 3 23.0
26 4 9.0
26 5 13.0
26 6 23.0
26 7 36.0
26 8 35.0
26 9 41.0
26 10 46.0
26 11 51.0
26 12 50.0
26 13 55.0
26 14 56.0
26 15 45.0
26 16 47.0
26 17 41.0
26 18 37.0
26 19 41.0
26 20 27.0
26 21 25.0
26 22 22.0
26 23 11.0
26 24 8.0
26 25 1.0
26 26 5.0
26 27 3.0
26 28 4.0
26 29 3.0
26 30 8.0
26 31 14.0
26 32 14.0
26 33 10.0
26 34 10.0
26 35 3.0
26 36 3.0
26 37 4.0
26 38 8.0
26 39 12.0
26 40 15.0
26 41 19.0
26 42 24.0
26 43 28.0
26 44 24.0
26 45 25.0
26 46 31.0
26 47 40.0
27 0 21.0
27 1 8.0
27 2 19.0
27 3 24.0
27 4 10.0
27 5 14.0
27 6 24.0
27 7 37.0
27 8 36.0
27 9 42.0
27 10 47.0
27 11 52.0
27 12 51.0
27 13 56.0
27 14 57.0
27 15 46.0
27 16 48.0
27 17 42.0
27 18 38.0
27 19 42.0
27 20 28.0
27 21 26.0
27 22 23.0
27 23 12.0
27 24 9.0
27 25 2.0
27 26 4.0
27 27 2.0
27 28 5.0
27 29 4.0
27 30 7.0
27 31 13.0
27 32 13.0
27 33 9.0
27 34 9.0
27 35 2.0
27 36 4.0
27 37 5.0
27 38 9.0
27 39 13.0
27 40 16.0
27 41 20.0
27 42 25.0
27 43 29.0
27 44 25.0
27 45 26.0
27 46 32.0
27 47 41.0
28 0 22.0
28 1 9.0
28 2 20.0
28 3 25.0
28 4 11.0
28 5 15.0
28 6 25.0
28 7 38.0
28 8 37.0
28 9 43.0
28 10 48.0
28 11 53.0
28 12 52.0
28 13 57.0
28 14 58.0
28 15 47.0
28 16 49.0
28 17 43.0
28 18 39.0
28 19 43.0
28 20 29.0
28 21 27.0
28 22 24.0
28 23 13.0
28 24 10.0
28 25 3.0
28 26 3.0
28 27 1.0
28 28 6.0
28 29 5.0
28 30 6.0
28 31 12.0
28 32 12.0
28 33 8.0
28 34 8.0
28 35 1.0
28 36 5.0
28 37 6.0
28 38 10.0
28 39 14.0
28 40 17.0
28 41 21.0
28 42 26.0
28 43 30.0
28 44 26.0
28 45 27.0
28 46 33.0
28 47 42.0
29 0 21.0
29 1 8.0
29 2 19.0
29 3 24.0
29 4 10.0
29 5 14.0
29 6 24.0
29 7 37.0
29 8 36.0
29 9 42.0
29 10 47.0
29 11 52.0
29 12 51.0
29 13 56.0
29 14 57.0
29 15 46.0
29 16 48.0
29 17 42.0
29 18 38.0
29 19 42.0
29 20 28.0
29 21 26.0
29 22 23.0
29 23 12.0
29 24 9.0
29 25 2.0
29 26 4.0
29 27 2.0
29 28 5.0
29 29 4.0
29 30 7.0
29 31 13.0
29 32 13.0
29 33 9.0
29 34 9.0
29 35 2.0
29 36 4.0
29 37 5.0
29 38 9.0
29 39 13.0
29 40 16.0
29 41 20.0
29 42 25.0
29 43 29.0
29 44 25.0
29 45 26.0
29 46 32.0
29 47 41.0
30 0 18.0
30 1 5.0
30 2 16.0
30 3 21.0
30 4 7.0
30 5 11.0
30 6 21.0
30 7 34.0
30 8 33.0
30 9 39.0
30 10 44.0
30 11 49.0
30 12 48.0
30 13 53.0
30 14 54.0
30 15 43.0
30 16 45.0
30 17 39.0
30 18 35.0
30 19 39.0
30 20 25.0
30 21 23.0
30 22 20.0
30 23 9.0
30 24 6.0
30 25 1.0
30 26 7.0
30 27 5.0
30 28 2.0
30 29 1.0
30 30 10.0
30 31 16.0
30 32 16.0
30 33 12.0
30 34 12.0
30 35 5.0
30 36 1.0
30 37 2.0
30 38 6.0
30 39 10.0
30 40 13.0
30 41 17.0
30 42 22.0
30 43 26.0
30 44 22.0
30 45 23.0
30 46 29.0
30 47 38.0
31 0 19.0
31 1 6.0
31 2 17.0
31 3 22.0
31 4 8.0
31 5 12.0
31 6 22.0
31 7 35.0
31 8 34.0
31 9 40.0
31 10 45.0
31 11 50.0
31 12 49.0
31 13 54.0
31 14 55.0
31 15 44.0
31 16 46.0
31 17 40.0
31 18 36.0
31 19 40.0
31 20 26.0
31 21 24.0
31 22 21.0
31 23 10.0
31 24 7.0
31 25 0.0
31 26 6.0
31 27 4.0
31 28 3.0
31 29 2.0
31 30 9.0
31 31 15.0
31 32 15.0
31 33 11.0
31 34 11.0
31 35 4.0
31 36 2.0
31 37 3.0
31 38 7.0
31 39 11.0
31 40 14.0
31 41 18.0
31 42 23.0
31 43 27.0
31 44 23.0
31 45 24.0
31 46 30.0
31 47 39.0
32 0 22.0
32 1 9.0
32 2 20.0
32 3 25.0
32 4 11.0
32 5 15.0
32 6 25.0
32 7 38.0
32 8 37.0
32 9 43.0
32 10 48.0
32 11 53.0
32 12 52.0
32 13 57.0
32 14 58.0
32 15 47.0
32 16 49.0
32 17 43.0
32 18 39.0
32 19 43.0
32 20 29.0
32 21 27.0
32 22 24.0
32 23 13.0
32 24 10.0
32 25 3.0
32 26 3.0
32 27 1.0
32 28 6.0
32 29 5.0
32 30 6.0
32 31 12.0
32 32 12.0
32 33 8.0
32 34 8.0
32 35 1.0
32 36 5.0
32 37 6.0
32 38 10.0
32 39 14.0
32 40 17.0
32 41 21.0
32 42 26.0
32 43 30.0
32 44 26.0
32 45 27.0
32 46 33.0
32 47 42.0
33 0 18.0
33 1 5.0
33 2 16.0
33 3 21.0
33 4 7.0
33 5 11.0
33 6 21.0
33 7 34.0
33 8 33.0
33 9 39.0
33 10 44.0
33 11 49.0
33 12 48.0
33 13 53.0
33 14 54.0
33 15 43.0
33 16 45.0
33 17 39.0
33 18 35.0
33 19 39.0
33 20 25.0
33 21 23.0
33 22 20.0
33 23 9.0
33 24 6.0
33 25 1.0
33 26 7.0
33 27 5.0
33 28 2.0
33 29 1.0
33 30 10.0
33 31 16.0
33 32 16.0
33 33 12.0
33 34 12.0
33 35 5.0
33 36 1.0
33 37 2.0
33 38 6.0
33 39 10.0
33 40 13.0
33 41 17.0
33 42 22.0
33 43 26.0
33 44 22.0
33 45 23.0
33 46 29.0
33 47 38.0
34 0 13.0
34 1 0.0
34 2 11.0
34 3 16.0
34 4 2.0
34 5 6.0
34 6 16.0
34 7 29.0
34 8 28.0
34 9 34.0
34 10 39.0
34 11 44.0
34 12 43.0
34 13 48.0
34 14 49.0
34 15 38.0
34 16 40.0
34 17 34.0
34 18 30.0
34 19 34.0
34 20 20.0
34 21 18.0
34 22 15.0
34 23 4.0
34 24 1.0
34 25 6.0
34 26 12.0
34 27 10.0
34 28 3.0
34 29 4.0
34 30 15.0
34 31 21.0
34 32 21.0
34 33 17.0
34 34 17.0
34 35 10.0
34 36 4.0
34 37 3.0
34 38 1.0
34 39 5.0
34 40 8.0
34 41 12.0
34 42 17.0
34 43 21.0
34 44 17.0
34 45 18.0
34 46 24.0
34 47 33.0
35 0 15.0
35 1 2.0
35 2 13.0
35 3 18.0
35 4 4.0
35 5 8.0
35 6 18.0
35 7 31.0
35 8 30.0
35 9 36.0
35 10 41.0
35 11 46.0
35 12 45.0
35 13 50.0
35 14 51.0
35 15 40.0
35 16 42.0
35 17 36.0
35 18 32.0
35 19 36.0
35 20 22.0
35 21 20.0
35 22 17.0
35 23 6.0
35 24 3.0
35 25 4.0
35 26 10.0
35 27 8.0
35 28 1.0
35 29 2.0
35 30 13.0
35 31 19.0
35 32 19.0
35 33 15.0
35 34 15.0
35 35 8.0
35 36 2.0
35 37 1.0
35 38 3.0
35 39 7.0
35 40 10.0
35 41 14.0
35 42 19.0
35 43 23.0
35 44 19.0
35 45 20.0
35 46 26.0
35 47 35.0
36 0 17.0
36 1 4.0
36 2 15.0
36 3 20.0
36 4 6.0
36 5 10.0
36 6 20.0
36 7 33.0
36 8 32.0
36 9 38.0
36 10 43.0
36 11 48.0
36 12 47.0
36 13 52.0
36 14 53.0
36 15 42.0
36 16 44.0
36 17 38.0
36 18 34.0
36 19 38.0
36 20 24.0
36 21 22.0
36 22 19.0
36 23 8.0
36 24 5.0
36 25 2.0
36 26 8.0
36 27 6.0
36 28 1.0
36 29 0.0
36 30 11.0
36 31 17.0
36 32 17.0
36 33 13.0
36 34 13.0
36 35 6.0
36 36 0.0
36 37 1.0
36 38 5.0
36 39 9.0
36 40 12.0
36 41 16.0
36 42 21.0
36 43 25.0
36 44 21.0
36 45 22.0
36 46 28.0
36 47 37.0
37 0 13.0
37 1 0.0
37 2 11.0
37 3 16.0
37 4 2.0
37 5 6.0
37 6 16.0
37 7 29.0
37 8 28.0
37 9 34.0
37 10 39.0
37 11 44.0
37 12 43.0
37 13 48.0
37 14 49.0
37 15 38.0
37 16 40.0
37 17 34.0
37 18 30.0
37 19 34.0
37 20 20.0
37 21 18.0
37 22 15.0
37 23 4.0
37 24 1.0
37 25 6.0
37 26 12.0
37 27 10.0
37 28 3.0
37 29 4.0
37 30 15.0
37 31 21.0
37 32 21.0
37 33 17.0
37 34 17.0
37 35 10.0
37 36 4.0
37 37 3.0
37 38 1.0
37 39 5.0
37 40 8.0
37 41 12.0
37 42 17.0
37 43 21.0
37 44 17.0
37 45 18.0
37 46 24.0
37 47 33.0
38 0 10.0
38 1 3.0
38 2 8.0
38 3 13.0
38 4 1.0
38 5 3.0
38 6 13.0
38 7 26.0
38 8 25.0
38 9 31.0
38 10 36.0
38 11 41.0
38 12 40.0
38 13 45.0
38 14 46.0
38 15 35.0
38 16 37.0
38 17 31.0
38 18 27.0
38 19 31.0
38 20 17.0
38 21 15.0
38 22 12.0
38 23 1.0
38 24 2.0
38 25 9.0
38 26 15.0
38 27 13.0
38 28 6.0
38 29 7.0
38 30 18.0
38 31 24.0
38 32 24.0
38 33 20.0
38 34 20.0
38 35 13.0
38 36 7.0
38 37 6.0
38 38 2.0
38 39 2.0
38 40 5.0
38 41 9.0
38 42 14.0
38 43 18.0
38 44 14.0
38 45 15.0
38 46 21.0
38 47 30.0
39 0 8.0
39 1 5.0
39 2 6.0
39 3 11.0
39 4 3.0
39 5 1.0
39 6 11.0
39 7 24.0
39 8 23.0
39 9 29.0
39 10 34.0
39 11 39.0
39 12 38.0
39 13 43.0
39 14 44.0
39 15 33.0
39 16 35.0
39 17 29.0
39 18 25.0
39 19 29.0
39 20 15.0
39 21 13.0
39 22 10.0
39 23 1.0
39 24 4.0
39 25 11.0
39 26 17.0
39 27 15.0
39 28 8.0
39 29 9.0
39 30 20.0
39 31 26.0
39 32 26.0
39 33 22.0
39 34 22.0
39 35 15.0
39 36 9.0
39 37 8.0
39 38 4.0
39 39 0.0
39 40 3.0
39 41 7.0
39 42 12.0
39 43 16.0
39 44 12.0
39 45 13.0
39 46 19.0
39 47 28.0
40 0 7.0
40 1 6.0
40 2 5.0
40 3 10.0
40 4 4.0
40 5 0.0
40 6 10.0
40 7 23.0
40 8 22.0
40 9 28.0
40 10 33.0
40 11 38.0
40 12 37.0
40 13 42.0
40 14 43.0
40 15 32.0
40 16 34.0
40 17 28.0
40 18 24.0
40 19 28.0
40 20 14.0
40 21 12.0
40 22 9.0
40 23 2.0
40 24 5.0
40 25 12.0
40 26 18.0
40 27 16.0
40 28 9.0
40 29 10.0
40 30 21.0
40 31 27.0
40 32 27.0
40 33 23.0
40 34 23.0
40 35 16.0
40 36 10.0
40 37 9.0
40 38 5.0
40 39 1.0
40 40 2.0
40 41 6.0
40 42 11.0
40 43 15.0
40 44 11.0
40 45 12.0
40 46 18.0
40 47 27.0
41 0 3.0
41 1 10.0
41 2 1.0
41 3 6.0
41 4 8.0
41 5 4.0
41 6 6.0
41 7 19.0
41 8 18.0
41 9 24.0
41 10 29.0
41 11 34.0
41 12 33.0
41 13 38.0
41 14 39.0
41 15 28.0
41 16 30.0
41 17 24.0
41 18 20.0
41 19 24.0
41 20 10.0
41 21 8.0
41 22 5.0
41 23 6.0
41 24 9.0
41 25 16.0
41 26 22.0
41 27 20.0
41 28 13.0
41 29 14.0
41 30 25.0
41 31 31.0
41 32 31.0
41 33 27.0
41 34 27.0
41 35 20.0
41 36 14.0
41 37 13.0
41 38 9.0
41 39 5.0
41 40 2.0
41 41 2.0
41 42 7.0
41 43 11.0
41 44 7.0
41 45 8.0
41 46 14.0
41 47 23.0
42 0 1.0
42 1 12.0
42 2 1.0
42 3 4.0
42 4 10.0
42 5 6.0
42 6 4.0
42 7 17.0
42 8 16.0
42 9 22.0
42 10 27.0
42 11 32.0
42 12 31.0
42 13 36.0
42 14 37.0
42 15 26.0
42 16 28.0
42 17 22.0
42 18 18.0
42 19 22.0
42 20 8.0
42 21 6.0
42 22 3.0
42 23 8.0
42 24 11.0
42 25 18.0
42 26 24.0
42 27 22.0
42 28 15.0
42 29 16.0
42 30 27.0
42 31 33.0
42 32 33.0
42 33 29.0
42 34 29.0
42 35 22.0
42 36 16.0
42 37 15.0
42 38 11.0
42 39 7.0
42 40 4.0
42 41 0.0
42 42 5.0
42 43 9.0
42 44 5.0
42 45 6.0
42 46 12.0
42 47 21.0
43 0 3.0
43 1 16.0
43 2 5.0
43 3 0.0
43 4 14.0
43 5 10.0
43 6 0.0
43 7 13.0
43 8 12.0
43 9 18.0
43 10 23.0
43 11 28.0
43 12 27.0
43 13 32.0
43 14 33.0
43 15 22.0
43 16 24.0
43 17 18.0
43 18 14.0
43 19 18.0
43 20 4.0
43 21 2.0
43 22 1.0
43 23 12.0
43 24 15.0
43 25 22.0
43 26 28.0
43 27 26.0
43 28 19.0
43 29 20.0
43 30 31.0
43 31 37.0
43 32 37.0
43 33 33.0
43 34 33.0
43 35 26.0
43 36 20.0
43 37 19.0
43 38 15.0
43 39 11.0
43 40 8.0
43 41 4.0
43 42 1.0
43 43 5.0
43 44 1.0
43 45 2.0
43 46 8.0
43 47 17.0
44 0 8.0
44 1 21.0
44 2 10.0
44 3 5.0
44 4 19.0
44 5 15.0
44 6 5.0
44 7 8.0
44 8 7.0
44 9 13.0
44 10 18.0
44 11 23.0
44 12 22.0
44 13 27.0
44 14 28.0
44 15 17.0
44 16 19.0
44 17 13.0
44 18 9.0
44 19 13.0
44 20 1.0
44 21 3.0
44 22 6.0
44 23 17.0
44 24 20.0
44 25 27.0
44 26 33.0
44 27 31.0
44 28 24.0
44 29 25.0
44 30 36.0
44 31 42.0
44 32 42.0
44 33 38.0
44 34 38.0
44 35 31.0
44 36 25.0
44 37 24.0
44 38 20.0
44 39 16.0
44 40 13.0
44 41 9.0
44 42 4.0
44 43 0.0
44 44 4.0
44 45 3.0
44 46 3.0
44 47 12.0
45 0 13.0
45 1 26.0
45 2 15.0
45 3 10.0
45 4 24.0
45 5 20.0
45 6 10.0
45 7 3.0
45 8 2.0
45 9 8.0
45 10 13.0
45 11 18.0
45 12 17.0
45 13 22.0
45 14 23.0
45 15 12.0
45 16 14.0
45 17 8.0
45 18 4.0
45 19 8.0
45 20 6.0
45 21 8.0
45 22 11.0
45 23 22.0
45 24 25.0
45 25 32.0
45 26 38.0
45 27 36.0
45 28 29.0
45 29 30.0
45 30 41.0
45 31 47.0
45 32 47.0
45 33 43.0
45 34 43.0
45 35 36.0
45 36 30.0
45 37 29.0
45 38 25.0
45 39 21.0
45 40 18.0
45 41 14.0
45 42 9.0
45 43 5.0
45 44 9.0
45 45 8.0
45 46 2.0
45 47 7.0
46 0 18.0
46 1 31.0
46 2 20.0
46 3 15.0
46 4 29.0
46 5 25.0
46 6 15.0
46 7 2.0
46 8 3.0
46 9 3.0
46 10 8.0
46 11 13.0
46 12 12.0
46 13 17.0
46 14 18.0
46 15 7.0
46 16 9.0
46 17 3.0
46 18 1.0
46 19 3.0
46 20 11.0
46 21 13.0
46 22 16.0
46 23 27.0
46 24 30.0
46 25 37.0
46 26 43.0
46 27 41.0
46 28 34.0
46 29 35.0
46 30 46.0
46 31 52.0
46 32 52.0
46 33 48.0
46 34 48.0
46 35 41.0
46 36 35.0
46 37 34.0
46 38 30.0
46 39 26.0
46 40 23.0
46 41 19.0
46 42 14.0
46 43 10.0
46 44 14.0
46 45 13.0
46 46 7.0
46 47 2.0
47 0 17.0
47 1 30.0
47 2 19.0
47 3 14.0
47 4 28.0
47 5 24.0
47 6 14.0
47 7 1.0
47 8 2.0
47 9 4.0
47 10 9.0
47 11 14.0
47 12 13.0
47 13 18.0
47 14 19.0
47 15 8.0
47 16 10.0
47 17 4.0
47 18 0.0
47 19 4.0
47 20 10.0
47 21 12.0
47 22 15.0
47 23 26.0
47 24 29.0
47 25 36.0
47 26 42.0
47 27 40.0
47 28 33.0
47 29 34.0
47 30 45.0
47 31 51.0
47 32 51.0
47 33 47.0
47 34 47.0
47 35 40.0
47 36 34.0
47 37 33.0
47 38 29.0
47 39 25.0
47 40 22.0
47 41 18.0
47 42 13.0
47 43 9.0
47 44 13.0
47 45 12.0
47 46 6.0
47 47 3.0
