x y C
0 0 0.5485021802097786
0 1 0.11440600058396733
0 2 0.44651630624151
0 3 0.7014809911621815
0 4 0.01242012661569869
0 5 0.19155162132083853
0 6 0.7014809911621815
0 7 1.3643891719559273
0 8 1.3133962349717931
0 9 1.619353856876599
0 10 1.8743185417972705
0 11 2.1292832267179422
0 12 2.0782902897338076
0 13 2.333254974654479
0 14 2.3842479116386137
0 15 1.8233256048131363
0 16 1.925311478781405
0 17 1.619353856876599
0 18 1.4153821089400618
0 19 1.619353856876599
0 20 0.9054527390987188
0 21 0.8034668651304502
0 22 0.6504880541780472
0 23 0.08956574735256989
0 24 0.06341306359983301
0 25 0.4203636224887731
0 26 0.7263212443935789
0 27 0.6243353704253103
0 28 0.2673848115363703
0 29 0.3183777485205045
0 30 0.879300055345982
0 31 1.1852576772507877
0 32 1.1852576772507877
0 33 0.9812859293142504
0 34 0.9812859293142504
0 35 0.6243353704253103
0 36 0.3183777485205045
0 37 0.2673848115363703
0 38 0.06341306359983301
0 39 0.1405586843367042
0 40 0.2935374952891071
0 41 0.4975092432256443
0 42 0.7524739281463159
0 43 0.956445676082853
0 44 0.7524739281463159
0 45 0.8034668651304502
0 46 1.1094244870352559
0 47 1.5683609198924646
1 0 1.256234066691702
1 1 0.593325885897956
1 2 1.1542481927234334
1 3 1.4092128776441049
1 4 0.6953117598662246
1 5 0.8992835078027619
1 6 1.4092128776441049
1 7 2.0721210584378507
1 8 2.0211281214537165
1 9 2.3270857433585226
1 10 2.582050428279194
1 11 2.8370151131998655
1 12 2.786022176215731
1 13 3.0409868611364024
1 14 3.091979798120537
1 15 2.5310574912950594
1 16 2.6330433652633283
1 17 2.3270857433585226
1 18 2.123113995421985
1 19 2.3270857433585226
1 20 1.6131846255806421
1 21 1.5111987516123735
1 22 1.3582199406599706
1 23 0.7972976338344933
1 24 0.6443188228820903
1 25 0.2873682639931502
1 26 0.018589357911655613
1 27 0.08339651605661302
1 28 0.44034707494555303
1 29 0.3893541379614188
1 30 0.17156816886405868
1 31 0.47752579076886437
1 32 0.47752579076886437
1 33 0.2735540428323271
1 34 0.2735540428323271
1 35 0.08339651605661302
1 36 0.3893541379614188
1 37 0.44034707494555303
1 38 0.6443188228820903
1 39 0.8482905708186275
1 40 1.0012693817710305
1 41 1.2052411297075676
1 42 1.4602058146282393
1 43 1.6641775625647763
1 44 1.4602058146282393
1 45 1.5111987516123735
1 46 1.8171563735171792
1 47 2.276092806374388
2 0 0.48416291780233106
2 1 0.1787452629914149
2 2 0.3821770438340624
2 3 0.637141728754734
2 4 0.07675938902314627
2 5 0.12721235891339094
2 6 0.637141728754734
2 7 1.3000499095484799
2 8 1.2490569725643457
2 9 1.5550145944691516
2 10 1.809979279389823
2 11 2.0649439643104945
2 12 2.0139510273263603
2 13 2.268915712247032
2 14 2.319908649231166
2 15 1.7589863424056889
2 16 1.8609722163739573
2 17 1.5550145944691516
2 18 1.3510428465326143
2 19 1.5550145944691516
2 20 0.8411134766912711
2 21 0.7391276027230026
2 22 0.5861487917705996
2 23 0.025226484945122307
2 24 0.1277523260072806
2 25 0.4847028848962207
2 26 0.7906605068010265
2 27 0.6886746328327579
2 28 0.33172407394381787
2 29 0.3827170109279521
2 30 0.9436393177534296
2 31 1.2495969396582352
2 32 1.2495969396582352
2 33 1.0456251917216979
2 34 1.0456251917216979
2 35 0.6886746328327579
2 36 0.3827170109279521
2 37 0.33172407394381787
2 38 0.1277523260072806
2 39 0.07621942192925663
2 40 0.22919823288165952
2 41 0.43316998081819674
2 42 0.6881346657388683
2 43 0.8921064136754056
2 44 0.6881346657388683
2 45 0.7391276027230026
2 46 1.0450852246278084
2 47 1.504021657485017
3 0 0.48416291780233106
3 1 0.1787452629914149
3 2 0.3821770438340624
3 3 0.637141728754734
3 4 0.07675938902314627
3 5 0.12721235891339094
3 6 0.637141728754734
3 7 1.3000499095484799
3 8 1.2490569725643457
3 9 1.5550145944691516
3 10 1.809979279389823
3 11 2.0649439643104945
3 12 2.0139510273263603
3 13 2.268915712247032
3 14 2.319908649231166
3 15 1.7589863424056889
3 16 1.8609722163739573
3 17 1.5550145944691516
3 18 1.3510428465326143
3 19 1.5550145944691516
3 20 0.8411134766912711
3 21 0.7391276027230026
3 22 0.5861487917705996
3 23 0.025226484945122307
3 24 0.1277523260072806
3 25 0.4847028848962207
3 26 0.7906605068010265
3 27 0.6886746328327579
3 28 0.33172407394381787
3 29 0.3827170109279521
3 30 0.9436393177534296
3 31 1.2495969396582352
3 32 1.2495969396582352
3 33 1.0456251917216979
3 34 1.0456251917216979
3 35 0.6886746328327579
3 36 0.3827170109279521
3 37 0.33172407394381787
3 38 0.1277523260072806
3 39 0.07621942192925663
3 40 0.22919823288165952
3 41 0.43316998081819674
3 42 0.6881346657388683
3 43 0.8921064136754056
3 44 0.6881346657388683
3 45 0.7391276027230026
3 46 1.0450852246278084
3 47 1.504021657485017
4 0 0.1624666057650932
4 1 0.5004415750286528
4 2 0.060480731796824574
4 3 0.3154454167174961
4 4 0.39845570106038414
4 5 0.19448395312384692
4 6 0.3154454167174961
4 7 0.9783535975112421
4 8 0.9273606605271079
4 9 1.2333182824319135
4 10 1.488282967352585
4 11 1.7432476522732565
4 12 1.6922547152891223
4 13 1.9472194002097938
4 14 1.998212337193928
4 15 1.4372900303684508
4 16 1.5392759043367195
4 17 1.2333182824319135
4 18 1.0293465344953763
4 19 1.2333182824319135
4 20 0.5194171646540333
4 21 0.41743129068576473
4 22 0.2644524797333618
4 23 0.29646982709211556
4 24 0.44944863804451846
4 25 0.8063991969334585
4 26 1.1123568188382644
4 27 1.0103709448699958
4 28 0.6534203859810557
4 29 0.7044133229651899
4 30 1.2653356297906675
4 31 1.5712932516954732
4 32 1.5712932516954732
4 33 1.367321503758936
4 34 1.367321503758936
4 35 1.0103709448699958
4 36 0.7044133229651899
4 37 0.6534203859810557
4 38 0.44944863804451846
4 39 0.24547689010798124
4 40 0.09249807915557834
4 41 0.11147366878095888
4 42 0.3664383537016304
4 43 0.5704101016381676
4 44 0.3664383537016304
4 45 0.41743129068576473
4 46 0.7233889125905706
4 47 1.1823253454477791
5 0 0.4809260183093825
5 1 1.1438341991031284
5 2 0.5829118922776511
5 3 0.3279472073569796
5 4 1.0418483251348598
5 5 0.8378765771983225
5 6 0.3279472073569796
5 7 0.33496097343676634
5 8 0.28396803645263213
5 9 0.5899256583574379
5 10 0.8448903432781094
5 11 1.099855028198781
5 12 1.0488620912146467
5 13 1.3038267761353182
5 14 1.3548197131194524
5 15 0.7938974062939752
5 16 0.8958832802622438
5 17 0.5899256583574379
5 18 0.38595391042090066
5 19 0.5899256583574379
5 20 0.12397545942044236
5 21 0.22596133338871094
5 22 0.3789401443411139
5 23 0.9398624511665912
5 24 1.092841262118994
5 25 1.4497918210079344
5 26 1.75574944291274
5 27 1.6537635689444714
5 28 1.2968130100555313
5 29 1.3478059470396655
5 30 1.908728253865143
5 31 2.214685875769949
5 32 2.214685875769949
5 33 2.0107141278334115
5 34 2.0107141278334115
5 35 1.6537635689444714
5 36 1.3478059470396655
5 37 1.2968130100555313
5 38 1.092841262118994
5 39 0.888869514182457
5 40 0.735890703230054
5 41 0.5319189552935167
5 42 0.27695427037284526
5 43 0.07298252243630804
5 44 0.27695427037284526
5 45 0.22596133338871094
5 46 0.07999628851609486
5 47 0.5389327213733035
6 0 0.6739438055317253
6 1 1.3368519863254713
6 2 0.7759296794999938
6 3 0.5209649945793223
6 4 1.2348661123572025
6 5 1.0308943644206654
6 6 0.5209649945793223
6 7 0.1419431862144236
6 8 0.09095024923028938
6 9 0.3969078711350952
6 10 0.6518725560557667
6 11 0.9068372409764381
6 12 0.8558443039923039
6 13 1.1108089889129755
6 14 1.1618019258971097
6 15 0.6008796190716325
6 16 0.7028654930399011
6 17 0.3969078711350952
6 18 0.1929361231985579
6 19 0.3969078711350952
6 20 0.3169932466427851
6 21 0.4189791206110537
6 22 0.5719579315634566
6 23 1.132880238388934
6 24 1.2858590493413369
6 25 1.642809608230277
6 26 1.9487672301350827
6 27 1.8467813561668143
6 28 1.4898307972778742
6 29 1.5408237342620084
6 30 2.1017460410874858
6 31 2.4077036629922914
6 32 2.4077036629922914
6 33 2.203731915055754
6 34 2.203731915055754
6 35 1.8467813561668143
6 36 1.5408237342620084
6 37 1.4898307972778742
6 38 1.2858590493413369
6 39 1.0818873014047996
6 40 0.9289084904523968
6 41 0.7249367425158595
6 42 0.469972057595188
6 43 0.2660003096586508
6 44 0.469972057595188
6 45 0.4189791206110537
6 46 0.11302149870624789
6 47 0.34591493415096075
7 0 0.6739438055317253
7 1 1.3368519863254713
7 2 0.7759296794999938
7 3 0.5209649945793223
7 4 1.2348661123572025
7 5 1.0308943644206654
7 6 0.5209649945793223
7 7 0.1419431862144236
7 8 0.09095024923028938
7 9 0.3969078711350952
7 10 0.6518725560557667
7 11 0.9068372409764381
7 12 0.8558443039923039
7 13 1.1108089889129755
7 14 1.1618019258971097
7 15 0.6008796190716325
7 16 0.7028654930399011
7 17 0.3969078711350952
7 18 0.1929361231985579
7 19 0.3969078711350952
7 20 0.3169932466427851
7 21 0.4189791206110537
7 22 0.5719579315634566
7 23 1.132880238388934
7 24 1.2858590493413369
7 25 1.642809608230277
7 26 1.9487672301350827
7 27 1.8467813561668143
7 28 1.4898307972778742
7 29 1.5408237342620084
7 30 2.1017460410874858
7 31 2.4077036629922914
7 32 2.4077036629922914
7 33 2.203731915055754
7 34 2.203731915055754
7 35 1.8467813561668143
7 36 1.5408237342620084
7 37 1.4898307972778742
7 38 1.2858590493413369
7 39 1.0818873014047996
7 40 0.9289084904523968
7 41 0.7249367425158595
7 42 0.469972057595188
7 43 0.2660003096586508
7 44 0.469972057595188
7 45 0.4189791206110537
7 46 0.11302149870624789
7 47 0.34591493415096075
8 0 1.5103542168285435
8 1 2.1732623976222896
8 2 1.6123400907968122
8 3 1.3573754058761407
8 4 2.0712765236540207
8 5 1.8673047757174837
8 6 1.3573754058761407
8 7 0.6944672250823948
8 8 0.745460162066529
8 9 0.4395025401617232
8 10 0.1845378552410517
8 11 0.07042682967961977
8 12 0.019433892695485566
8 13 0.27439857761615705
8 14 0.32539151460029125
8 15 0.23553079222518591
8 16 0.13354491825691728
8 17 0.4395025401617232
8 18 0.6434742880982605
8 19 0.4395025401617232
8 20 1.1534036579396034
8 21 1.255389531907872
8 22 1.408368342860275
8 23 1.9692906496857523
8 24 2.1222694606381554
8 25 2.4792200195270953
8 26 2.7851776414319014
8 27 2.6831917674636325
8 28 2.3262412085746926
8 29 2.377234145558827
8 30 2.9381564523843045
8 31 3.2441140742891097
8 32 3.2441140742891097
8 33 3.040142326352573
8 34 3.040142326352573
8 35 2.6831917674636325
8 36 2.377234145558827
8 37 2.3262412085746926
8 38 2.1222694606381554
8 39 1.918297712701618
8 40 1.765318901749215
8 41 1.561347153812678
8 42 1.3063824688920063
8 43 1.1024107209554692
8 44 1.3063824688920063
8 45 1.255389531907872
8 46 0.9494319100030663
8 47 0.4904954771458576
9 0 1.6390327416434387
9 1 2.3019409224371845
9 2 1.7410186156117073
9 3 1.4860539306910359
9 4 2.199955048468916
9 5 1.9959833005323788
9 6 1.4860539306910359
9 7 0.82314574989729
9 8 0.8741386868814242
9 9 0.5681810649766184
9 10 0.3132163800559469
9 11 0.058251695135275394
9 12 0.1092446321194096
9 13 0.14572005280126188
9 14 0.1967129897853961
9 15 0.3642093170400811
9 16 0.26222344307181245
9 17 0.5681810649766184
9 18 0.7721528129131556
9 19 0.5681810649766184
9 20 1.2820821827544986
9 21 1.3840680567227672
9 22 1.53704686767517
9 23 2.0979691745006477
9 24 2.2509479854530503
9 25 2.6078985443419906
9 26 2.9138561662467963
9 27 2.8118702922785275
9 28 2.4549197333895876
9 29 2.505912670373722
9 30 3.0668349771991994
9 31 3.372792599104005
9 32 3.372792599104005
9 33 3.168820851167468
9 34 3.168820851167468
9 35 2.8118702922785275
9 36 2.505912670373722
9 37 2.4549197333895876
9 38 2.2509479854530503
9 39 2.046976237516513
9 40 1.8939974265641104
9 41 1.6900256786275731
9 42 1.4350609937069017
9 43 1.2310892457703644
9 44 1.4350609937069017
9 45 1.3840680567227672
9 46 1.0781104348179613
9 47 0.6191740019607528
10 0 1.3816756920136484
10 1 2.0445838728073946
10 2 1.483661565981917
10 3 1.2286968810612455
10 4 1.9425979988391258
10 5 1.7386262509025885
10 6 1.2286968810612455
10 7 0.5657887002674996
10 8 0.6167816372516338
10 9 0.310824015346828
10 10 0.05585933042615654
10 11 0.19910535449451494
10 12 0.14811241751038073
10 13 0.4030771024310522
10 14 0.4540700394151864
10 15 0.10685226741029075
10 16 0.00486639344202211
10 17 0.310824015346828
10 18 0.5147957632833653
10 19 0.310824015346828
10 20 1.0247251331247083
10 21 1.126711007092977
10 22 1.2796898180453797
10 23 1.8406121248708571
10 24 1.99359093582326
10 25 2.3505414947122003
10 26 2.656499116617006
10 27 2.5545132426487376
10 28 2.1975626837597972
10 29 2.2485556207439314
10 30 2.809477927569409
10 31 3.1154355494742147
10 32 3.1154355494742147
10 33 2.9114638015376775
10 34 2.9114638015376775
10 35 2.5545132426487376
10 36 2.2485556207439314
10 37 2.1975626837597972
10 38 1.99359093582326
10 39 1.789619187886723
10 40 1.63664037693432
10 41 1.4326686289977828
10 42 1.1777039440771113
10 43 0.973732196140574
10 44 1.1777039440771113
10 45 1.126711007092977
10 46 0.8207533851881711
10 47 0.36181695233096245
11 0 1.3816756920136484
11 1 2.0445838728073946
11 2 1.483661565981917
11 3 1.2286968810612455
11 4 1.9425979988391258
11 5 1.7386262509025885
11 6 1.2286968810612455
11 7 0.5657887002674996
11 8 0.6167816372516338
11 9 0.310824015346828
11 10 0.05585933042615654
11 11 0.19910535449451494
11 12 0.14811241751038073
11 13 0.4030771024310522
11 14 0.4540700394151864
11 15 0.10685226741029075
11 16 0.00486639344202211
11 17 0.310824015346828
11 18 0.5147957632833653
11 19 0.310824015346828
11 20 1.0247251331247083
11 21 1.126711007092977
11 22 1.2796898180453797
11 23 1.8406121248708571
11 24 1.99359093582326
11 25 2.3505414947122003
11 26 2.656499116617006
11 27 2.5545132426487376
11 28 2.1975626837597972
11 29 2.2485556207439314
11 30 2.809477927569409
11 31 3.1154355494742147
11 32 3.1154355494742147
11 33 2.9114638015376775
11 34 2.9114638015376775
11 35 2.5545132426487376
11 36 2.2485556207439314
11 37 2.1975626837597972
11 38 1.99359093582326
11 39 1.789619187886723
11 40 1.63664037693432
11 41 1.4326686289977828
11 42 1.1777039440771113
11 43 0.973732196140574
11 44 1.1777039440771113
11 45 1.126711007092977
11 46 0.8207533851881711
11 47 0.36181695233096245
12 0 1.6390327416434387
12 1 2.3019409224371845
12 2 1.7410186156117073
12 3 1.4860539306910359
12 4 2.199955048468916
12 5 1.9959833005323788
12 6 1.4860539306910359
12 7 0.82314574989729
12 8 0.8741386868814242
12 9 0.5681810649766184
12 10 0.3132163800559469
12 11 0.058251695135275394
12 12 0.1092446321194096
12 13 0.14572005280126188
12 14 0.1967129897853961
12 15 0.3642093170400811
12 16 0.26222344307181245
12 17 0.5681810649766184
12 18 0.7721528129131556
12 19 0.5681810649766184
12 20 1.2820821827544986
12 21 1.3840680567227672
12 22 1.53704686767517
12 23 2.0979691745006477
12 24 2.2509479854530503
12 25 2.6078985443419906
12 26 2.9138561662467963
12 27 2.8118702922785275
12 28 2.4549197333895876
12 29 2.505912670373722
12 30 3.0668349771991994
12 31 3.372792599104005
12 32 3.372792599104005
12 33 3.168820851167468
12 34 3.168820851167468
12 35 2.8118702922785275
12 36 2.505912670373722
12 37 2.4549197333895876
12 38 2.2509479854530503
12 39 2.046976237516513
12 40 1.8939974265641104
12 41 1.6900256786275731
12 42 1.4350609937069017
12 43 1.2310892457703644
12 44 1.4350609937069017
12 45 1.3840680567227672
12 46 1.0781104348179613
12 47 0.6191740019607528
13 0 1.6390327416434387
13 1 2.3019409224371845
13 2 1.7410186156117073
13 3 1.4860539306910359
13 4 2.199955048468916
13 5 1.9959833005323788
13 6 1.4860539306910359
13 7 0.82314574989729
13 8 0.8741386868814242
13 9 0.5681810649766184
13 10 0.3132163800559469
13 11 0.058251695135275394
13 12 0.1092446321194096
13 13 0.14572005280126188
13 14 0.1967129897853961
13 15 0.3642093170400811
13 16 0.26222344307181245
13 17 0.5681810649766184
13 18 0.7721528129131556
13 19 0.5681810649766184
13 20 1.2820821827544986
13 21 1.3840680567227672
13 22 1.53704686767517
13 23 2.0979691745006477
13 24 2.2509479854530503
13 25 2.6078985443419906
13 26 2.9138561662467963
13 27 2.8118702922785275
13 28 2.4549197333895876
13 29 2.505912670373722
13 30 3.0668349771991994
13 31 3.372792599104005
13 32 3.372792599104005
13 33 3.168820851167468
13 34 3.168820851167468
13 35 2.8118702922785275
13 36 2.505912670373722
13 37 2.4549197333895876
13 38 2.2509479854530503
13 39 2.046976237516513
13 40 1.8939974265641104
13 41 1.6900256786275731
13 42 1.4350609937069017
13 43 1.2310892457703644
13 44 1.4350609937069017
13 45 1.3840680567227672
13 46 1.0781104348179613
13 47 0.6191740019607528
14 0 1.5746934792359912
14 1 2.2376016600297373
14 2 1.6766793532042599
14 3 1.4217146682835884
14 4 2.135615786061469
14 5 1.9316440381249314
14 6 1.4217146682835884
14 7 0.7588064874898425
14 8 0.8097994244739767
14 9 0.5038418025691709
14 10 0.2488771176484994
14 11 0.006087567272172079
14 12 0.04490536971196213
14 13 0.21005931520870935
14 14 0.26105225219284356
14 15 0.2998700546326336
14 16 0.19788418066436497
14 17 0.5038418025691709
14 18 0.7078135505057082
14 19 0.5038418025691709
14 20 1.2177429203470511
14 21 1.3197287943153198
14 22 1.4727076052677226
14 23 2.0336299120932
14 24 2.186608723045603
14 25 2.543559281934543
14 26 2.8495169038393486
14 27 2.74753102987108
14 28 2.3905804709821403
14 29 2.4415734079662745
14 30 3.0024957147917517
14 31 3.308453336696558
14 32 3.308453336696558
14 33 3.10448158876002
14 34 3.10448158876002
14 35 2.74753102987108
14 36 2.4415734079662745
14 37 2.3905804709821403
14 38 2.186608723045603
14 39 1.9826369751090658
14 40 1.8296581641566627
14 41 1.6256864162201257
14 42 1.370721731299454
14 43 1.166749983362917
14 44 1.370721731299454
14 45 1.3197287943153198
14 46 1.013771172410514
14 47 0.5548347395533053
15 0 1.446014954421096
15 1 2.108923135214842
15 2 1.5480008283893647
15 3 1.2930361434686932
15 4 2.0069372612465735
15 5 1.8029655133100362
15 6 1.2930361434686932
15 7 0.6301279626749473
15 8 0.6811208996590815
15 9 0.3751632777542757
15 10 0.12019859283360423
15 11 0.13476609208706725
15 12 0.08377315510293304
15 13 0.3387378400236045
15 14 0.3897307770077387
15 15 0.17119152981773844
15 16 0.0692056558494698
15 17 0.3751632777542757
15 18 0.579135025690813
15 19 0.3751632777542757
15 20 1.089064395532156
15 21 1.1910502695004246
15 22 1.3440290804528274
15 23 1.9049513872783048
15 24 2.0579301982307077
15 25 2.414880757119648
15 26 2.7208383790244537
15 27 2.618852505056185
15 28 2.261901946167245
15 29 2.312894883151379
15 30 2.8738171899768568
15 31 3.1797748118816624
15 32 3.1797748118816624
15 33 2.975803063945125
15 34 2.975803063945125
15 35 2.618852505056185
15 36 2.312894883151379
15 37 2.261901946167245
15 38 2.0579301982307077
15 39 1.8539584502941706
15 40 1.7009796393417678
15 41 1.4970078914052305
15 42 1.242043206484559
15 43 1.0380714585480217
15 44 1.242043206484559
15 45 1.1910502695004246
15 46 0.8850926475956188
15 47 0.42615621473841014
16 0 0.9313008551615155
16 1 1.5942090359552614
16 2 1.033286729129784
16 3 0.7783220442091126
16 4 1.4922231619869928
16 5 1.2882514140504555
16 6 0.7783220442091126
16 7 0.11541386341536664
16 8 0.16640680039950084
16 9 0.13955082150530496
16 10 0.39451550642597644
16 11 0.6494801913466479
16 12 0.5984872543625137
16 13 0.8534519392831852
16 14 0.9044448762673194
16 15 0.34352256944184223
16 16 0.44550844341011087
16 17 0.13955082150530496
16 18 0.06442092643123232
16 19 0.13955082150530496
16 20 0.5743502962725753
16 21 0.6763361702408439
16 22 0.8293149811932469
16 23 1.3902372880187241
16 24 1.543216098971127
16 25 1.9001666578600673
16 26 2.206124279764873
16 27 2.104138405796604
16 28 1.7471878469076643
16 29 1.7981807838917985
16 30 2.359103090717276
16 31 2.6650607126220818
16 32 2.6650607126220818
16 33 2.4610889646855445
16 34 2.4610889646855445
16 35 2.104138405796604
16 36 1.7981807838917985
16 37 1.7471878469076643
16 38 1.543216098971127
16 39 1.33924435103459
16 40 1.186265540082187
16 41 0.9822937921456497
16 42 0.7273291072249782
16 43 0.5233573592884411
16 44 0.7273291072249782
16 45 0.6763361702408439
16 46 0.3703785483360381
16 47 0.08855788452117053
17 0 1.0599793799764106
17 1 1.7228875607701566
17 2 1.1619652539446792
17 3 0.9070005690240077
17 4 1.620901686801888
17 5 1.4169299388653507
17 6 0.9070005690240077
17 7 0.2440923882302618
17 8 0.295085325214396
17 9 0.010872296690409788
17 10 0.26583698161108127
17 11 0.5208016665317527
17 12 0.46980872954761854
17 13 0.72477341446829
17 14 0.7757663514524242
17 15 0.21484404462694706
17 16 0.3168299185952157
17 17 0.010872296690409788
17 18 0.19309945124612748
17 19 0.010872296690409788
17 20 0.7030288210874704
17 21 0.8050146950557391
17 22 0.957993506008142
17 23 1.5189158128336193
17 24 1.6718946237860224
17 25 2.0288451826749623
17 26 2.334802804579768
17 27 2.2328169306114996
17 28 1.8758663717225597
17 29 1.9268593087066939
17 30 2.487781615532171
17 31 2.793739237436977
17 32 2.793739237436977
17 33 2.5897674895004394
17 34 2.5897674895004394
17 35 2.2328169306114996
17 36 1.9268593087066939
17 37 1.8758663717225597
17 38 1.6718946237860224
17 39 1.467922875849485
17 40 1.314944064897082
17 41 1.110972316960545
17 42 0.8560076320398734
17 43 0.6520358841033362
17 44 0.8560076320398734
17 45 0.8050146950557391
17 46 0.4990570731509333
17 47 0.04012064029372464
18 0 0.6096045431242777
18 1 1.2725127239180236
18 2 0.7115904170925462
18 3 0.45662573217187474
18 4 1.170526849949755
18 5 0.9665551020132177
18 6 0.45662573217187474
18 7 0.20628244862187117
18 8 0.15528951163773697
18 9 0.46124713354254276
18 10 0.7162118184632142
18 11 0.9711765033838857
18 12 0.9201835663997515
18 13 1.175148251320423
18 14 1.2261411883045572
18 15 0.66521888147908
18 16 0.7672047554473487
18 17 0.46124713354254276
18 18 0.2572753856060055
18 19 0.46124713354254276
18 20 0.2526539842353375
18 21 0.3546398582036061
18 22 0.5076186691560091
18 23 1.0685409759814863
18 24 1.2215197869338894
18 25 1.5784703458228293
18 26 1.8844279677276352
18 27 1.7824420937593666
18 28 1.4254915348704267
18 29 1.4764844718545609
18 30 2.0374067786800385
18 31 2.3433644005848437
18 32 2.3433644005848437
18 33 2.139392652648307
18 34 2.139392652648307
18 35 1.7824420937593666
18 36 1.4764844718545609
18 37 1.4254915348704267
18 38 1.2215197869338894
18 39 1.0175480389973521
18 40 0.8645692280449492
18 41 0.6605974801084119
18 42 0.4056327951877404
18 43 0.2016610472512032
18 44 0.4056327951877404
18 45 0.3546398582036061
18 46 0.04868223629880031
18 47 0.41025419655840833
19 0 0.22356896867959222
19 1 0.8864771494733382
19 2 0.32555484264786083
19 3 0.07059015772718932
19 4 0.7844912755050696
19 5 0.5805195275685323
19 6 0.07059015772718932
19 7 0.5923180230665566
19 8 0.5413250860824224
19 9 0.8472827079872282
19 10 1.1022473929078997
19 11 1.3572120778285712
19 12 1.306219140844437
19 13 1.5611838257651085
19 14 1.6121767627492427
19 15 1.0512544559237655
19 16 1.1532403298920342
19 17 0.8472827079872282
19 18 0.6433109600506909
19 19 0.8472827079872282
19 20 0.1333815902093479
19 21 0.03139571624107931
19 22 0.12158309471132363
19 23 0.682505401536801
19 24 0.8354842124892039
19 25 1.192434771378144
19 26 1.4983923932829497
19 27 1.396406519314681
19 28 1.0394559604257412
19 29 1.0904488974098754
19 30 1.6513712042353528
19 31 1.9573288261401585
19 32 1.9573288261401585
19 33 1.7533570782036212
19 34 1.7533570782036212
19 35 1.396406519314681
19 36 1.0904488974098754
19 37 1.0394559604257412
19 38 0.8354842124892039
19 39 0.6315124645526666
19 40 0.4785336536002638
19 41 0.2745619056637265
19 42 0.019597220743055005
19 43 0.1843745271934822
19 44 0.019597220743055005
19 45 0.03139571624107931
19 46 0.3373533381458851
19 47 0.7962897710030937
20 0 0.030551181457249513
20 1 0.6934593622509955
20 2 0.13253705542551814
20 3 0.1224276294951534
20 4 0.5914734882827268
20 5 0.3875017403461896
20 6 0.1224276294951534
20 7 0.7853358102888993
20 8 0.7343428733047651
20 9 1.040300495209571
20 10 1.2952651801302424
20 11 1.5502298650509139
20 12 1.4992369280667797
20 13 1.7542016129874511
20 14 1.8051945499715853
20 15 1.2442722431461082
20 16 1.3462581171143768
20 17 1.040300495209571
20 18 0.8363287472730336
20 19 1.040300495209571
20 20 0.3263993774316906
20 21 0.22441350346342204
20 22 0.0714346925110191
20 23 0.48948761431445825
20 24 0.6424664252668612
20 25 0.9994169841558013
20 26 1.305374606060607
20 27 1.2033887320923384
20 28 0.8464381732033984
20 29 0.8974311101875326
20 30 1.4583534170130101
20 31 1.7643110389178158
20 32 1.7643110389178158
20 33 1.5603392909812785
20 34 1.5603392909812785
20 35 1.2033887320923384
20 36 0.8974311101875326
20 37 0.8464381732033984
20 38 0.6424664252668612
20 39 0.43849467733032393
20 40 0.28551586637792103
20 41 0.08154411844138382
20 42 0.17342056647928772
20 43 0.37739231441582494
20 44 0.17342056647928772
20 45 0.22441350346342204
20 46 0.5303711253682278
20 47 0.9893075582254365
21 0 0.29114513057998836
21 1 0.3717630502137576
21 2 0.18915925661171973
21 3 0.44412394153239126
21 4 0.26977717624548897
21 5 0.06580542830895175
21 6 0.44412394153239126
21 7 1.1070321223261372
21 8 1.056039185342003
21 9 1.3619968072468087
21 10 1.6169614921674802
21 11 1.8719261770881517
21 12 1.8209332401040175
21 13 2.075897925024689
21 14 2.1268908620088234
21 15 1.565968555183346
21 16 1.6679544291516146
21 17 1.3619968072468087
21 18 1.1580250593102714
21 19 1.3619968072468087
21 20 0.6480956894689285
21 21 0.5461098155006598
21 22 0.39313100454825695
21 23 0.1677913022772204
21 24 0.3207701132296233
21 25 0.6777206721185633
21 26 0.9836782940233693
21 27 0.8816924200551006
21 28 0.5247418611661605
21 29 0.5757347981502947
21 30 1.1366571049757723
21 31 1.442614726880578
21 32 1.442614726880578
21 33 1.2386429789440407
21 34 1.2386429789440407
21 35 0.8816924200551006
21 36 0.5757347981502947
21 37 0.5247418611661605
21 38 0.3207701132296233
21 39 0.11679836529308607
21 40 0.03618044565931683
21 41 0.24015219359585405
21 42 0.4951168785165256
21 43 0.6990886264530628
21 44 0.4951168785165256
21 45 0.5461098155006598
21 46 0.8520674374054658
21 47 1.3110038702626743
22 0 0.033788080950198064
22 1 0.6291200998435479
22 2 0.06819779301807055
22 3 0.18676689190260098
22 4 0.5271342258752792
22 5 0.32316247793874203
22 6 0.18676689190260098
22 7 0.8496750726963469
22 8 0.7986821357122127
22 9 1.1046397576170184
22 10 1.3596044425376899
22 11 1.6145691274583613
22 12 1.5635761904742271
22 13 1.8185408753948986
22 14 1.8695338123790328
22 15 1.3086115055535557
22 16 1.4105973795218243
22 17 1.1046397576170184
22 18 0.9006680096804812
22 19 1.1046397576170184
22 20 0.3907386398391382
22 21 0.2887527658708696
22 22 0.13577395491846667
22 23 0.42514835190701067
22 24 0.5781271628594136
22 25 0.9350777217483537
22 26 1.2410353436531596
22 27 1.139049469684891
22 28 0.7820989107959508
22 29 0.833091847780085
22 30 1.3940141546055627
22 31 1.6999717765103683
22 32 1.6999717765103683
22 33 1.496000028573831
22 34 1.496000028573831
22 35 1.139049469684891
22 36 0.833091847780085
22 37 0.7820989107959508
22 38 0.5781271628594136
22 39 0.37415541492287635
22 40 0.22117660397047345
22 41 0.01720485603393624
22 42 0.2377598288867353
22 43 0.4417315768232725
22 44 0.2377598288867353
22 45 0.2887527658708696
22 46 0.5947103877756754
22 47 1.053646820632884
23 0 0.5485021802097786
23 1 0.11440600058396733
23 2 0.44651630624151
23 3 0.7014809911621815
23 4 0.01242012661569869
23 5 0.19155162132083853
23 6 0.7014809911621815
23 7 1.3643891719559273
23 8 1.3133962349717931
23 9 1.619353856876599
23 10 1.8743185417972705
23 11 2.1292832267179422
23 12 2.0782902897338076
23 13 2.333254974654479
23 14 2.3842479116386137
23 15 1.8233256048131363
23 16 1.925311478781405
23 17 1.619353856876599
23 18 1.4153821089400618
23 19 1.619353856876599
23 20 0.9054527390987188
23 21 0.8034668651304502
23 22 0.6504880541780472
23 23 0.08956574735256989
23 24 0.06341306359983301
23 25 0.4203636224887731
23 26 0.7263212443935789
23 27 0.6243353704253103
23 28 0.2673848115363703
23 29 0.3183777485205045
23 30 0.879300055345982
23 31 1.1852576772507877
23 32 1.1852576772507877
23 33 0.9812859293142504
23 34 0.9812859293142504
23 35 0.6243353704253103
23 36 0.3183777485205045
23 37 0.2673848115363703
23 38 0.06341306359983301
23 39 0.1405586843367042
23 40 0.2935374952891071
23 41 0.4975092432256443
23 42 0.7524739281463159
23 43 0.956445676082853
23 44 0.7524739281463159
23 45 0.8034668651304502
23 46 1.1094244870352559
23 47 1.5683609198924646
24 0 0.8058592298395688
24 1 0.1429510490458229
24 2 0.7038733558713003
24 3 0.9588380407919718
24 4 0.24493692301409153
24 5 0.44890867095062875
24 6 0.9588380407919718
24 7 1.6217462215857177
24 8 1.5707532846015835
24 9 1.8767109065063892
24 10 2.1316755914270606
24 11 2.386640276347732
24 12 2.335647339363598
24 13 2.5906120242842694
24 14 2.6416049612684036
24 15 2.0806826544429264
24 16 2.1826685284111953
24 17 1.8767109065063892
24 18 1.672739158569852
24 19 1.8767109065063892
24 20 1.162809788728509
24 21 1.0608239147602405
24 22 0.9078451038078375
24 23 0.3469227969823601
24 24 0.19394398602995722
24 25 0.1630065728589829
24 26 0.4689641947637887
24 27 0.36697832079552006
24 28 0.010027761906580057
24 29 0.061020698890714264
24 30 0.6219430057161918
24 31 0.9279006276209975
24 32 0.9279006276209975
24 33 0.7239288796844602
24 34 0.7239288796844602
24 35 0.36697832079552006
24 36 0.061020698890714264
24 37 0.010027761906580057
24 38 0.19394398602995722
24 39 0.39791573396649443
24 40 0.5508945449188973
24 41 0.7548662928554346
24 42 1.009830977776106
24 43 1.2138027257126434
24 44 1.009830977776106
24 45 1.0608239147602405
24 46 1.3667815366650462
24 47 1.825717969522255
25 0 0.7415199674321212
25 1 0.07861178663837531
25 2 0.6395340934638527
25 3 0.8944987783845242
25 4 0.18059766060664395
25 5 0.38456940854318117
25 6 0.8944987783845242
25 7 1.55740695917827
25 8 1.5064140221941358
25 9 1.8123716440989417
25 10 2.0673363290196134
25 11 2.322301013940285
25 12 2.2713080769561502
25 13 2.5262727618768217
25 14 2.5772656988609564
25 15 2.0163433920354787
25 16 2.1183292660037476
25 17 1.8123716440989417
25 18 1.6083998961624044
25 19 1.8123716440989417
25 20 1.0984705263210615
25 21 0.9964846523527928
25 22 0.8435058414003899
25 23 0.28258353457491253
25 24 0.12960472362250963
25 25 0.22734583526643048
25 26 0.5333034571712363
25 27 0.43131758320296765
25 28 0.07436702431402764
25 29 0.12535996129816185
25 30 0.6862822681236393
25 31 0.992239890028445
25 32 0.992239890028445
25 33 0.7882681420919078
25 34 0.7882681420919078
25 35 0.43131758320296765
25 36 0.12535996129816185
25 37 0.07436702431402764
25 38 0.12960472362250963
25 39 0.33357647155904685
25 40 0.48655528251144975
25 41 0.690527030447987
25 42 0.9454917153686585
25 43 1.1494634633051957
25 44 0.9454917153686585
25 45 0.9964846523527928
25 46 1.3024422742575985
25 47 1.7613787071148073
26 0 1.256234066691702
26 1 0.593325885897956
26 2 1.1542481927234334
26 3 1.4092128776441049
26 4 0.6953117598662246
26 5 0.8992835078027619
26 6 1.4092128776441049
26 7 2.0721210584378507
26 8 2.0211281214537165
26 9 2.3270857433585226
26 10 2.582050428279194
26 11 2.8370151131998655
26 12 2.786022176215731
26 13 3.0409868611364024
26 14 3.091979798120537
26 15 2.5310574912950594
26 16 2.6330433652633283
26 17 2.3270857433585226
26 18 2.123113995421985
26 19 2.3270857433585226
26 20 1.6131846255806421
26 21 1.5111987516123735
26 22 1.3582199406599706
26 23 0.7972976338344933
26 24 0.6443188228820903
26 25 0.2873682639931502
26 26 0.018589357911655613
26 27 0.08339651605661302
26 28 0.44034707494555303
26 29 0.3893541379614188
26 30 0.17156816886405868
26 31 0.47752579076886437
26 32 0.47752579076886437
26 33 0.2735540428323271
26 34 0.2735540428323271
26 35 0.08339651605661302
26 36 0.3893541379614188
26 37 0.44034707494555303
26 38 0.6443188228820903
26 39 0.8482905708186275
26 40 1.0012693817710305
26 41 1.2052411297075676
26 42 1.4602058146282393
26 43 1.6641775625647763
26 44 1.4602058146282393
26 45 1.5111987516123735
26 46 1.8171563735171792
26 47 2.276092806374388
27 0 1.3205733290991495
27 1 0.6576651483054035
27 2 1.2185874551308808
27 3 1.4735521400515523
27 4 0.7596510222736721
27 5 0.9636227702102094
27 6 1.4735521400515523
27 7 2.1364603208452984
27 8 2.085467383861164
27 9 2.39142500576597
27 10 2.6463896906866413
27 11 2.901354375607313
27 12 2.8503614386231786
27 13 3.10532612354385
27 14 3.1563190605279843
27 15 2.595396753702507
27 16 2.697382627670776
27 17 2.39142500576597
27 18 2.1874532578294326
27 19 2.39142500576597
27 20 1.6775238879880896
27 21 1.575538014019821
27 22 1.4225592030674181
27 23 0.8616368962419407
27 24 0.7086580852895378
27 25 0.35170752640059766
27 26 0.04574990449579186
27 27 0.1477357784640605
27 28 0.5046863373530005
27 29 0.4536934003688663
27 30 0.1072289064566112
27 31 0.4131865283614169
27 32 0.4131865283614169
27 33 0.20921478042487962
27 34 0.20921478042487962
27 35 0.1477357784640605
27 36 0.4536934003688663
27 37 0.5046863373530005
27 38 0.7086580852895378
27 39 0.9126298332260749
27 40 1.0656086441784778
27 41 1.269580392115015
27 42 1.5245450770356865
27 43 1.7285168249722238
27 44 1.5245450770356865
27 45 1.575538014019821
27 46 1.8814956359246269
27 47 2.340432068781835
28 0 1.3849125915065972
28 1 0.7220044107128512
28 2 1.2829267175383285
28 3 1.537891402459
28 4 0.8239902846811198
28 5 1.027962032617657
28 6 1.537891402459
28 7 2.200799583252746
28 8 2.149806646268612
28 9 2.4557642681734175
28 10 2.710728953094089
28 11 2.9656936380147605
28 12 2.9147007010306263
28 13 3.1696653859512978
28 14 3.220658322935432
28 15 2.659736016109955
28 16 2.761721890078223
28 17 2.4557642681734175
28 18 2.2517925202368803
28 19 2.4557642681734175
28 20 1.7418631503955373
28 21 1.6398772764272687
28 22 1.4868984654748658
28 23 0.9259761586493884
28 24 0.7729973476969855
28 25 0.41604678880804535
28 26 0.11008916690323955
28 27 0.2120750408715082
28 28 0.5690255997604482
28 29 0.518032662776314
28 30 0.04288964404916351
28 31 0.3488472659539692
28 32 0.3488472659539692
28 33 0.14487551801743193
28 34 0.14487551801743193
28 35 0.2120750408715082
28 36 0.518032662776314
28 37 0.5690255997604482
28 38 0.7729973476969855
28 39 0.9769690956335226
28 40 1.1299479065859255
28 41 1.3339196545224627
28 42 1.5888843394431342
28 43 1.7928560873796715
28 44 1.5888843394431342
28 45 1.6398772764272687
28 46 1.9458348983320746
28 47 2.4047713311892833
29 0 1.3205733290991495
29 1 0.6576651483054035
29 2 1.2185874551308808
29 3 1.4735521400515523
29 4 0.7596510222736721
29 5 0.9636227702102094
29 6 1.4735521400515523
29 7 2.1364603208452984
29 8 2.085467383861164
29 9 2.39142500576597
29 10 2.6463896906866413
29 11 2.901354375607313
29 12 2.8503614386231786
29 13 3.10532612354385
29 14 3.1563190605279843
29 15 2.595396753702507
29 16 2.697382627670776
29 17 2.39142500576597
29 18 2.1874532578294326
29 19 2.39142500576597
29 20 1.6775238879880896
29 21 1.575538014019821
29 22 1.4225592030674181
29 23 0.8616368962419407
29 24 0.7086580852895378
29 25 0.35170752640059766
29 26 0.04574990449579186
29 27 0.1477357784640605
29 28 0.5046863373530005
29 29 0.4536934003688663
29 30 0.1072289064566112
29 31 0.4131865283614169
29 32 0.4131865283614169
29 33 0.20921478042487962
29 34 0.20921478042487962
29 35 0.1477357784640605
29 36 0.4536934003688663
29 37 0.5046863373530005
29 38 0.7086580852895378
29 39 0.9126298332260749
29 40 1.0656086441784778
29 41 1.269580392115015
29 42 1.5245450770356865
29 43 1.7285168249722238
29 44 1.5245450770356865
29 45 1.575538014019821
29 46 1.8814956359246269
29 47 2.340432068781835
30 0 1.1275555418768068
30 1 0.4646473610830608
30 2 1.0255696679085382
30 3 1.2805343528292097
30 4 0.5666332350513295
30 5 0.7706049829878667
30 6 1.2805343528292097
30 7 1.9434425336229557
30 8 1.8924495966388215
30 9 2.198407218543627
30 10 2.4533719034642987
30 11 2.70833658838497
30 12 2.657343651400836
30 13 2.9123083363215074
30 14 2.9633012733056416
30 15 2.4023789664801645
30 16 2.5043648404484333
30 17 2.198407218543627
30 18 1.99443547060709
30 19 2.198407218543627
30 20 1.484506100765747
30 21 1.3825202267974783
30 22 1.2295414158450755
30 23 0.6686191090195981
30 24 0.5156402980671951
30 25 0.15868973917825502
30 26 0.14726788272655078
30 27 0.045282008758282144
30 28 0.31166855013065786
30 29 0.26067561314652365
30 30 0.30024669367895385
30 31 0.6062043155837595
30 32 0.6062043155837595
30 33 0.40223256764722226
30 34 0.40223256764722226
30 35 0.045282008758282144
30 36 0.26067561314652365
30 37 0.31166855013065786
30 38 0.5156402980671951
30 39 0.7196120460037323
30 40 0.8725908569561353
30 41 1.0765626048926724
30 42 1.331527289813344
30 43 1.5354990377498812
30 44 1.331527289813344
30 45 1.3825202267974783
30 46 1.6884778487022842
30 47 2.1474142815594925
31 0 1.1918948042842543
31 1 0.5289866234905083
31 2 1.0899089303159857
31 3 1.3448736152366572
31 4 0.6309724974587769
31 5 0.8349442453953142
31 6 1.3448736152366572
31 7 2.007781796030403
31 8 1.9567888590462688
31 9 2.2627464809510744
31 10 2.517711165871746
31 11 2.7726758507924174
31 12 2.7216829138082836
31 13 2.976647598728955
31 14 3.027640535713089
31 15 2.466718228887612
31 16 2.5687041028558806
31 17 2.2627464809510744
31 18 2.0587747330145376
31 19 2.2627464809510744
31 20 1.5488453631731944
31 21 1.4468594892049258
31 22 1.293880678252523
31 23 0.7329583714270456
31 24 0.5799795604746426
31 25 0.2230290015857025
31 26 0.08292862031910331
31 27 0.01905725364916533
31 28 0.37600781253810533
31 29 0.3250148755539711
31 30 0.23590743127150637
31 31 0.5418650531763121
31 32 0.5418650531763121
31 33 0.3378933052397748
31 34 0.3378933052397748
31 35 0.01905725364916533
31 36 0.3250148755539711
31 37 0.37600781253810533
31 38 0.5799795604746426
31 39 0.7839513084111798
31 40 0.9369301193635827
31 41 1.1409018673001199
31 42 1.3958665522207916
31 43 1.5998383001573286
31 44 1.3958665522207916
31 45 1.4468594892049258
31 46 1.7528171111097315
31 47 2.2117535439669402
32 0 1.3849125915065972
32 1 0.7220044107128512
32 2 1.2829267175383285
32 3 1.537891402459
32 4 0.8239902846811198
32 5 1.027962032617657
32 6 1.537891402459
32 7 2.200799583252746
32 8 2.149806646268612
32 9 2.4557642681734175
32 10 2.710728953094089
32 11 2.9656936380147605
32 12 2.9147007010306263
32 13 3.1696653859512978
32 14 3.220658322935432
32 15 2.659736016109955
32 16 2.761721890078223
32 17 2.4557642681734175
32 18 2.2517925202368803
32 19 2.4557642681734175
32 20 1.7418631503955373
32 21 1.6398772764272687
32 22 1.4868984654748658
32 23 0.9259761586493884
32 24 0.7729973476969855
32 25 0.41604678880804535
32 26 0.11008916690323955
32 27 0.2120750408715082
32 28 0.5690255997604482
32 29 0.518032662776314
32 30 0.04288964404916351
32 31 0.3488472659539692
32 32 0.3488472659539692
32 33 0.14487551801743193
32 34 0.14487551801743193
32 35 0.2120750408715082
32 36 0.518032662776314
32 37 0.5690255997604482
32 38 0.7729973476969855
32 39 0.9769690956335226
32 40 1.1299479065859255
32 41 1.3339196545224627
32 42 1.5888843394431342
32 43 1.7928560873796715
32 44 1.5888843394431342
32 45 1.6398772764272687
32 46 1.9458348983320746
32 47 2.4047713311892833
33 0 1.1275555418768068
33 1 0.4646473610830608
33 2 1.0255696679085382
33 3 1.2805343528292097
33 4 0.5666332350513295
33 5 0.7706049829878667
33 6 1.2805343528292097
33 7 1.9434425336229557
33 8 1.8924495966388215
33 9 2.198407218543627
33 10 2.4533719034642987
33 11 2.70833658838497
33 12 2.657343651400836
33 13 2.9123083363215074
33 14 2.9633012733056416
33 15 2.4023789664801645
33 16 2.5043648404484333
33 17 2.198407218543627
33 18 1.99443547060709
33 19 2.198407218543627
33 20 1.484506100765747
33 21 1.3825202267974783
33 22 1.2295414158450755
33 23 0.6686191090195981
33 24 0.5156402980671951
33 25 0.15868973917825502
33 26 0.14726788272655078
33 27 0.045282008758282144
33 28 0.31166855013065786
33 29 0.26067561314652365
33 30 0.30024669367895385
33 31 0.6062043155837595
33 32 0.6062043155837595
33 33 0.40223256764722226
33 34 0.40223256764722226
33 35 0.045282008758282144
33 36 0.26067561314652365
33 37 0.31166855013065786
33 38 0.5156402980671951
33 39 0.7196120460037323
33 40 0.8725908569561353
33 41 1.0765626048926724
33 42 1.331527289813344
33 43 1.5354990377498812
33 44 1.331527289813344
33 45 1.3825202267974783
33 46 1.6884778487022842
33 47 2.1474142815594925
34 0 0.8058592298395688
34 1 0.1429510490458229
34 2 0.7038733558713003
34 3 0.9588380407919718
34 4 0.24493692301409153
34 5 0.44890867095062875
34 6 0.9588380407919718
34 7 1.6217462215857177
34 8 1.5707532846015835
34 9 1.8767109065063892
34 10 2.1316755914270606
34 11 2.386640276347732
34 12 2.335647339363598
34 13 2.5906120242842694
34 14 2.6416049612684036
34 15 2.0806826544429264
34 16 2.1826685284111953
34 17 1.8767109065063892
34 18 1.672739158569852
34 19 1.8767109065063892
34 20 1.162809788728509
34 21 1.0608239147602405
34 22 0.9078451038078375
34 23 0.3469227969823601
34 24 0.19394398602995722
34 25 0.1630065728589829
34 26 0.4689641947637887
34 27 0.36697832079552006
34 28 0.010027761906580057
34 29 0.061020698890714264
34 30 0.6219430057161918
34 31 0.9279006276209975
34 32 0.9279006276209975
34 33 0.7239288796844602
34 34 0.7239288796844602
34 35 0.36697832079552006
34 36 0.061020698890714264
34 37 0.010027761906580057
34 38 0.19394398602995722
34 39 0.39791573396649443
34 40 0.5508945449188973
34 41 0.7548662928554346
34 42 1.009830977776106
34 43 1.2138027257126434
34 44 1.009830977776106
34 45 1.0608239147602405
34 46 1.3667815366650462
34 47 1.825717969522255
35 0 0.934537754654464
35 1 0.27162957386071807
35 2 0.8325518806861955
35 3 1.087516565606867
35 4 0.3736154478289867
35 5 0.5775871957655239
35 6 1.087516565606867
35 7 1.7504247464006129
35 8 1.6994318094164786
35 9 2.0053894313212846
35 10 2.260354116241956
35 11 2.5153188011626275
35 12 2.4643258641784933
35 13 2.719290549099165
35 14 2.770283486083299
35 15 2.209361179257822
35 16 2.3113470532260902
35 17 2.0053894313212846
35 18 1.8014176833847473
35 19 2.0053894313212846
35 20 1.291488313543404
35 21 1.1895024395751355
35 22 1.0365236286227326
35 23 0.4756013217972553
35 24 0.3226225108448524
35 25 0.03432804804408773
35 26 0.34028566994889353
35 27 0.2382997959806249
35 28 0.11865076290831511
35 29 0.0676578259241809
35 30 0.4932644809012966
35 31 0.7992221028061023
35 32 0.7992221028061023
35 33 0.595250354869565
35 34 0.595250354869565
35 35 0.2382997959806249
35 36 0.0676578259241809
35 37 0.11865076290831511
35 38 0.3226225108448524
35 39 0.5265942587813897
35 40 0.6795730697337925
35 41 0.8835448176703298
35 42 1.1385095025910013
35 43 1.3424812505275385
35 44 1.1385095025910013
35 45 1.1895024395751355
35 46 1.4954600614799414
35 47 1.95439649433715
36 0 1.0632162794693591
36 1 0.4003080986756131
36 2 0.9612304055010905
36 3 1.216195090421762
36 4 0.5022939726438818
36 5 0.706265720580419
36 6 1.216195090421762
36 7 1.879103271215508
36 8 1.8281103342313738
36 9 2.1340679561361795
36 10 2.389032641056851
36 11 2.6439973259775225
36 12 2.5930043889933883
36 13 2.8479690739140597
36 14 2.898962010898194
36 15 2.3380397040727168
36 16 2.440025578040985
36 17 2.1340679561361795
36 18 1.9300962081996422
36 19 2.1340679561361795
36 20 1.4201668383582993
36 21 1.3181809643900306
36 22 1.1652021534376278
36 23 0.6042798466121504
36 24 0.45130103565974744
36 25 0.09435047677080732
36 26 0.21160714513399848
36 27 0.10962127116572984
36 28 0.24732928772321017
36 29 0.19633635073907596
36 30 0.36458595608640154
36 31 0.6705435779912072
36 32 0.6705435779912072
36 33 0.46657183005466996
36 34 0.46657183005466996
36 35 0.10962127116572984
36 36 0.19633635073907596
36 37 0.24732928772321017
36 38 0.45130103565974744
36 39 0.6552727835962846
36 40 0.8082515945486876
36 41 1.0122233424852247
36 42 1.2671880274058962
36 43 1.4711597753424335
36 44 1.2671880274058962
36 45 1.3181809643900306
36 46 1.6241385862948365
36 47 2.0830750191520453
37 0 0.8058592298395688
37 1 0.1429510490458229
37 2 0.7038733558713003
37 3 0.9588380407919718
37 4 0.24493692301409153
37 5 0.44890867095062875
37 6 0.9588380407919718
37 7 1.6217462215857177
37 8 1.5707532846015835
37 9 1.8767109065063892
37 10 2.1316755914270606
37 11 2.386640276347732
37 12 2.335647339363598
37 13 2.5906120242842694
37 14 2.6416049612684036
37 15 2.0806826544429264
37 16 2.1826685284111953
37 17 1.8767109065063892
37 18 1.672739158569852
37 19 1.8767109065063892
37 20 1.162809788728509
37 21 1.0608239147602405
37 22 0.9078451038078375
37 23 0.3469227969823601
37 24 0.19394398602995722
37 25 0.1630065728589829
37 26 0.4689641947637887
37 27 0.36697832079552006
37 28 0.010027761906580057
37 29 0.061020698890714264
37 30 0.6219430057161918
37 31 0.9279006276209975
37 32 0.9279006276209975
37 33 0.7239288796844602
37 34 0.7239288796844602
37 35 0.36697832079552006
37 36 0.061020698890714264
37 37 0.010027761906580057
37 38 0.19394398602995722
37 39 0.39791573396649443
37 40 0.5508945449188973
37 41 0.7548662928554346
37 42 1.009830977776106
37 43 1.2138027257126434
37 44 1.009830977776106
37 45 1.0608239147602405
37 46 1.3667815366650462
37 47 1.825717969522255
38 0 0.6128414426172262
38 1 0.05006673817651974
38 2 0.5108555686489576
38 3 0.7658202535696291
38 4 0.051919135791748894
38 5 0.2558908837282861
38 6 0.7658202535696291
38 7 1.428728434363375
38 8 1.3777354973792408
38 9 1.6836931192840465
38 10 1.938657804204718
38 11 2.1936224891253895
38 12 2.1426295521412553
38 13 2.3975942370619268
38 14 2.448587174046061
38 15 1.8876648672205838
38 16 1.9896507411888527
38 17 1.6836931192840465
38 18 1.4797213713475093
38 19 1.6836931192840465
38 20 0.9697920015061663
38 21 0.8678061275378978
38 22 0.7148273165854948
38 23 0.15390500976001747
38 24 9.261988076145755E-4
38 25 0.35602436008132554
38 26 0.6619819819861313
38 27 0.5599961080178627
38 28 0.2030455491289227
38 29 0.2540384861130569
38 30 0.8149607929385344
38 31 1.1209184148433402
38 32 1.1209184148433402
38 33 0.9169466669068028
38 34 0.9169466669068028
38 35 0.5599961080178627
38 36 0.2540384861130569
38 37 0.2030455491289227
38 38 9.261988076145755E-4
38 39 0.2048979467441518
38 40 0.3578767576965547
38 41 0.561848505633092
38 42 0.8168131905537634
38 43 1.0207849384903007
38 44 0.8168131905537634
38 45 0.8678061275378978
38 46 1.1737637494427036
38 47 1.6327001822999123
39 0 0.48416291780233106
39 1 0.1787452629914149
39 2 0.3821770438340624
39 3 0.637141728754734
39 4 0.07675938902314627
39 5 0.12721235891339094
39 6 0.637141728754734
39 7 1.3000499095484799
39 8 1.2490569725643457
39 9 1.5550145944691516
39 10 1.809979279389823
39 11 2.0649439643104945
39 12 2.0139510273263603
39 13 2.268915712247032
39 14 2.319908649231166
39 15 1.7589863424056889
39 16 1.8609722163739573
39 17 1.5550145944691516
39 18 1.3510428465326143
39 19 1.5550145944691516
39 20 0.8411134766912711
39 21 0.7391276027230026
39 22 0.5861487917705996
39 23 0.025226484945122307
39 24 0.1277523260072806
39 25 0.4847028848962207
39 26 0.7906605068010265
39 27 0.6886746328327579
39 28 0.33172407394381787
39 29 0.3827170109279521
39 30 0.9436393177534296
39 31 1.2495969396582352
39 32 1.2495969396582352
39 33 1.0456251917216979
39 34 1.0456251917216979
39 35 0.6886746328327579
39 36 0.3827170109279521
39 37 0.33172407394381787
39 38 0.1277523260072806
39 39 0.07621942192925663
39 40 0.22919823288165952
39 41 0.43316998081819674
39 42 0.6881346657388683
39 43 0.8921064136754056
39 44 0.6881346657388683
39 45 0.7391276027230026
39 46 1.0450852246278084
39 47 1.504021657485017
40 0 0.4198236553948835
40 1 0.2430845253988625
40 2 0.31783778142661484
40 3 0.5728024663472864
40 4 0.14109865143059386
40 5 0.06287309650594336
40 6 0.5728024663472864
40 7 1.2357106471410324
40 8 1.1847177101568982
40 9 1.4906753320617039
40 10 1.7456400169823754
40 11 2.000604701903047
40 12 1.9496117649189126
40 13 2.204576449839584
40 14 2.2555693868237183
40 15 1.6946470799982412
40 16 1.7966329539665098
40 17 1.4906753320617039
40 18 1.2867035841251666
40 19 1.4906753320617039
40 20 0.7767742142838236
40 21 0.674788340315555
40 22 0.5218095293631521
40 23 0.03911277746232528
40 24 0.19209158841472818
40 25 0.5490421473036683
40 26 0.8549997692084741
40 27 0.7530138952402055
40 28 0.39606333635126545
40 29 0.44705627333539966
40 30 1.0079785801608772
40 31 1.3139362020656828
40 32 1.3139362020656828
40 33 1.1099644541291456
40 34 1.1099644541291456
40 35 0.7530138952402055
40 36 0.44705627333539966
40 37 0.39606333635126545
40 38 0.19209158841472818
40 39 0.011880159521809042
40 40 0.16485897047421194
40 41 0.36883071841074916
40 42 0.6237954033314207
40 43 0.8277671512679579
40 44 0.6237954033314207
40 45 0.674788340315555
40 46 0.9807459622203608
40 47 1.4396823950775695
41 0 0.1624666057650932
41 1 0.5004415750286528
41 2 0.060480731796824574
41 3 0.3154454167174961
41 4 0.39845570106038414
41 5 0.19448395312384692
41 6 0.3154454167174961
41 7 0.9783535975112421
41 8 0.9273606605271079
41 9 1.2333182824319135
41 10 1.488282967352585
41 11 1.7432476522732565
41 12 1.6922547152891223
41 13 1.9472194002097938
41 14 1.998212337193928
41 15 1.4372900303684508
41 16 1.5392759043367195
41 17 1.2333182824319135
41 18 1.0293465344953763
41 19 1.2333182824319135
41 20 0.5194171646540333
41 21 0.41743129068576473
41 22 0.2644524797333618
41 23 0.29646982709211556
41 24 0.44944863804451846
41 25 0.8063991969334585
41 26 1.1123568188382644
41 27 1.0103709448699958
41 28 0.6534203859810557
41 29 0.7044133229651899
41 30 1.2653356297906675
41 31 1.5712932516954732
41 32 1.5712932516954732
41 33 1.367321503758936
41 34 1.367321503758936
41 35 1.0103709448699958
41 36 0.7044133229651899
41 37 0.6534203859810557
41 38 0.44944863804451846
41 39 0.24547689010798124
41 40 0.09249807915557834
41 41 0.11147366878095888
41 42 0.3664383537016304
41 43 0.5704101016381676
41 44 0.3664383537016304
41 45 0.41743129068576473
41 46 0.7233889125905706
41 47 1.1823253454477791
42 0 0.033788080950198064
42 1 0.6291200998435479
42 2 0.06819779301807055
42 3 0.18676689190260098
42 4 0.5271342258752792
42 5 0.32316247793874203
42 6 0.18676689190260098
42 7 0.8496750726963469
42 8 0.7986821357122127
42 9 1.1046397576170184
42 10 1.3596044425376899
42 11 1.6145691274583613
42 12 1.5635761904742271
42 13 1.8185408753948986
42 14 1.8695338123790328
42 15 1.3086115055535557
42 16 1.4105973795218243
42 17 1.1046397576170184
42 18 0.9006680096804812
42 19 1.1046397576170184
42 20 0.3907386398391382
42 21 0.2887527658708696
42 22 0.13577395491846667
42 23 0.42514835190701067
42 24 0.5781271628594136
42 25 0.9350777217483537
42 26 1.2410353436531596
42 27 1.139049469684891
42 28 0.7820989107959508
42 29 0.833091847780085
42 30 1.3940141546055627
42 31 1.6999717765103683
42 32 1.6999717765103683
42 33 1.496000028573831
42 34 1.496000028573831
42 35 1.139049469684891
42 36 0.833091847780085
42 37 0.7820989107959508
42 38 0.5781271628594136
42 39 0.37415541492287635
42 40 0.22117660397047345
42 41 0.01720485603393624
42 42 0.2377598288867353
42 43 0.4417315768232725
42 44 0.2377598288867353
42 45 0.2887527658708696
42 46 0.5947103877756754
42 47 1.053646820632884
43 0 0.22356896867959222
43 1 0.8864771494733382
43 2 0.32555484264786083
43 3 0.07059015772718932
43 4 0.7844912755050696
43 5 0.5805195275685323
43 6 0.07059015772718932
43 7 0.5923180230665566
43 8 0.5413250860824224
43 9 0.8472827079872282
43 10 1.1022473929078997
43 11 1.3572120778285712
43 12 1.306219140844437
43 13 1.5611838257651085
43 14 1.6121767627492427
43 15 1.0512544559237655
43 16 1.1532403298920342
43 17 0.8472827079872282
43 18 0.6433109600506909
43 19 0.8472827079872282
43 20 0.1333815902093479
43 21 0.03139571624107931
43 22 0.12158309471132363
43 23 0.682505401536801
43 24 0.8354842124892039
43 25 1.192434771378144
43 26 1.4983923932829497
43 27 1.396406519314681
43 28 1.0394559604257412
43 29 1.0904488974098754
43 30 1.6513712042353528
43 31 1.9573288261401585
43 32 1.9573288261401585
43 33 1.7533570782036212
43 34 1.7533570782036212
43 35 1.396406519314681
43 36 1.0904488974098754
43 37 1.0394559604257412
43 38 0.8354842124892039
43 39 0.6315124645526666
43 40 0.4785336536002638
43 41 0.2745619056637265
43 42 0.019597220743055005
43 43 0.1843745271934822
43 44 0.019597220743055005
43 45 0.03139571624107931
43 46 0.3373533381458851
43 47 0.7962897710030937
44 0 0.5452652807168301
44 1 1.208173461510576
44 2 0.6472511546850986
44 3 0.39228646976442716
44 4 1.1061875875423075
44 5 0.9022158396057702
44 6 0.39228646976442716
44 7 0.27062171102931876
44 8 0.21962877404518455
44 9 0.5255863959499903
44 10 0.7805510808706618
44 11 1.0355157657913332
44 12 0.9845228288071991
44 13 1.2394875137278705
44 14 1.2904804507120047
44 15 0.7295581438865276
44 16 0.8315440178547963
44 17 0.5255863959499903
44 18 0.3216146480134531
44 19 0.5255863959499903
44 20 0.18831472182788994
44 21 0.2903005957961585
44 22 0.4432794067485615
44 23 1.0042017135740389
44 24 1.1571805245264417
44 25 1.5141310834153818
44 26 1.8200887053201877
44 27 1.7181028313519189
44 28 1.361152272462979
44 29 1.4121452094471132
44 30 1.9730675162725908
44 31 2.2790251381773965
44 32 2.2790251381773965
44 33 2.075053390240859
44 34 2.075053390240859
44 35 1.7181028313519189
44 36 1.4121452094471132
44 37 1.361152272462979
44 38 1.1571805245264417
44 39 0.9532087765899044
44 40 0.8002299656375016
44 41 0.5962582177009643
44 42 0.34129353278029284
44 43 0.13732178484375562
44 44 0.34129353278029284
44 45 0.2903005957961585
44 46 0.015657026108647276
44 47 0.4745934589658559
45 0 0.8669615927540679
45 1 1.529869773547814
45 2 0.9689474667223364
45 3 0.713982781801665
45 4 1.427883899579545
45 5 1.223912151643008
45 6 0.713982781801665
45 7 0.05107460100791905
45 8 0.10206753799205326
45 9 0.20389008391275254
45 10 0.458854768833424
45 11 0.7138194537540955
45 12 0.6628265167699613
45 13 0.9177912016906328
45 14 0.968784138674767
45 15 0.4078618318492898
45 16 0.5098477058175584
45 17 0.20389008391275254
45 18 8.166402378473325E-5
45 19 0.20389008391275254
45 20 0.5100110338651278
45 21 0.6119969078333963
45 22 0.7649757187857993
45 23 1.3258980256112767
45 24 1.4788768365636795
45 25 1.8358273954526196
45 26 2.1417850173574253
45 27 2.039799143389157
45 28 1.6828485845002168
45 29 1.733841521484351
45 30 2.2947638283098284
45 31 2.600721450214634
45 32 2.600721450214634
45 33 2.396749702278097
45 34 2.396749702278097
45 35 2.039799143389157
45 36 1.733841521484351
45 37 1.6828485845002168
45 38 1.4788768365636795
45 39 1.2749050886271422
45 40 1.1219262776747394
45 41 0.9179545297382021
45 42 0.6629898448175306
45 43 0.45901809688099343
45 44 0.6629898448175306
45 45 0.6119969078333963
45 46 0.30603928592859053
45 47 0.1528971469286181
46 0 1.1886579047913057
46 1 1.8515660855850518
46 2 1.2906437787595744
46 3 1.0356790938389029
46 4 1.7495802116167831
46 5 1.5456084636802458
46 6 1.0356790938389029
46 7 0.37277091304515697
46 8 0.4237638500292912
46 9 0.11780622812448538
46 10 0.1371584567961861
46 11 0.3921231417168576
46 12 0.3411302047327234
46 13 0.5960948896533949
46 14 0.6470878266375291
46 15 0.0861655198120519
46 16 0.18815139378032053
46 17 0.11780622812448538
46 18 0.32177797606102265
46 19 0.11780622812448538
46 20 0.8317073459023656
46 21 0.9336932198706343
46 22 1.086672030823037
46 23 1.6475943376485145
46 24 1.8005731486009173
46 25 2.1575237074898577
46 26 2.4634813293946634
46 27 2.361495455426395
46 28 2.0045448965374546
46 29 2.055537833521589
46 30 2.6164601403470664
46 31 2.922417762251872
46 32 2.922417762251872
46 33 2.718446014315335
46 34 2.718446014315335
46 35 2.361495455426395
46 36 2.055537833521589
46 37 2.0045448965374546
46 38 1.8005731486009173
46 39 1.5966014006643803
46 40 1.4436225897119774
46 41 1.2396508417754402
46 42 0.9846861568547686
46 43 0.7807144089182314
46 44 0.9846861568547686
46 45 0.9336932198706343
46 46 0.6277355979658285
46 47 0.1687991651086198
47 0 1.124318642383858
47 1 1.787226823177604
47 2 1.2263045163521267
47 3 0.9713398314314552
47 4 1.6852409492093354
47 5 1.4812692012727982
47 6 0.9713398314314552
47 7 0.3084316506377093
47 8 0.3594245876218435
47 9 0.053466965717037684
47 10 0.2014977192036338
47 11 0.4564624041243053
47 12 0.40546946714017107
47 13 0.6604341520608425
47 14 0.7114270890449768
47 15 0.1505047822194996
47 16 0.2524906561877682
47 17 0.053466965717037684
47 18 0.25743871365357496
47 19 0.053466965717037684
47 20 0.7673680834949179
47 21 0.8693539574631866
47 22 1.0223327684155894
47 23 1.5832550752410668
47 24 1.7362338861934696
47 25 2.09318444508241
47 26 2.3991420669872157
47 27 2.297156193018947
47 28 1.940205634130007
47 29 1.9911985711141411
47 30 2.5521208779396187
47 31 2.8580784998444244
47 32 2.8580784998444244
47 33 2.654106751907887
47 34 2.654106751907887
47 35 2.297156193018947
47 36 1.9911985711141411
47 37 1.940205634130007
47 38 1.7362338861934696
47 39 1.5322621382569326
47 40 1.3792833273045297
47 41 1.1753115793679925
47 42 0.9203468944473209
47 43 0.7163751465107837
47 44 0.9203468944473209
47 45 0.8693539574631866
47 46 0.5633963355583808
47 47 0.10445990270117211
