x y C
0 0 29.0
0 1 16.0
0 2 27.0
0 3 32.0
0 4 18.0
0 5 22.0
0 6 32.0
0 7 45.0
0 8 44.0
0 9 50.0
0 10 55.0
0 11 60.0
0 12 59.0
0 13 64.0
0 14 65.0
0 15 54.0
0 16 56.0
0 17 50.0
0 18 46.0
0 19 50.0
0 20 36.0
0 21 34.0
0 22 31.0
0 23 20.0
0 24 17.0
0 25 10.0
0 26 4.0
0 27 6.0
0 28 13.0
0 29 12.0
0 30 1.0
0 31 5.0
0 32 5.0
0 33 1.0
0 34 1.0
0 35 6.0
0 36 12.0
0 37 13.0
0 38 17.0
0 39 21.0
0 40 24.0
0 41 28.0
0 42 33.0
0 43 37.0
0 44 33.0
0 45 34.0
0 46 40.0
0 47 49.0
1 0 40.0
1 1 27.0
1 2 38.0
1 3 43.0
1 4 29.0
1 5 33.0
1 6 43.0
1 7 56.0
1 8 55.0
1 9 61.0
1 10 66.0
1 11 71.0
1 12 70.0
1 13 75.0
1 14 76.0
1 15 65.0
1 16 67.0
1 17 61.0
1 18 57.0
1 19 61.0
1 20 47.0
1 21 45.0
1 22 42.0
1 23 31.0
1 24 28.0
1 25 21.0
1 26 15.0
1 27 17.0
1 28 24.0
1 29 23.0
1 30 12.0
1 31 6.0
1 32 6.0
1 33 10.0
1 34 10.0
1 35 17.0
1 36 23.0
1 37 24.0
1 38 28.0
1 39 32.0
1 40 35.0
1 41 39.0
1 42 44.0
1 43 48.0
1 44 44.0
1 45 45.0
1 46 51.0
1 47 60.0
2 0 28.0
2 1 15.0
2 2 26.0
2 3 31.0
2 4 17.0
2 5 21.0
2 6 31.0
2 7 44.0
2 8 43.0
2 9 49.0
2 10 54.0
2 11 59.0
2 12 58.0
2 13 63.0
2 14 64.0
2 15 53.0
2 16 55.0
2 17 49.0
2 18 45.0
2 19 49.0
2 20 35.0
2 21 33.0
2 22 30.0
2 23 19.0
2 24 16.0
2 25 9.0
2 26 3.0
2 27 5.0
2 28 12.0
2 29 11.0
2 30 0.0
2 31 6.0
2 32 6.0
2 33 2.0
2 34 2.0
2 35 5.0
2 36 11.0
2 37 12.0
2 38 16.0
2 39 20.0
2 40 23.0
2 41 27.0
2 42 32.0
2 43 36.0
2 44 32.0
2 45 33.0
2 46 39.0
2 47 48.0
3 0 28.0
3 1 15.0
3 2 26.0
3 3 31.0
3 4 17.0
3 5 21.0
3 6 31.0
3 7 44.0
3 8 43.0
3 9 49.0
3 10 54.0
3 11 59.0
3 12 58.0
3 13 63.0
3 14 64.0
3 15 53.0
3 16 55.0
3 17 49.0
3 18 45.0
3 19 49.0
3 20 35.0
3 21 33.0
3 22 30.0
3 23 19.0
3 24 16.0
3 25 9.0
3 26 3.0
3 27 5.0
3 28 12.0
3 29 11.0
3 30 0.0
3 31 6.0
3 32 6.0
3 33 2.0
3 34 2.0
3 35 5.0
3 36 11.0
3 37 12.0
3 38 16.0
3 39 20.0
3 40 23.0
3 41 27.0
3 42 32.0
3 43 36.0
3 44 32.0
3 45 33.0
3 46 39.0
3 47 48.0
4 0 23.0
4 1 10.0
4 2 21.0
4 3 26.0
4 4 12.0
4 5 16.0
4 6 26.0
4 7 39.0
4 8 38.0
4 9 44.0
4 10 49.0
4 11 54.0
4 12 53.0
4 13 58.0
4 14 59.0
4 15 48.0
4 16 50.0
4 17 44.0
4 18 40.0
4 19 44.0
4 20 30.0
4 21 28.0
4 22 25.0
4 23 14.0
4 24 11.0
4 25 4.0
4 26 2.0
4 27 0.0
4 28 7.0
4 29 6.0
4 30 5.0
4 31 11.0
4 32 11.0
4 33 7.0
4 34 7.0
4 35 0.0
4 36 6.0
4 37 7.0
4 38 11.0
4 39 15.0
4 40 18.0
4 41 22.0
4 42 27.0
4 43 31.0
4 44 27.0
4 45 28.0
4 46 34.0
4 47 43.0
5 0 13.0
5 1 0.0
5 2 11.0
5 3 16.0
5 4 2.0
5 5 6.0
5 6 16.0
5 7 29.0
5 8 28.0
5 9 34.0
5 10 39.0
5 11 44.0
5 12 43.0
5 13 48.0
5 14 49.0
5 15 38.0
5 16 40.0
5 17 34.0
5 18 30.0
5 19 34.0
5 20 20.0
5 21 18.0
5 22 15.0
5 23 4.0
5 24 1.0
5 25 6.0
5 26 12.0
5 27 10.0
5 28 3.0
5 29 4.0
5 30 15.0
5 31 21.0
5 32 21.0
5 33 17.0
5 34 17.0
5 35 10.0
5 36 4.0
5 37 3.0
5 38 1.0
5 39 5.0
5 40 8.0
5 41 12.0
5 42 17.0
5 43 21.0
5 44 17.0
5 45 18.0
5 46 24.0
5 47 33.0
6 0 10.0
6 1 3.0
6 2 8.0
6 3 13.0
6 4 1.0
6 5 3.0
6 6 13.0
6 7 26.0
6 8 25.0
6 9 31.0
6 10 36.0
6 11 41.0
6 12 40.0
6 13 45.0
6 14 46.0
6 15 35.0
6 16 37.0
6 17 31.0
6 18 27.0
6 19 31.0
6 20 17.0
6 21 15.0
6 22 12.0
6 23 1.0
6 24 2.0
6 25 9.0
6 26 15.0
6 27 13.0
6 28 6.0
6 29 7.0
6 30 18.0
6 31 24.0
6 32 24.0
6 33 20.0
6 34 20.0
6 35 13.0
6 36 7.0
6 37 6.0
6 38 2.0
6 39 2.0
6 40 5.0
6 41 9.0
6 42 14.0
6 43 18.0
6 44 14.0
6 45 15.0
6 46 21.0
6 47 30.0
7 0 10.0
7 1 3.0
7 2 8.0
7 3 13.0
7 4 1.0
7 5 3.0
7 6 13.0
7 7 26.0
7 8 25.0
7 9 31.0
7 10 36.0
7 11 41.0
7 12 40.0
7 13 45.0
7 14 46.0
7 15 35.0
7 16 37.0
7 17 31.0
7 18 27.0
7 19 31.0
7 20 17.0
7 21 15.0
7 22 12.0
7 23 1.0
7 24 2.0
7 25 9.0
7 26 15.0
7 27 13.0
7 28 6.0
7 29 7.0
7 30 18.0
7 31 24.0
7 32 24.0
7 33 20.0
7 34 20.0
7 35 13.0
7 36 7.0
7 37 6.0
7 38 2.0
7 39 2.0
7 40 5.0
7 41 9.0
7 42 14.0
7 43 18.0
7 44 14.0
7 45 15.0
7 46 21.0
7 47 30.0
8 0 3.0
8 1 16.0
8 2 5.0
8 3 0.0
8 4 14.0
8 5 10.0
8 6 0.0
8 7 13.0
8 8 12.0
8 9 18.0
8 10 23.0
8 11 28.0
8 12 27.0
8 13 32.0
8 14 33.0
8 15 22.0
8 16 24.0
8 17 18.0
8 18 14.0
8 19 18.0
8 20 4.0
8 21 2.0
8 22 1.0
8 23 12.0
8 24 15.0
8 25 22.0
8 26 28.0
8 27 26.0
8 28 19.0
8 29 20.0
8 30 31.0
8 31 37.0
8 32 37.0
8 33 33.0
8 34 33.0
8 35 26.0
8 36 20.0
8 37 19.0
8 38 15.0
8 39 11.0
8 40 8.0
8 41 4.0
8 42 1.0
8 43 5.0
8 44 1.0
8 45 2.0
8 46 8.0
8 47 17.0
9 0 5.0
9 1 18.0
9 2 7.0
9 3 2.0
9 4 16.0
9 5 12.0
9 6 2.0
9 7 11.0
9 8 10.0
9 9 16.0
9 10 21.0
9 11 26.0
9 12 25.0
9 13 30.0
9 14 31.0
9 15 20.0
9 16 22.0
9 17 16.0
9 18 12.0
9 19 16.0
9 20 2.0
9 21 0.0
9 22 3.0
9 23 14.0
9 24 17.0
9 25 24.0
9 26 30.0
9 27 28.0
9 28 21.0
9 29 22.0
9 30 33.0
9 31 39.0
9 32 39.0
9 33 35.0
9 34 35.0
9 35 28.0
9 36 22.0
9 37 21.0
9 38 17.0
9 39 13.0
9 40 10.0
9 41 6.0
9 42 1.0
9 43 3.0
9 44 1.0
9 45 0.0
9 46 6.0
9 47 15.0
10 0 1.0
10 1 14.0
10 2 3.0
10 3 2.0
10 4 12.0
10 5 8.0
10 6 2.0
10 7 15.0
10 8 14.0
10 9 20.0
10 10 25.0
10 11 30.0
10 12 29.0
10 13 34.0
10 14 35.0
10 15 24.0
10 16 26.0
10 17 20.0
10 18 16.0
10 19 20.0
10 20 6.0
10 21 4.0
10 22 1.0
10 23 10.0
10 24 13.0
10 25 20.0
10 26 26.0
10 27 24.0
10 28 17.0
10 29 18.0
10 30 29.0
10 31 35.0
10 32 35.0
10 33 31.0
10 34 31.0
10 35 24.0
10 36 18.0
10 37 17.0
10 38 13.0
10 39 9.0
10 40 6.0
10 41 2.0
10 42 3.0
10 43 7.0
10 44 3.0
10 45 4.0
10 46 10.0
10 47 19.0
11 0 1.0
11 1 14.0
11 2 3.0
11 3 2.0
11 4 12.0
11 5 8.0
11 6 2.0
11 7 15.0
11 8 14.0
11 9 20.0
11 10 25.0
11 11 30.0
11 12 29.0
11 13 34.0
11 14 35.0
11 15 24.0
11 16 26.0
11 17 20.0
11 18 16.0
11 19 20.0
11 20 6.0
11 21 4.0
11 22 1.0
11 23 10.0
11 24 13.0
11 25 20.0
11 26 26.0
11 27 24.0
11 28 17.0
11 29 18.0
11 30 29.0
11 31 35.0
11 32 35.0
11 33 31.0
11 34 31.0
11 35 24.0
11 36 18.0
11 37 17.0
11 38 13.0
11 39 9.0
11 40 6.0
11 41 2.0
11 42 3.0
11 43 7.0
11 44 3.0
11 45 4.0
11 46 10.0
11 47 19.0
12 0 5.0
12 1 18.0
12 2 7.0
12 3 2.0
12 4 16.0
12 5 12.0
12 6 2.0
12 7 11.0
12 8 10.0
12 9 16.0
12 10 21.0
12 11 26.0
12 12 25.0
12 13 30.0
12 14 31.0
12 15 20.0
12 16 22.0
12 17 16.0
12 18 12.0
12 19 16.0
12 20 2.0
12 21 0.0
12 22 3.0
12 23 14.0
12 24 17.0
12 25 24.0
12 26 30.0
12 27 28.0
12 28 21.0
12 29 22.0
12 30 33.0
12 31 39.0
12 32 39.0
12 33 35.0
12 34 35.0
12 35 28.0
12 36 22.0
12 37 21.0
12 38 17.0
12 39 13.0
12 40 10.0
12 41 6.0
12 42 1.0
12 43 3.0
12 44 1.0
12 45 0.0
12 46 6.0
12 47 15.0
13 0 5.0
13 1 18.0
13 2 7.0
13 3 2.0
13 4 16.0
13 5 12.0
13 6 2.0
13 7 11.0
13 8 10.0
13 9 16.0
13 10 21.0
13 11 26.0
13 12 25.0
13 13 30.0
13 14 31.0
13 15 20.0
13 16 22.0
13 17 16.0
13 18 12.0
13 19 16.0
13 20 2.0
13 21 0.0
13 22 3.0
13 23 14.0
13 24 17.0
13 25 24.0
13 26 30.0
13 27 28.0
13 28 21.0
13 29 22.0
13 30 33.0
13 31 39.0
13 32 39.0
13 33 35.0
13 34 35.0
13 35 28.0
13 36 22.0
13 37 21.0
13 38 17.0
13 39 13.0
13 40 10.0
13 41 6.0
13 42 1.0
13 43 3.0
13 44 1.0
13 45 0.0
13 46 6.0
13 47 15.0
14 0 4.0
14 1 17.0
14 2 6.0
14 3 1.0
14 4 15.0
14 5 11.0
14 6 1.0
14 7 12.0
14 8 11.0
14 9 17.0
14 10 22.0
14 11 27.0
14 12 26.0
14 13 31.0
14 14 32.0
14 15 21.0
14 16 23.0
14 17 17.0
14 18 13.0
14 19 17.0
14 20 3.0
14 21 1.0
14 22 2.0
14 23 13.0
14 24 16.0
14 25 23.0
14 26 29.0
14 27 27.0
14 28 20.0
14 29 21.0
14 30 32.0
14 31 38.0
14 32 38.0
14 33 34.0
14 34 34.0
14 35 27.0
14 36 21.0
14 37 20.0
14 38 16.0
14 39 12.0
14 40 9.0
14 41 5.0
14 42 0.0
14 43 4.0
14 44 0.0
14 45 1.0
14 46 7.0
14 47 16.0
15 0 2.0
15 1 15.0
15 2 4.0
15 3 1.0
15 4 13.0
15 5 9.0
15 6 1.0
15 7 14.0
15 8 13.0
15 9 19.0
15 10 24.0
15 11 29.0
15 12 28.0
15 13 33.0
15 14 34.0
15 15 23.0
15 16 25.0
15 17 19.0
15 18 15.0
15 19 19.0
15 20 5.0
15 21 3.0
15 22 0.0
15 23 11.0
15 24 14.0
15 25 21.0
15 26 27.0
15 27 25.0
15 28 18.0
15 29 19.0
15 30 30.0
15 31 36.0
15 32 36.0
15 33 32.0
15 34 32.0
15 35 25.0
15 36 19.0
15 37 18.0
15 38 14.0
15 39 10.0
15 40 7.0
15 41 3.0
15 42 2.0
15 43 6.0
15 44 2.0
15 45 3.0
15 46 9.0
15 47 18.0
16 0 6.0
16 1 7.0
16 2 4.0
16 3 9.0
16 4 5.0
16 5 1.0
16 6 9.0
16 7 22.0
16 8 21.0
16 9 27.0
16 10 32.0
16 11 37.0
16 12 36.0
16 13 41.0
16 14 42.0
16 15 31.0
16 16 33.0
16 17 27.0
16 18 23.0
16 19 27.0
16 20 13.0
16 21 11.0
16 22 8.0
16 23 3.0
16 24 6.0
16 25 13.0
16 26 19.0
16 27 17.0
16 28 10.0
16 29 11.0
16 30 22.0
16 31 28.0
16 32 28.0
16 33 24.0
16 34 24.0
16 35 17.0
16 36 11.0
16 37 10.0
16 38 6.0
16 39 2.0
16 40 1.0
16 41 5.0
16 42 10.0
16 43 14.0
16 44 10.0
16 45 11.0
16 46 17.0
16 47 26.0
17 0 4.0
17 1 9.0
17 2 2.0
17 3 7.0
17 4 7.0
17 5 3.0
17 6 7.0
17 7 20.0
17 8 19.0
17 9 25.0
17 10 30.0
17 11 35.0
17 12 34.0
17 13 39.0
17 14 40.0
17 15 29.0
17 16 31.0
17 17 25.0
17 18 21.0
17 19 25.0
17 20 11.0
17 21 9.0
17 22 6.0
17 23 5.0
17 24 8.0
17 25 15.0
17 26 21.0
17 27 19.0
17 28 12.0
17 29 13.0
17 30 24.0
17 31 30.0
17 32 30.0
17 33 26.0
17 34 26.0
17 35 19.0
17 36 13.0
17 37 12.0
17 38 8.0
17 39 4.0
17 40 1.0
17 41 3.0
17 42 8.0
17 43 12.0
17 44 8.0
17 45 9.0
17 46 15.0
17 47 24.0
18 0 11.0
18 1 2.0
18 2 9.0
18 3 14.0
18 4 0.0
18 5 4.0
18 6 14.0
18 7 27.0
18 8 26.0
18 9 32.0
18 10 37.0
18 11 42.0
18 12 41.0
18 13 46.0
18 14 47.0
18 15 36.0
18 16 38.0
18 17 32.0
18 18 28.0
18 19 32.0
18 20 18.0
18 21 16.0
18 22 13.0
18 23 2.0
18 24 1.0
18 25 8.0
18 26 14.0
18 27 12.0
18 28 5.0
18 29 6.0
18 30 17.0
18 31 23.0
18 32 23.0
18 33 19.0
18 34 19.0
18 35 12.0
18 36 6.0
18 37 5.0
18 38 1.0
18 39 3.0
18 40 6.0
18 41 10.0
18 42 15.0
18 43 19.0
18 44 15.0
18 45 16.0
18 46 22.0
18 47 31.0
19 0 17.0
19 1 4.0
19 2 15.0
19 3 20.0
19 4 6.0
19 5 10.0
19 6 20.0
19 7 33.0
19 8 32.0
19 9 38.0
19 10 43.0
19 11 48.0
19 12 47.0
19 13 52.0
19 14 53.0
19 15 42.0
19 16 44.0
19 17 38.0
19 18 34.0
19 19 38.0
19 20 24.0
19 21 22.0
19 22 19.0
19 23 8.0
19 24 5.0
19 25 2.0
19 26 8.0
19 27 6.0
19 28 1.0
19 29 0.0
19 30 11.0
19 31 17.0
19 32 17.0
19 33 13.0
19 34 13.0
19 35 6.0
19 36 0.0
19 37 1.0
19 38 5.0
19 39 9.0
19 40 12.0
19 41 16.0
19 42 21.0
19 43 25.0
19 44 21.0
19 45 22.0
19 46 28.0
19 47 37.0
20 0 20.0
20 1 7.0
20 2 18.0
20 3 23.0
20 4 9.0
20 5 13.0
20 6 23.0
20 7 36.0
20 8 35.0
20 9 41.0
20 10 46.0
20 11 51.0
20 12 50.0
20 13 55.0
20 14 56.0
20 15 45.0
20 16 47.0
20 17 41.0
20 18 37.0
20 19 41.0
20 20 27.0
20 21 25.0
20 22 22.0
20 23 11.0
20 24 8.0
20 25 1.0
20 26 5.0
20 27 3.0
20 28 4.0
20 29 3.0
20 30 8.0
20 31 14.0
20 32 14.0
20 33 10.0
20 34 10.0
20 35 3.0
20 36 3.0
20 37 4.0
20 38 8.0
20 39 12.0
20 40 15.0
20 41 19.0
20 42 24.0
20 43 28.0
20 44 24.0
20 45 25.0
20 46 31.0
20 47 40.0
21 0 25.0
21 1 12.0
21 2 23.0
21 3 28.0
21 4 14.0
21 5 18.0
21 6 28.0
21 7 41.0
21 8 40.0
21 9 46.0
21 10 51.0
21 11 56.0
21 12 55.0
21 13 60.0
21 14 61.0
21 15 50.0
21 16 52.0
21 17 46.0
21 18 42.0
21 19 46.0
21 20 32.0
21 21 30.0
21 22 27.0
21 23 16.0
21 24 13.0
21 25 6.0
21 26 0.0
21 27 2.0
21 28 9.0
21 29 8.0
21 30 3.0
21 31 9.0
21 32 9.0
21 33 5.0
21 34 5.0
21 35 2.0
21 36 8.0
21 37 9.0
21 38 13.0
21 39 17.0
21 40 20.0
21 41 24.0
21 42 29.0
21 43 33.0
21 44 29.0
21 45 30.0
21 46 36.0
21 47 45.0
22 0 21.0
22 1 8.0
22 2 19.0
22 3 24.0
22 4 10.0
22 5 14.0
22 6 24.0
22 7 37.0
22 8 36.0
22 9 42.0
22 10 47.0
22 11 52.0
22 12 51.0
22 13 56.0
22 14 57.0
22 15 46.0
22 16 48.0
22 17 42.0
22 18 38.0
22 19 42.0
22 20 28.0
22 21 26.0
22 22 23.0
22 23 12.0
22 24 9.0
22 25 2.0
22 26 4.0
22 27 2.0
22 28 5.0
22 29 4.0
22 30 7.0
22 31 13.0
22 32 13.0
22 33 9.0
22 34 9.0
22 35 2.0
22 36 4.0
22 37 5.0
22 38 9.0
22 39 13.0
22 40 16.0
22 41 20.0
22 42 25.0
22 43 29.0
22 44 25.0
22 45 26.0
22 46 32.0
22 47 41.0
23 0 29.0
23 1 16.0
23 2 27.0
23 3 32.0
23 4 18.0
23 5 22.0
23 6 32.0
23 7 45.0
23 8 44.0
23 9 50.0
23 10 55.0
23 11 60.0
23 12 59.0
23 13 64.0
23 14 65.0
23 15 54.0
23 16 56.0
23 17 50.0
23 18 46.0
23 19 50.0
23 20 36.0
23 21 34.0
23 22 31.0
23 23 20.0
23 24 17.0
23 25 10.0
23 26 4.0
23 27 6.0
23 28 13.0
23 29 12.0
23 30 1.0
23 31 5.0
23 32 5.0
23 33 1.0
23 34 1.0
23 35 6.0
23 36 12.0
23 37 13.0
23 38 17.0
23 39 21.0
23 40 24.0
23 41 28.0
23 42 33.0
23 43 37.0
23 44 33.0
23 45 34.0
23 46 40.0
23 47 49.0
24 0 33.0
24 1 20.0
24 2 31.0
24 3 36.0
24 4 22.0
24 5 26.0
24 6 36.0
24 7 49.0
24 8 48.0
24 9 54.0
24 10 59.0
24 11 64.0
24 12 63.0
24 13 68.0
24 14 69.0
24 15 58.0
24 16 60.0
24 17 54.0
24 18 50.0
24 19 54.0
24 20 40.0
24 21 38.0
24 22 35.0
24 23 24.0
24 24 21.0
24 25 14.0
24 26 8.0
24 27 10.0
24 28 17.0
24 29 16.0
24 30 5.0
24 31 1.0
24 32 1.0
24 33 3.0
24 34 3.0
24 35 10.0
24 36 16.0
24 37 17.0
24 38 21.0
24 39 25.0
24 40 28.0
24 41 32.0
24 42 37.0
24 43 41.0
24 44 37.0
24 45 38.0
24 46 44.0
24 47 53.0
25 0 32.0
25 1 19.0
25 2 30.0
25 3 35.0
25 4 21.0
25 5 25.0
25 6 35.0
25 7 48.0
25 8 47.0
25 9 53.0
25 10 58.0
25 11 63.0
25 12 62.0
25 13 67.0
25 14 68.0
25 15 57.0
25 16 59.0
25 17 53.0
25 18 49.0
25 19 53.0
25 20 39.0
25 21 37.0
25 22 34.0
25 23 23.0
25 24 20.0
25 25 13.0
25 26 7.0
25 27 9.0
25 28 16.0
25 29 15.0
25 30 4.0
25 31 2.0
25 32 2.0
25 33 2.0
25 34 2.0
25 35 9.0
25 36 15.0
25 37 16.0
25 38 20.0
25 39 24.0
25 40 27.0
25 41 31.0
25 42 36.0
25 43 40.0
25 44 36.0
25 45 37.0
25 46 43.0
25 47 52.0
26 0 40.0
26 1 27.0
26 2 38.0
26 3 43.0
26 4 29.0
26 5 33.0
26 6 43.0
26 7 56.0
26 8 55.0
26 9 61.0
26 10 66.0
26 11 71.0
26 12 70.0
26 13 75.0
26 14 76.0
26 15 65.0
26 16 67.0
26 17 61.0
26 18 57.0
26 19 61.0
26 20 47.0
26 21 45.0
26 22 42.0
26 23 31.0
26 24 28.0
26 25 21.0
26 26 15.0
26 27 17.0
26 28 24.0
26 29 23.0
26 30 12.0
26 31 6.0
26 32 6.0
26 33 10.0
26 34 10.0
26 35 17.0
26 36 23.0
26 37 24.0
26 38 28.0
26 39 32.0
26 40 35.0
26 41 39.0
26 42 44.0
26 43 48.0
26 44 44.0
26 45 45.0
26 46 51.0
26 47 60.0
27 0 41.0
27 1 28.0
27 2 39.0
27 3 44.0
27 4 30.0
27 5 34.0
27 6 44.0
27 7 57.0
27 8 56.0
27 9 62.0
27 10 67.0
27 11 72.0
27 12 71.0
27 13 76.0
27 14 77.0
27 15 66.0
27 16 68.0
27 17 62.0
27 18 58.0
27 19 62.0
27 20 48.0
27 21 46.0
27 22 43.0
27 23 32.0
27 24 29.0
27 25 22.0
27 26 16.0
27 27 18.0
27 28 25.0
27 29 24.0
27 30 13.0
27 31 7.0
27 32 7.0
27 33 11.0
27 34 11.0
27 35 18.0
27 36 24.0
27 37 25.0
27 38 29.0
27 39 33.0
27 40 36.0
27 41 40.0
27 42 45.0
27 43 49.0
27 44 45.0
27 45 46.0
27 46 52.0
27 47 61.0
28 0 42.0
28 1 29.0
28 2 40.0
28 3 45.0
28 4 31.0
28 5 35.0
28 6 45.0
28 7 58.0
28 8 57.0
28 9 63.0
28 10 68.0
28 11 73.0
28 12 72.0
28 13 77.0
28 14 78.0
28 15 67.0
28 16 69.0
28 17 63.0
28 18 59.0
28 19 63.0
28 20 49.0
28 21 47.0
28 22 44.0
28 23 33.0
28 24 30.0
28 25 23.0
28 26 17.0
28 27 19.0
28 28 26.0
28 29 25.0
28 30 14.0
28 31 8.0
28 32 8.0
28 33 12.0
28 34 12.0
28 35 19.0
28 36 25.0
28 37 26.0
28 38 30.0
28 39 34.0
28 40 37.0
28 41 41.0
28 42 46.0
28 43 50.0
28 44 46.0
28 45 47.0
28 46 53.0
28 47 62.0
29 0 41.0
29 1 28.0
29 2 39.0
29 3 44.0
29 4 30.0
29 5 34.0
29 6 44.0
29 7 57.0
29 8 56.0
29 9 62.0
29 10 67.0
29 11 72.0
29 12 71.0
29 13 76.0
29 14 77.0
29 15 66.0
29 16 68.0
29 17 62.0
29 18 58.0
29 19 62.0
29 20 48.0
29 21 46.0
29 22 43.0
29 23 32.0
29 24 29.0
29 25 22.0
29 26 16.0
29 27 18.0
29 28 25.0
29 29 24.0
29 30 13.0
29 31 7.0
29 32 7.0
29 33 11.0
29 34 11.0
29 35 18.0
29 36 24.0
29 37 25.0
29 38 29.0
29 39 33.0
29 40 36.0
29 41 40.0
29 42 45.0
29 43 49.0
29 44 45.0
29 45 46.0
29 46 52.0
29 47 61.0
30 0 38.0
30 1 25.0
30 2 36.0
30 3 41.0
30 4 27.0
30 5 31.0
30 6 41.0
30 7 54.0
30 8 53.0
30 9 59.0
30 10 64.0
30 11 69.0
30 12 68.0
30 13 73.0
30 14 74.0
30 15 63.0
30 16 65.0
30 17 59.0
30 18 55.0
30 19 59.0
30 20 45.0
30 21 43.0
30 22 40.0
30 23 29.0
30 24 26.0
30 25 19.0
30 26 13.0
30 27 15.0
30 28 22.0
30 29 21.0
30 30 10.0
30 31 4.0
30 32 4.0
30 33 8.0
30 34 8.0
30 35 15.0
30 36 21.0
30 37 22.0
30 38 26.0
30 39 30.0
30 40 33.0
30 41 37.0
30 42 42.0
30 43 46.0
30 44 42.0
30 45 43.0
30 46 49.0
30 47 58.0
31 0 39.0
31 1 26.0
31 2 37.0
31 3 42.0
31 4 28.0
31 5 32.0
31 6 42.0
31 7 55.0
31 8 54.0
31 9 60.0
31 10 65.0
31 11 70.0
31 12 69.0
31 13 74.0
31 14 75.0
31 15 64.0
31 16 66.0
31 17 60.0
31 18 56.0
31 19 60.0
31 20 46.0
31 21 44.0
31 22 41.0
31 23 30.0
31 24 27.0
31 25 20.0
31 26 14.0
31 27 16.0
31 28 23.0
31 29 22.0
31 30 11.0
31 31 5.0
31 32 5.0
31 33 9.0
31 34 9.0
31 35 16.0
31 36 22.0
31 37 23.0
31 38 27.0
31 39 31.0
31 40 34.0
31 41 38.0
31 42 43.0
31 43 47.0
31 44 43.0
31 45 44.0
31 46 50.0
31 47 59.0
32 0 42.0
32 1 29.0
32 2 40.0
32 3 45.0
32 4 31.0
32 5 35.0
32 6 45.0
32 7 58.0
32 8 57.0
32 9 63.0
32 10 68.0
32 11 73.0
32 12 72.0
32 13 77.0
32 14 78.0
32 15 67.0
32 16 69.0
32 17 63.0
32 18 59.0
32 19 63.0
32 20 49.0
32 21 47.0
32 22 44.0
32 23 33.0
32 24 30.0
32 25 23.0
32 26 17.0
32 27 19.0
32 28 26.0
32 29 25.0
32 30 14.0
32 31 8.0
32 32 8.0
32 33 12.0
32 34 12.0
32 35 19.0
32 36 25.0
32 37 26.0
32 38 30.0
32 39 34.0
32 40 37.0
32 41 41.0
32 42 46.0
32 43 50.0
32 44 46.0
32 45 47.0
32 46 53.0
32 47 62.0
33 0 38.0
33 1 25.0
33 2 36.0
33 3 41.0
33 4 27.0
33 5 31.0
33 6 41.0
33 7 54.0
33 8 53.0
33 9 59.0
33 10 64.0
33 11 69.0
33 12 68.0
33 13 73.0
33 14 74.0
33 15 63.0
33 16 65.0
33 17 59.0
33 18 55.0
33 19 59.0
33 20 45.0
33 21 43.0
33 22 40.0
33 23 29.0
33 24 26.0
33 25 19.0
33 26 13.0
33 27 15.0
33 28 22.0
33 29 21.0
33 30 10.0
33 31 4.0
33 32 4.0
33 33 8.0
33 34 8.0
33 35 15.0
33 36 21.0
33 37 22.0
33 38 26.0
33 39 30.0
33 40 33.0
33 41 37.0
33 42 42.0
33 43 46.0
33 44 42.0
33 45 43.0
33 46 49.0
33 47 58.0
34 0 33.0
34 1 20.0
34 2 31.0
34 3 36.0
34 4 22.0
34 5 26.0
34 6 36.0
34 7 49.0
34 8 48.0
34 9 54.0
34 10 59.0
34 11 64.0
34 12 63.0
34 13 68.0
34 14 69.0
34 15 58.0
34 16 60.0
34 17 54.0
34 18 50.0
34 19 54.0
34 20 40.0
34 21 38.0
34 22 35.0
34 23 24.0
34 24 21.0
34 25 14.0
34 26 8.0
34 27 10.0
34 28 17.0
34 29 16.0
34 30 5.0
34 31 1.0
34 32 1.0
34 33 3.0
34 34 3.0
34 35 10.0
34 36 16.0
34 37 17.0
34 38 21.0
34 39 25.0
34 40 28.0
34 41 32.0
34 42 37.0
34 43 41.0
34 44 37.0
34 45 38.0
34 46 44.0
34 47 53.0
35 0 35.0
35 1 22.0
35 2 33.0
35 3 38.0
35 4 24.0
35 5 28.0
35 6 38.0
35 7 51.0
35 8 50.0
35 9 56.0
35 10 61.0
35 11 66.0
35 12 65.0
35 13 70.0
35 14 71.0
35 15 60.0
35 16 62.0
35 17 56.0
35 18 52.0
35 19 56.0
35 20 42.0
35 21 40.0
35 22 37.0
35 23 26.0
35 24 23.0
35 25 16.0
35 26 10.0
35 27 12.0
35 28 19.0
35 29 18.0
35 30 7.0
35 31 1.0
35 32 1.0
35 33 5.0
35 34 5.0
35 35 12.0
35 36 18.0
35 37 19.0
35 38 23.0
35 39 27.0
35 40 30.0
35 41 34.0
35 42 39.0
35 43 43.0
35 44 39.0
35 45 40.0
35 46 46.0
35 47 55.0
36 0 37.0
36 1 24.0
36 2 35.0
36 3 40.0
36 4 26.0
36 5 30.0
36 6 40.0
36 7 53.0
36 8 52.0
36 9 58.0
36 10 63.0
36 11 68.0
36 12 67.0
36 13 72.0
36 14 73.0
36 15 62.0
36 16 64.0
36 17 58.0
36 18 54.0
36 19 58.0
36 20 44.0
36 21 42.0
36 22 39.0
36 23 28.0
36 24 25.0
36 25 18.0
36 26 12.0
36 27 14.0
36 28 21.0
36 29 20.0
36 30 9.0
36 31 3.0
36 32 3.0
36 33 7.0
36 34 7.0
36 35 14.0
36 36 20.0
36 37 21.0
36 38 25.0
36 39 29.0
36 40 32.0
36 41 36.0
36 42 41.0
36 43 45.0
36 44 41.0
36 45 42.0
36 46 48.0
36 47 57.0
37 0 33.0
37 1 20.0
37 2 31.0
37 3 36.0
37 4 22.0
37 5 26.0
37 6 36.0
37 7 49.0
37 8 48.0
37 9 54.0
37 10 59.0
37 11 64.0
37 12 63.0
37 13 68.0
37 14 69.0
37 15 58.0
37 16 60.0
37 17 54.0
37 18 50.0
37 19 54.0
37 20 40.0
37 21 38.0
37 22 35.0
37 23 24.0
37 24 21.0
37 25 14.0
37 26 8.0
37 27 10.0
37 28 17.0
37 29 16.0
37 30 5.0
37 31 1.0
37 32 1.0
37 33 3.0
37 34 3.0
37 35 10.0
37 36 16.0
37 37 17.0
37 38 21.0
37 39 25.0
37 40 28.0
37 41 32.0
37 42 37.0
37 43 41.0
37 44 37.0
37 45 38.0
37 46 44.0
37 47 53.0
38 0 30.0
38 1 17.0
38 2 28.0
38 3 33.0
38 4 19.0
38 5 23.0
38 6 33.0
38 7 46.0
38 8 45.0
38 9 51.0
38 10 56.0
38 11 61.0
38 12 60.0
38 13 65.0
38 14 66.0
38 15 55.0
38 16 57.0
38 17 51.0
38 18 47.0
38 19 51.0
38 20 37.0
38 21 35.0
38 22 32.0
38 23 21.0
38 24 18.0
38 25 11.0
38 26 5.0
38 27 7.0
38 28 14.0
38 29 13.0
38 30 2.0
38 31 4.0
38 32 4.0
38 33 0.0
38 34 0.0
38 35 7.0
38 36 13.0
38 37 14.0
38 38 18.0
38 39 22.0
38 40 25.0
38 41 29.0
38 42 34.0
38 43 38.0
38 44 34.0
38 45 35.0
38 46 41.0
38 47 50.0
39 0 28.0
39 1 15.0
39 2 26.0
39 3 31.0
39 4 17.0
39 5 21.0
39 6 31.0
39 7 44.0
39 8 43.0
39 9 49.0
39 10 54.0
39 11 59.0
39 12 58.0
39 13 63.0
39 14 64.0
39 15 53.0
39 16 55.0
39 17 49.0
39 18 45.0
39 19 49.0
39 20 35.0
39 21 33.0
39 22 30.0
39 23 19.0
39 24 16.0
39 25 9.0
39 26 3.0
39 27 5.0
39 28 12.0
39 29 11.0
39 30 0.0
39 31 6.0
39 32 6.0
39 33 2.0
39 34 2.0
39 35 5.0
39 36 11.0
39 37 12.0
39 38 16.0
39 39 20.0
39 40 23.0
39 41 27.0
39 42 32.0
39 43 36.0
39 44 32.0
39 45 33.0
39 46 39.0
39 47 48.0
40 0 27.0
40 1 14.0
40 2 25.0
40 3 30.0
40 4 16.0
40 5 20.0
40 6 30.0
40 7 43.0
40 8 42.0
40 9 48.0
40 10 53.0
40 11 58.0
40 12 57.0
40 13 62.0
40 14 63.0
40 15 52.0
40 16 54.0
40 17 48.0
40 18 44.0
40 19 48.0
40 20 34.0
40 21 32.0
40 22 29.0
40 23 18.0
40 24 15.0
40 25 8.0
40 26 2.0
40 27 4.0
40 28 11.0
40 29 10.0
40 30 1.0
40 31 7.0
40 32 7.0
40 33 3.0
40 34 3.0
40 35 4.0
40 36 10.0
40 37 11.0
40 38 15.0
40 39 19.0
40 40 22.0
40 41 26.0
40 42 31.0
40 43 35.0
40 44 31.0
40 45 32.0
40 46 38.0
40 47 47.0
41 0 23.0
41 1 10.0
41 2 21.0
41 3 26.0
41 4 12.0
41 5 16.0
41 6 26.0
41 7 39.0
41 8 38.0
41 9 44.0
41 10 49.0
41 11 54.0
41 12 53.0
41 13 58.0
41 14 59.0
41 15 48.0
41 16 50.0
41 17 44.0
41 18 40.0
41 19 44.0
41 20 30.0
41 21 28.0
41 22 25.0
41 23 14.0
41 24 11.0
41 25 4.0
41 26 2.0
41 27 0.0
41 28 7.0
41 29 6.0
41 30 5.0
41 31 11.0
41 32 11.0
41 33 7.0
41 34 7.0
41 35 0.0
41 36 6.0
41 37 7.0
41 38 11.0
41 39 15.0
41 40 18.0
41 41 22.0
41 42 27.0
41 43 31.0
41 44 27.0
41 45 28.0
41 46 34.0
41 47 43.0
42 0 21.0
42 1 8.0
42 2 19.0
42 3 24.0
42 4 10.0
42 5 14.0
42 6 24.0
42 7 37.0
42 8 36.0
42 9 42.0
42 10 47.0
42 11 52.0
42 12 51.0
42 13 56.0
42 14 57.0
42 15 46.0
42 16 48.0
42 17 42.0
42 18 38.0
42 19 42.0
42 20 28.0
42 21 26.0
42 22 23.0
42 23 12.0
42 24 9.0
42 25 2.0
42 26 4.0
42 27 2.0
42 28 5.0
42 29 4.0
42 30 7.0
42 31 13.0
42 32 13.0
42 33 9.0
42 34 9.0
42 35 2.0
42 36 4.0
42 37 5.0
42 38 9.0
42 39 13.0
42 40 16.0
42 41 20.0
42 42 25.0
42 43 29.0
42 44 25.0
42 45 26.0
42 46 32.0
42 47 41.0
43 0 17.0
43 1 4.0
43 2 15.0
43 3 20.0
43 4 6.0
43 5 10.0
43 6 20.0
43 7 33.0
43 8 32.0
43 9 38.0
43 10 43.0
43 11 48.0
43 12 47.0
43 13 52.0
43 14 53.0
43 15 42.0
43 16 44.0
43 17 38.0
43 18 34.0
43 19 38.0
43 20 24.0
43 21 22.0
43 22 19.0
43 23 8.0
43 24 5.0
43 25 2.0
43 26 8.0
43 27 6.0
43 28 1.0
43 29 0.0
43 30 11.0
43 31 17.0
43 32 17.0
43 33 13.0
43 34 13.0
43 35 6.0
43 36 0.0
43 37 1.0
43 38 5.0
43 39 9.0
43 40 12.0
43 41 16.0
43 42 21.0
43 43 25.0
43 44 21.0
43 45 22.0
43 46 28.0
43 47 37.0
44 0 12.0
44 1 1.0
44 2 10.0
44 3 15.0
44 4 1.0
44 5 5.0
44 6 15.0
44 7 28.0
44 8 27.0
44 9 33.0
44 10 38.0
44 11 43.0
44 12 42.0
44 13 47.0
44 14 48.0
44 15 37.0
44 16 39.0
44 17 33.0
44 18 29.0
44 19 33.0
44 20 19.0
44 21 17.0
44 22 14.0
44 23 3.0
44 24 0.0
44 25 7.0
44 26 13.0
44 27 11.0
44 28 4.0
44 29 5.0
44 30 16.0
44 31 22.0
44 32 22.0
44 33 18.0
44 34 18.0
44 35 11.0
44 36 5.0
44 37 4.0
44 38 0.0
44 39 4.0
44 40 7.0
44 41 11.0
44 42 16.0
44 43 20.0
44 44 16.0
44 45 17.0
44 46 23.0
44 47 32.0
45 0 7.0
45 1 6.0
45 2 5.0
45 3 10.0
45 4 4.0
45 5 0.0
45 6 10.0
45 7 23.0
45 8 22.0
45 9 28.0
45 10 33.0
45 11 38.0
45 12 37.0
45 13 42.0
45 14 43.0
45 15 32.0
45 16 34.0
45 17 28.0
45 18 24.0
45 19 28.0
45 20 14.0
45 21 12.0
45 22 9.0
45 23 2.0
45 24 5.0
45 25 12.0
45 26 18.0
45 27 16.0
45 28 9.0
45 29 10.0
45 30 21.0
45 31 27.0
45 32 27.0
45 33 23.0
45 34 23.0
45 35 16.0
45 36 10.0
45 37 9.0
45 38 5.0
45 39 1.0
45 40 2.0
45 41 6.0
45 42 11.0
45 43 15.0
45 44 11.0
45 45 12.0
45 46 18.0
45 47 27.0
46 0 2.0
46 1 11.0
46 2 0.0
46 3 5.0
46 4 9.0
46 5 5.0
46 6 5.0
46 7 18.0
46 8 17.0
46 9 23.0
46 10 28.0
46 11 33.0
46 12 32.0
46 13 37.0
46 14 38.0
46 15 27.0
46 16 29.0
46 17 23.0
46 18 19.0
46 19 23.0
46 20 9.0
46 21 7.0
46 22 4.0
46 23 7.0
46 24 10.0
46 25 17.0
46 26 23.0
46 27 21.0
46 28 14.0
46 29 15.0
46 30 26.0
46 31 32.0
46 32 32.0
46 33 28.0
46 34 28.0
46 35 21.0
46 36 15.0
46 37 14.0
46 38 10.0
46 39 6.0
46 40 3.0
46 41 1.0
46 42 6.0
46 43 10.0
46 44 6.0
46 45 7.0
46 46 13.0
46 47 22.0
47 0 3.0
47 1 10.0
47 2 1.0
47 3 6.0
47 4 8.0
47 5 4.0
47 6 6.0
47 7 19.0
47 8 18.0
47 9 24.0
47 10 29.0
47 11 34.0
47 12 33.0
47 13 38.0
47 14 39.0
47 15 28.0
47 16 30.0
47 17 24.0
47 18 20.0
47 19 24.0
47 20 10.0
47 21 8.0
47 22 5.0
47 23 6.0
47 24 9.0
47 25 16.0
47 26 22.0
47 27 20.0
47 28 13.0
47 29 14.0
47 30 25.0
47 31 31.0
47 32 31.0
47 33 27.0
47 34 27.0
47 35 20.0
47 36 14.0
47 37 13.0
47 38 9.0
47 39 5.0
47 40 2.0
47 41 2.0
47 42 7.0
47 43 11.0
47 44 7.0
47 45 8.0
47 46 14.0
47 47 23.0
