0.8761578735 0.6110955056 0.8062184999
0.8761578735 0.6110955056 0.8062184999
0.8761079774 0.6108146067 0.8060868921
0.8761079774 0.6108146067 0.8060868921
0.8761079774 0.6108146067 0.8060868921
0.8761079774 0.6108146067 0.8060868921
0.8896713615 0.5855337079 0.8059464893
0.8896713615 0.5855337079 0.8059464893
0.8896713615 0.5855337079 0.8059464893
0.8896713615 0.5855337079 0.8059464893
0.875906527 0.6106741573 0.8059015421
0.875906527 0.6106741573 0.8059015421
0.875906527 0.6106741573 0.8059015421
0.875906527 0.6106741573 0.8059015421
0.875906527 0.6106741573 0.8059015421
0.875906527 0.6106741573 0.8059015421
0.875906527 0.6106741573 0.8059015421
0.875906527 0.6106741573 0.8059015421
0.875906527 0.6106741573 0.8059015421
0.875906527 0.6106741573 0.8059015421
0.875906527 0.6106741573 0.8059015421
0.875906527 0.6106741573 0.8059015421
0.875906527 0.6106741573 0.8059015421
0.875906527 0.6106741573 0.8059015421
0.875906527 0.6106741573 0.8059015421
0.875906527 0.6106741573 0.8059015421
0.875906527 0.6106741573 0.8059015421
0.875906527 0.6106741573 0.8059015421
0.875906527 0.6106741573 0.8059015421
0.875906527 0.6106741573 0.8059015421
0.875906527 0.6106741573 0.8059015421
0.875906527 0.6106741573 0.8059015421
0.875906527 0.6106741573 0.8059015421
0.875906527 0.6106741573 0.8059015421
0.875151027 0.6103932584 0.8052920249
0.8775510204 0.6039325843 0.8046407186
0.8775510204 0.6039325843 0.8046407186
0.8743455497 0.6098314607 0.8045508449
0.878650761 0.6 0.8039747064
0.8669022379 0.6202247191 0.8030258947
0.8669022379 0.6202247191 0.8030258947
0.8750508751 0.6039325843 0.8029578727
0.8744403744 0.603511236 0.8023976696
0.8763883176 0.5984550562 0.8019045468
0.8778467909 0.595505618 0.8018154312
0.8778467909 0.595505618 0.8018154312
0.874107325 0.6016853933 0.8015267176
0.874107325 0.6016853933 0.8015267176
0.874107325 0.6016853933 0.8015267176
0.874107325 0.6016853933 0.8015267176
0.873903285 0.6015449438 0.8013396198
0.873903285 0.6015449438 0.8013396198
0.873903285 0.6015449438 0.8013396198
0.873903285 0.6015449438 0.8013396198
0.873903285 0.6015449438 0.8013396198
0.873903285 0.6015449438 0.8013396198
0.873903285 0.6015449438 0.8013396198
0.873903285 0.6015449438 0.8013396198
0.873903285 0.6015449438 0.8013396198
0.873903285 0.6015449438 0.8013396198
0.873903285 0.6015449438 0.8013396198
0.873903285 0.6015449438 0.8013396198
0.873903285 0.6015449438 0.8013396198
0.873903285 0.6015449438 0.8013396198
0.873903285 0.6015449438 0.8013396198
0.873903285 0.6015449438 0.8013396198
0.873903285 0.6015449438 0.8013396198
0.873903285 0.6015449438 0.8013396198
0.873903285 0.6015449438 0.8013396198
0.873903285 0.6015449438 0.8013396198
0.873903285 0.6015449438 0.8013396198
0.873903285 0.6015449438 0.8013396198
0.873903285 0.6015449438 0.8013396198
0.873903285 0.6015449438 0.8013396198
0.8876866479 0.5761235955 0.8010467115
0.8876866479 0.5761235955 0.8010467115
0.8876866479 0.5761235955 0.8010467115
0.8876866479 0.5761235955 0.8010467115
0.8876866479 0.5761235955 0.8010467115
0.8876866479 0.5761235955 0.8010467115
0.8876866479 0.5761235955 0.8010467115
0.8876866479 0.5761235955 0.8010467115
0.8732423069 0.6018258427 0.8009944669
0.8732423069 0.6018258427 0.8009944669
0.8874702445 0.5759831461 0.8008514295
0.8874702445 0.5759831461 0.8008514295
0.8874702445 0.5759831461 0.8008514295
0.8874702445 0.5759831461 0.8008514295
0.8874702445 0.5759831461 0.8008514295
0.8874702445 0.5759831461 0.8008514295
0.8874702445 0.5759831461 0.8008514295
0.8874702445 0.5759831461 0.8008514295
0.8874702445 0.5759831461 0.8008514295
0.8874702445 0.5759831461 0.8008514295
0.8874702445 0.5759831461 0.8008514295
0.8874702445 0.5759831461 0.8008514295
0.8874702445 0.5759831461 0.8008514295
0.8874702445 0.5759831461 0.8008514295
0.8874702445 0.5759831461 0.8008514295
0.8874702445 0.5759831461 0.8008514295
0.8874702445 0.5759831461 0.8008514295
0.8874702445 0.5759831461 0.8008514295
0.8874702445 0.5759831461 0.8008514295
0.8874702445 0.5759831461 0.8008514295
0.8874702445 0.5759831461 0.8008514295
0.8874702445 0.5759831461 0.8008514295
0.8874702445 0.5759831461 0.8008514295
0.8874702445 0.5759831461 0.8008514295
0.8874702445 0.5759831461 0.8008514295
0.8874702445 0.5759831461 0.8008514295
0.8874702445 0.5759831461 0.8008514295
0.8874702445 0.5759831461 0.8008514295
0.8874702445 0.5759831461 0.8008514295
0.8874702445 0.5759831461 0.8008514295
0.8874702445 0.5759831461 0.8008514295
0.8874702445 0.5759831461 0.8008514295
0.8874702445 0.5759831461 0.8008514295
0.8874702445 0.5759831461 0.8008514295
0.8874702445 0.5759831461 0.8008514295
0.8874702445 0.5759831461 0.8008514295
0.8874702445 0.5759831461 0.8008514295
0.8874702445 0.5759831461 0.8008514295
0.8874702445 0.5759831461 0.8008514295
0.8874702445 0.5759831461 0.8008514295
0.8874702445 0.5759831461 0.8008514295
0.8874702445 0.5759831461 0.8008514295
0.8874702445 0.5759831461 0.8008514295
0.8874702445 0.5759831461 0.8008514295
0.8874702445 0.5759831461 0.8008514295
0.8874702445 0.5759831461 0.8008514295
0.8874702445 0.5759831461 0.8008514295
0.8874702445 0.5759831461 0.8008514295
0.8730871251 0.6009831461 0.8005912289
0.8730871251 0.6009831461 0.8005912289
0.8758777365 0.5956460674 0.800551193
0.8758777365 0.5956460674 0.800551193
0.8728830851 0.6008426966 0.8004041311
0.8728830851 0.6008426966 0.8004041311
0.8728830851 0.6008426966 0.8004041311
0.8728830851 0.6008426966 0.8004041311
0.8728830851 0.6008426966 0.8004041311
0.8728830851 0.6008426966 0.8004041311
0.8728830851 0.6008426966 0.8004041311
0.8728830851 0.6008426966 0.8004041311
0.8728830851 0.6008426966 0.8004041311
0.8728830851 0.6008426966 0.8004041311
0.8728830851 0.6008426966 0.8004041311
0.8728830851 0.6008426966 0.8004041311
0.8746397695 0.5967696629 0.8001280506
0.8746397695 0.5967696629 0.8001280506
0.8755426918 0.5948033708 0.8000226689
0.8755426918 0.5948033708 0.8000226689
0.8722709651 0.6004213483 0.7998428379
0.8722709651 0.6004213483 0.7998428379
0.8720669251 0.6002808989 0.7996557402
0.8720669251 0.6002808989 0.7996557402
0.8720669251 0.6002808989 0.7996557402
0.8720669251 0.6002808989 0.7996557402
0.8720669251 0.6002808989 0.7996557402
0.8720669251 0.6002808989 0.7996557402
0.8720669251 0.6002808989 0.7996557402
0.8720669251 0.6002808989 0.7996557402
0.8720669251 0.6002808989 0.7996557402
0.8720669251 0.6002808989 0.7996557402
0.8720669251 0.6002808989 0.7996557402
0.8720669251 0.6002808989 0.7996557402
0.8787815126 0.5875 0.7995030581
0.8787815126 0.5875 0.7995030581
0.8894009217 0.569241573 0.7994713587
0.8894009217 0.569241573 0.7994713587
0.8894009217 0.569241573 0.7994713587
0.8894009217 0.569241573 0.7994713587
0.8765895351 0.5905898876 0.7991865592
0.8765895351 0.5905898876 0.7991865592
0.8745089932 0.5941011236 0.7990781321
0.8734046933 0.5959269663 0.7989981922
0.8734046933 0.5959269663 0.7989981922
0.8734046933 0.5959269663 0.7989981922
0.8734046933 0.5959269663 0.7989981922
0.8734046933 0.5959269663 0.7989981922
0.8734046933 0.5959269663 0.7989981922
0.8763810715 0.5904494382 0.798996503
0.8763810715 0.5904494382 0.798996503
0.8763810715 0.5904494382 0.798996503
0.8763810715 0.5904494382 0.798996503
0.8763810715 0.5904494382 0.798996503
0.8763810715 0.5904494382 0.798996503
0.8763810715 0.5904494382 0.798996503
0.8763810715 0.5904494382 0.798996503
0.8763810715 0.5904494382 0.798996503
0.8763810715 0.5904494382 0.798996503
0.8763810715 0.5904494382 0.798996503
0.8763810715 0.5904494382 0.798996503
0.8762800418 0.5889044944 0.7983625286
0.8762800418 0.5889044944 0.7983625286
0.8736820343 0.5935393258 0.7983225026
0.8770715335 0.5872191011 0.7982663815
0.8770715335 0.5872191011 0.7982663815
0.8729634976 0.5945224719 0.7981973148
0.8729634976 0.5945224719 0.7981973148
0.8727572695 0.5943820225 0.7980087494
0.8727572695 0.5943820225 0.7980087494
0.8727572695 0.5943820225 0.7980087494
0.8727572695 0.5943820225 0.7980087494
0.8727572695 0.5943820225 0.7980087494
0.8727572695 0.5943820225 0.7980087494
0.8727572695 0.5943820225 0.7980087494
0.8727572695 0.5943820225 0.7980087494
0.8727572695 0.5943820225 0.7980087494
0.8727572695 0.5943820225 0.7980087494
0.8727572695 0.5943820225 0.7980087494
0.8727572695 0.5943820225 0.7980087494
0.8780900063 0.5837078652 0.7976354982
0.8723448134 0.5941011236 0.7976316186
0.8723448134 0.5941011236 0.7976316186
0.8912413639 0.5616573034 0.7976304452
0.8912413639 0.5616573034 0.7976304452
0.8912413639 0.5616573034 0.7976304452
0.8912413639 0.5616573034 0.7976304452
0.8721385853 0.5939606742 0.7974430533
0.8721385853 0.5939606742 0.7974430533
0.8721385853 0.5939606742 0.7974430533
0.8721385853 0.5939606742 0.7974430533
0.8721385853 0.5939606742 0.7974430533
0.8721385853 0.5939606742 0.7974430533
0.8721385853 0.5939606742 0.7974430533
0.8721385853 0.5939606742 0.7974430533
0.8721385853 0.5939606742 0.7974430533
0.8721385853 0.5939606742 0.7974430533
0.8721385853 0.5939606742 0.7974430533
0.8721385853 0.5939606742 0.7974430533
0.8742964353 0.5890449438 0.7970959404
0.8742964353 0.5890449438 0.7970959404
0.8740879716 0.5889044944 0.7969058841
0.8740879716 0.5889044944 0.7969058841
0.8740879716 0.5889044944 0.7969058841
0.8740879716 0.5889044944 0.7969058841
0.8740879716 0.5889044944 0.7969058841
0.8740879716 0.5889044944 0.7969058841
0.8740879716 0.5889044944 0.7969058841
0.8740879716 0.5889044944 0.7969058841
0.8740879716 0.5889044944 0.7969058841
0.8740879716 0.5889044944 0.7969058841
0.8740879716 0.5889044944 0.7969058841
0.8740879716 0.5889044944 0.7969058841
0.8743991641 0.5876404494 0.7966488957
0.8711808423 0.5926966292 0.7963466184
0.8711808423 0.5926966292 0.7963466184
0.8747640025 0.5856741573 0.796166183
0.8737722048 0.5872191011 0.7960776847
0.8413070951 0.654494382 0.7958737532
0.8738229755 0.5865168539 0.7958530264
0.8738229755 0.5865168539 0.7958530264
0.8796911859 0.5761235955 0.7958249263
0.8847502191 0.5671348315 0.7956336696
0.8847502191 0.5671348315 0.7956336696
0.8847502191 0.5671348315 0.7956336696
0.8847502191 0.5671348315 0.7956336696
0.8756334459 0.5824438202 0.7955417434
0.8756334459 0.5824438202 0.7955417434
0.875765899 0.5821629213 0.7955243359
0.8725755996 0.5876404494 0.7954372624
0.8725755996 0.5876404494 0.7954372624
0.8701486375 0.591994382 0.7954030797
0.8739249004 0.5851123596 0.7954024744
0.8405849431 0.6539325843 0.7951905998
0.8405849431 0.6539325843 0.7951905998
0.8405849431 0.6539325843 0.7951905998
0.8727767315 0.5858146067 0.7949001372
0.8759278897 0.5800561798 0.7948421863
0.8767298275 0.5783707865 0.7947352169
0.8767298275 0.5783707865 0.7947352169
0.8863787375 0.5620786517 0.7946783161
0.8863787375 0.5620786517 0.7946783161
0.8863787375 0.5620786517 0.7946783161
0.8863787375 0.5620786517 0.7946783161
0.8693228737 0.5914325843 0.7946482488
0.8715328467 0.5869382022 0.794486692
0.8713242961 0.5867977528 0.7942965779
0.8713242961 0.5867977528 0.7942965779
0.8713242961 0.5867977528 0.7942965779
0.8713242961 0.5867977528 0.7942965779
0.8713242961 0.5867977528 0.7942965779
0.8713242961 0.5867977528 0.7942965779
0.8752916225 0.5796348315 0.7942648191
0.8719397363 0.585252809 0.7941378259
0.873628692 0.5816011236 0.7939033742
0.8756653183 0.5776685393 0.793770264
0.8706986444 0.5863764045 0.7937262357
0.8773321896 0.5745786517 0.7936908273
0.874205845 0.5797752809 0.7936019686
0.874205845 0.5797752809 0.7936019686
0.8850498339 0.5612359551 0.7934868944
0.8850498339 0.5612359551 0.7934868944
0.8850498339 0.5612359551 0.7934868944
0.8850498339 0.5612359551 0.7934868944
0.8850498339 0.5612359551 0.7934868944
0.8850498339 0.5612359551 0.7934868944
0.8850498339 0.5612359551 0.7934868944
0.8850498339 0.5612359551 0.7934868944
0.8850498339 0.5612359551 0.7934868944
0.8850498339 0.5612359551 0.7934868944
0.8850498339 0.5612359551 0.7934868944
0.8850498339 0.5612359551 0.7934868944
0.8702815433 0.5860955056 0.7933460076
0.8702815433 0.5860955056 0.7933460076
0.8702815433 0.5860955056 0.7933460076
0.8748137109 0.5771067416 0.7929983017
0.8750799403 0.5765449438 0.7929609025
0.8699916528 0.5855337079 0.7929473524
0.8897441703 0.5519662921 0.792722285
0.8897441703 0.5519662921 0.792722285
0.8897441703 0.5519662921 0.792722285
0.8897441703 0.5519662921 0.792722285
0.8731469716 0.5790730337 0.7926407259
0.869447341 0.5855337079 0.7925855513
0.869447341 0.5855337079 0.7925855513
0.869447341 0.5855337079 0.7925855513
0.8726464988 0.5793539326 0.7924158598
0.8693656093 0.5851123596 0.7923767498
0.8793816678 0.5672752809 0.7922093206
0.8609991942 0.6002808989 0.7921856465
0.8609991942 0.6002808989 0.7921856465
0.8398244652 0.6450842697 0.7920057939
0.8398244652 0.6450842697 0.7920057939
0.8398244652 0.6450842697 0.7920057939
0.8398244652 0.6450842697 0.7920057939
0.8398244652 0.6450842697 0.7920057939
0.8398244652 0.6450842697 0.7920057939
0.8398244652 0.6450842697 0.7920057939
0.8398244652 0.6450842697 0.7920057939
0.8398244652 0.6450842697 0.7920057939
0.871389416 0.5804775281 0.7920052123
0.8607977438 0.6001404494 0.7920002966
0.8607977438 0.6001404494 0.7920002966
0.8607977438 0.6001404494 0.7920002966
0.8607977438 0.6001404494 0.7920002966
0.8607977438 0.6001404494 0.7920002966
0.8607977438 0.6001404494 0.7920002966
0.8607977438 0.6001404494 0.7920002966
0.8607977438 0.6001404494 0.7920002966
0.8607977438 0.6001404494 0.7920002966
0.8607977438 0.6001404494 0.7920002966
0.8607977438 0.6001404494 0.7920002966
0.8607977438 0.6001404494 0.7920002966
0.8722998729 0.578511236 0.7918717318
0.8720118468 0.5789325843 0.7918395574
0.8738008953 0.5757022472 0.7918018853
0.8738008953 0.5757022472 0.7918018853
0.8738008953 0.5757022472 0.7918018853
0.8713080169 0.5800561798 0.7917944785
0.8707569049 0.5800561798 0.7914303235
0.8755651238 0.5712078652 0.7912451362
0.8387273725 0.644241573 0.7909711684
0.8387273725 0.644241573 0.7909711684
0.8805280528 0.5620786517 0.7909090909
0.8805280528 0.5620786517 0.7909090909
0.8701243938 0.5796348315 0.7908554346
0.8701243938 0.5796348315 0.7908554346
0.8701243938 0.5796348315 0.7908554346
0.8727350245 0.575 0.7908360377
0.8735287824 0.5733146067 0.7907174957
0.874919268 0.5707865169 0.7906614786
0.862244898 0.5933988764 0.7906062874
0.8694918828 0.5792134831 0.7902805458
0.8694918828 0.5792134831 0.7902805458
0.8694918828 0.5792134831 0.7902805458
0.8730192719 0.5726123596 0.7901162791
0.8769867189 0.5657303371 0.790051781
0.8801589053 0.5601123596 0.7898906671
0.8801589053 0.5601123596 0.7898906671
0.8801589053 0.5601123596 0.7898906671
0.8801589053 0.5601123596 0.7898906671
0.8724588059 0.5726123596 0.789748954
0.8882554162 0.5470505618 0.7897404704
0.8882554162 0.5470505618 0.7897404704
0.8882554162 0.5470505618 0.7897404704
0.8882554162 0.5470505618 0.7897404704
0.8714559795 0.5741573034 0.7896770206
0.8714559795 0.5741573034 0.7896770206
0.8714559795 0.5741573034 0.7896770206
0.8397779833 0.6375 0.7896659708
0.8723768737 0.5721910112 0.7895348837
0.8521790342 0.6096910112 0.7893875473
0.8432554635 0.6286516854 0.7893623025
0.8716028247 0.5720505618 0.7889741206
0.8425018839 0.6280898876 0.7886568849
0.8425018839 0.6280898876 0.7886568849
0.8425018839 0.6280898876 0.7886568849
0.8736477715 0.5671348315 0.788425492
0.8736477715 0.5671348315 0.788425492
0.8765621574 0.5615168539 0.7881249014
0.839738806 0.6321629213 0.7879901961
0.839738806 0.6321629213 0.7879901961
0.839738806 0.6321629213 0.7879901961
0.839738806 0.6321629213 0.7879901961
0.8862029647 0.5457865169 0.7879156529
0.8862029647 0.5457865169 0.7879156529
0.8862029647 0.5457865169 0.7879156529
0.8862029647 0.5457865169 0.7879156529
0.8623188406 0.5849719101 0.7876323752
0.8579580192 0.5912921348 0.7869747271
0.8395501406 0.6290730337 0.7868938862
0.8406179352 0.6266853933 0.7868933409
0.8406179352 0.6266853933 0.7868933409
0.8292291221 0.6526685393 0.7866671181
0.8292291221 0.6526685393 0.7866671181
0.8603882693 0.5851123596 0.7863938387
0.8325158946 0.6436797753 0.7863761153
0.8403773585 0.6255617978 0.7863700565
0.8745889059 0.560252809 0.7863507333
0.8398643557 0.6261235955 0.7861879233
0.8398643557 0.6261235955 0.7861879233
0.8358291736 0.6349719101 0.7860968146
0.8592013174 0.5862359551 0.7860048207
0.8741504056 0.5599719101 0.7859564737
0.8550343712 0.5939606742 0.7859426108
0.8550343712 0.5939606742 0.7859426108
0.8784024989 0.5529494382 0.7858910891
0.8747795414 0.5573033708 0.7853071564
0.8747795414 0.5573033708 0.7853071564
0.8417334861 0.619241573 0.7853020804
0.8417334861 0.619241573 0.7853020804
0.8417334861 0.619241573 0.7853020804
0.8417334861 0.619241573 0.7853020804
0.8417334861 0.619241573 0.7853020804
0.8417334861 0.619241573 0.7853020804
0.8417334861 0.619241573 0.7853020804
0.8417334861 0.619241573 0.7853020804
0.8417334861 0.619241573 0.7853020804
0.8417334861 0.619241573 0.7853020804
0.8417334861 0.619241573 0.7853020804
0.8630252101 0.5769662921 0.7851681957
0.8745590829 0.5571629213 0.7851092464
0.8772869255 0.552247191 0.7848930054
0.8579662413 0.5853932584 0.7848749623
0.8579662413 0.5853932584 0.7848749623
0.8579662413 0.5853932584 0.7848749623
0.8411607484 0.6188202247 0.7847677401
0.8777429467 0.5505617978 0.7845020813
0.8777429467 0.5505617978 0.7845020813
0.8777429467 0.5505617978 0.7845020813
0.8777429467 0.5505617978 0.7845020813
0.8777429467 0.5505617978 0.7845020813
0.8777429467 0.5505617978 0.7845020813
0.8777429467 0.5505617978 0.7845020813
0.8777429467 0.5505617978 0.7845020813
0.8777429467 0.5505617978 0.7845020813
0.8777429467 0.5505617978 0.7845020813
0.8777429467 0.5505617978 0.7845020813
0.8777429467 0.5505617978 0.7845020813
0.8777429467 0.5505617978 0.7845020813
0.8777429467 0.5505617978 0.7845020813
0.8777429467 0.5505617978 0.7845020813
0.8777429467 0.5505617978 0.7845020813
0.8777429467 0.5505617978 0.7845020813
0.8777429467 0.5505617978 0.7845020813
0.8777429467 0.5505617978 0.7845020813
0.8777429467 0.5505617978 0.7845020813
0.8777429467 0.5505617978 0.7845020813
0.8777429467 0.5505617978 0.7845020813
0.8777429467 0.5505617978 0.7845020813
0.8777429467 0.5505617978 0.7845020813
0.8777429467 0.5505617978 0.7845020813
0.8777429467 0.5505617978 0.7845020813
0.8777429467 0.5505617978 0.7845020813
0.8777429467 0.5505617978 0.7845020813
0.8777429467 0.5505617978 0.7845020813
0.8777429467 0.5505617978 0.7845020813
0.8777429467 0.5505617978 0.7845020813
0.8777429467 0.5505617978 0.7845020813
0.8777429467 0.5505617978 0.7845020813
0.8777429467 0.5505617978 0.7845020813
0.8777429467 0.5505617978 0.7845020813
0.8777429467 0.5505617978 0.7845020813
0.8777429467 0.5505617978 0.7845020813
0.8777429467 0.5505617978 0.7845020813
0.8777429467 0.5505617978 0.7845020813
0.8777429467 0.5505617978 0.7845020813
0.8777429467 0.5505617978 0.7845020813
0.8777429467 0.5505617978 0.7845020813
0.8777429467 0.5505617978 0.7845020813
0.8777429467 0.5505617978 0.7845020813
0.8777429467 0.5505617978 0.7845020813
0.8777429467 0.5505617978 0.7845020813
0.8777429467 0.5505617978 0.7845020813
0.8777429467 0.5505617978 0.7845020813
0.8736772487 0.5566011236 0.7843176061
0.8736772487 0.5566011236 0.7843176061
0.8492552135 0.6005617978 0.7842993397
0.8721771541 0.5587078652 0.7841823056
0.8809631985 0.5446629213 0.7841313491
0.8809631985 0.5446629213 0.7841313491
0.8809631985 0.5446629213 0.7841313491
0.8809631985 0.5446629213 0.7841313491
0.8809631985 0.5446629213 0.7841313491
0.8809631985 0.5446629213 0.7841313491
0.8809631985 0.5446629213 0.7841313491
0.8809631985 0.5446629213 0.7841313491
0.8763944668 0.5516853933 0.7840945385
0.8606060606 0.5783707865 0.7840822544
0.8716823865 0.5581460674 0.7836409528
0.8320456218 0.635252809 0.7835019401
0.8352963171 0.6275280899 0.7834198345
0.8708050011 0.5575842697 0.7828521849
0.8708050011 0.5575842697 0.7828521849
0.8313097866 0.6346910112 0.7828090355
0.8313097866 0.6346910112 0.7828090355
0.8313097866 0.6346910112 0.7828090355
0.8390607102 0.6172752809 0.7828084924
0.8390607102 0.6172752809 0.7828084924
0.8390607102 0.6172752809 0.7828084924
0.8390607102 0.6172752809 0.7828084924
0.8390607102 0.6172752809 0.7828084924
0.8390607102 0.6172752809 0.7828084924
0.8390607102 0.6172752809 0.7828084924
0.8390607102 0.6172752809 0.7828084924
0.8390607102 0.6172752809 0.7828084924
0.8390607102 0.6172752809 0.7828084924
0.8390607102 0.6172752809 0.7828084924
0.8390607102 0.6172752809 0.7828084924
0.8390607102 0.6172752809 0.7828084924
0.8276111312 0.643258427 0.7827454197
0.8276111312 0.643258427 0.7827454197
0.8276111312 0.643258427 0.7827454197
0.8276111312 0.643258427 0.7827454197
0.8276111312 0.643258427 0.7827454197
0.8276111312 0.643258427 0.7827454197
0.8276111312 0.643258427 0.7827454197
0.8276111312 0.643258427 0.7827454197
0.8276111312 0.643258427 0.7827454197
0.8276111312 0.643258427 0.7827454197
0.8276111312 0.643258427 0.7827454197
0.8310661765 0.6349719101 0.7827216066
0.8310661765 0.6349719101 0.7827216066
0.8310661765 0.6349719101 0.7827216066
0.8310661765 0.6349719101 0.7827216066
0.8310661765 0.6349719101 0.7827216066
0.8310661765 0.6349719101 0.7827216066
0.8310661765 0.6349719101 0.7827216066
0.8310661765 0.6349719101 0.7827216066
0.8310661765 0.6349719101 0.7827216066
0.8310661765 0.6349719101 0.7827216066
0.8310661765 0.6349719101 0.7827216066
0.8310661765 0.6349719101 0.7827216066
0.8333953835 0.6287921348 0.782473434
0.8703663084 0.5573033708 0.7824578009
0.8384879725 0.6168539326 0.7822741522
0.8472857427 0.5984550562 0.7822367455
0.8534042118 0.5862359551 0.7821166242
0.8534042118 0.5862359551 0.7821166242
0.8382970599 0.6167134831 0.7820960388
0.8382970599 0.6167134831 0.7820960388
0.8382970599 0.6167134831 0.7820960388
0.8382970599 0.6167134831 0.7820960388
0.8382970599 0.6167134831 0.7820960388
0.8382970599 0.6167134831 0.7820960388
0.8382970599 0.6167134831 0.7820960388
0.8382970599 0.6167134831 0.7820960388
0.8382970599 0.6167134831 0.7820960388
0.8382970599 0.6167134831 0.7820960388
0.8382970599 0.6167134831 0.7820960388
0.8382970599 0.6167134831 0.7820960388
0.8382970599 0.6167134831 0.7820960388
0.8827331487 0.5370786517 0.7820680628
0.8827331487 0.5370786517 0.7820680628
0.8827331487 0.5370786517 0.7820680628
0.8827331487 0.5370786517 0.7820680628
0.8531997547 0.5860955056 0.781929246
0.8531997547 0.5860955056 0.781929246
0.8531997547 0.5860955056 0.781929246
0.8531997547 0.5860955056 0.781929246
0.8409442724 0.6103932584 0.7818796776
0.8326507818 0.6282303371 0.7817743289
0.8326507818 0.6282303371 0.7817743289
0.8326507818 0.6282303371 0.7817743289
0.8265269245 0.6424157303 0.7817199891
0.8265269245 0.6424157303 0.7817199891
0.8299632353 0.6341292135 0.7816828255
0.8299632353 0.6341292135 0.7816828255
0.8535684988 0.5845505618 0.781625601
0.8535684988 0.5845505618 0.781625601
0.8535684988 0.5845505618 0.781625601
0.8535684988 0.5845505618 0.781625601
0.8535684988 0.5845505618 0.781625601
0.8535684988 0.5845505618 0.781625601
0.8535684988 0.5845505618 0.781625601
0.8535684988 0.5845505618 0.781625601
0.8535684988 0.5845505618 0.781625601
0.8535684988 0.5845505618 0.781625601
0.8535684988 0.5845505618 0.781625601
0.8535684988 0.5845505618 0.781625601
0.8535684988 0.5845505618 0.781625601
0.8535684988 0.5845505618 0.781625601
0.8535684988 0.5845505618 0.781625601
0.8535684988 0.5845505618 0.781625601
0.8535684988 0.5845505618 0.781625601
0.8377243223 0.6162921348 0.7815616985
0.8295684114 0.6344101124 0.7814878893
0.8850198645 0.5318820225 0.7812757881
0.8850198645 0.5318820225 0.7812757881
0.8850198645 0.5318820225 0.7812757881
0.8850198645 0.5318820225 0.7812757881
0.8597972973 0.5719101124 0.7811540823
0.868830884 0.5563202247 0.781077457
0.8416845389 0.6063202247 0.7810464611
0.8416845389 0.6063202247 0.7810464611
0.8416845389 0.6063202247 0.7810464611
0.8416845389 0.6063202247 0.7810464611
0.8840850666 0.5313202247 0.7804505694
0.8840850666 0.5313202247 0.7804505694
0.8840850666 0.5313202247 0.7804505694
0.8840850666 0.5313202247 0.7804505694
0.8274223035 0.6356741573 0.7803448276
0.8309151786 0.6273876404 0.7802892677
0.8725687458 0.5481741573 0.7802254918
0.8725687458 0.5481741573 0.7802254918
0.8346277704 0.6188202247 0.7802096614
0.8549459684 0.5778089888 0.7801122573
0.8704237852 0.5509831461 0.7799825036
0.8731762065 0.5463483146 0.7798716921
0.825613079 0.6383426966 0.7798558682
0.8544435216 0.5779494382 0.7798286841
0.8278206542 0.6327247191 0.7797355303
0.830413716 0.6258426966 0.7794570389
0.830413716 0.6258426966 0.7794570389
0.830413716 0.6258426966 0.7794570389
0.830413716 0.6258426966 0.7794570389
0.830413716 0.6258426966 0.7794570389
0.830413716 0.6258426966 0.7794570389
0.830413716 0.6258426966 0.7794570389
0.830413716 0.6258426966 0.7794570389
0.830413716 0.6258426966 0.7794570389
0.869758154 0.5505617978 0.7793860347
0.8382352941 0.6084269663 0.7793609672
0.8534715026 0.5783707865 0.779333838
0.8423752219 0.5997191011 0.7793108483
0.8714509278 0.5474719101 0.7792259715
0.8714509278 0.5474719101 0.7792259715
0.8714509278 0.5474719101 0.7792259715
0.83640553 0.6117977528 0.7791929021
0.83640553 0.6117977528 0.7791929021
0.8695362769 0.5504213483 0.7791872117
0.8532642487 0.5782303371 0.7791445874
0.8722783389 0.5457865169 0.7790697674
0.8538717735 0.5761235955 0.7787818955
0.8243415077 0.6373595506 0.7786547701
0.8374613003 0.6078651685 0.7786413356
0.827281106 0.6303370787 0.7786259542
0.827281106 0.6303370787 0.7786259542
0.827281106 0.6303370787 0.7786259542
0.827281106 0.6303370787 0.7786259542
0.8688706457 0.55 0.7785907428
0.838954962 0.6043539326 0.7785135331
0.838954962 0.6043539326 0.7785135331
0.838954962 0.6043539326 0.7785135331
0.838954962 0.6043539326 0.7785135331
0.8766025641 0.5377808989 0.7785052049
0.840266876 0.6014044944 0.778432228
0.8705566734 0.5469101124 0.7784263553
0.8292955647 0.625 0.7784075007
0.8292955647 0.625 0.7784075007
0.8317615994 0.6193820225 0.778381813
0.8317615994 0.6193820225 0.778381813
0.8317615994 0.6193820225 0.778381813
0.8317615994 0.6193820225 0.778381813
0.8317615994 0.6193820225 0.778381813
0.8317615994 0.6193820225 0.778381813
0.8317615994 0.6193820225 0.778381813
0.8317615994 0.6193820225 0.778381813
0.8317615994 0.6193820225 0.778381813
0.8768348624 0.5369382022 0.7782980456
0.8768348624 0.5369382022 0.7782980456
0.8768348624 0.5369382022 0.7782980456
0.8768348624 0.5369382022 0.7782980456
0.8768348624 0.5369382022 0.7782980456
0.8768348624 0.5369382022 0.7782980456
0.8768348624 0.5369382022 0.7782980456
0.8768348624 0.5369382022 0.7782980456
0.8768348624 0.5369382022 0.7782980456
0.8768348624 0.5369382022 0.7782980456
0.8768348624 0.5369382022 0.7782980456
0.8768348624 0.5369382022 0.7782980456
0.8703331098 0.5467696629 0.7782264513
0.8520207254 0.5773876404 0.778009084
0.8434504792 0.593258427 0.7778432528
0.8434504792 0.593258427 0.7778432528
0.8381750829 0.6037921348 0.7777898393
0.8381750829 0.6037921348 0.7777898393
0.8381750829 0.6037921348 0.7777898393
0.8381750829 0.6037921348 0.7777898393
0.8280669145 0.6257022472 0.7777583799
0.8280669145 0.6257022472 0.7777583799
0.8280669145 0.6257022472 0.7777583799
0.8280669145 0.6257022472 0.7777583799
0.8280669145 0.6257022472 0.7777583799
0.8280669145 0.6257022472 0.7777583799
0.8280669145 0.6257022472 0.7777583799
0.8280669145 0.6257022472 0.7777583799
0.8280669145 0.6257022472 0.7777583799
0.8280669145 0.6257022472 0.7777583799
0.8280669145 0.6257022472 0.7777583799
0.8280669145 0.6257022472 0.7777583799
0.8518979465 0.5768258427 0.7777230723
0.8518979465 0.5768258427 0.7777230723
0.8518979465 0.5768258427 0.7777230723
0.8518979465 0.5768258427 0.7777230723
0.8518979465 0.5768258427 0.7777230723
0.8518979465 0.5768258427 0.7777230723
0.8518979465 0.5768258427 0.7777230723
0.8518979465 0.5768258427 0.7777230723
0.8518979465 0.5768258427 0.7777230723
0.8518979465 0.5768258427 0.7777230723
0.8518979465 0.5768258427 0.7777230723
0.8518979465 0.5768258427 0.7777230723
0.8518979465 0.5768258427 0.7777230723
0.8518979465 0.5768258427 0.7777230723
0.8518979465 0.5768258427 0.7777230723
0.8518979465 0.5768258427 0.7777230723
0.8518979465 0.5768258427 0.7777230723
0.8541797612 0.5726123596 0.7776972379
0.8541797612 0.5726123596 0.7776972379
0.8707070707 0.5448033708 0.7776663994
0.8533834586 0.5738764045 0.7776339829
0.8232515895 0.6365168539 0.7776252574
0.8516905206 0.5766853933 0.777533707
0.8516905206 0.5766853933 0.777533707
0.8516905206 0.5766853933 0.777533707
0.8516905206 0.5766853933 0.777533707
0.8516905206 0.5766853933 0.777533707
0.8516905206 0.5766853933 0.777533707
0.8516905206 0.5766853933 0.777533707
0.8516905206 0.5766853933 0.777533707
0.8516905206 0.5766853933 0.777533707
0.8516905206 0.5766853933 0.777533707
0.8516905206 0.5766853933 0.777533707
0.8516905206 0.5766853933 0.777533707
0.8516905206 0.5766853933 0.777533707
0.8516905206 0.5766853933 0.777533707
0.8516905206 0.5766853933 0.777533707
0.8516905206 0.5766853933 0.777533707
0.8516905206 0.5766853933 0.777533707
0.8516905206 0.5766853933 0.777533707
0.8516905206 0.5766853933 0.777533707
0.8516905206 0.5766853933 0.777533707
0.8516905206 0.5766853933 0.777533707
0.8516905206 0.5766853933 0.777533707
0.8516905206 0.5766853933 0.777533707
0.8516905206 0.5766853933 0.777533707
0.8516905206 0.5766853933 0.777533707
0.8516905206 0.5766853933 0.777533707
0.8516905206 0.5766853933 0.777533707
0.8516905206 0.5766853933 0.777533707
0.8516905206 0.5766853933 0.777533707
0.8516905206 0.5766853933 0.777533707
0.8516905206 0.5766853933 0.777533707
0.8516905206 0.5766853933 0.777533707
0.8516905206 0.5766853933 0.777533707
0.8516905206 0.5766853933 0.777533707
0.8301993231 0.6200842697 0.7775077487
0.827037037 0.627247191 0.7775069638
0.8694388554 0.5462078652 0.7774268351
0.830569167 0.6189606742 0.7774132091
0.830629951 0.6185393258 0.7773227902
0.830629951 0.6185393258 0.7773227902
0.8270300334 0.6265449438 0.7772860329
0.8549135386 0.5693820225 0.7769855872
0.8277726002 0.6237359551 0.7769419174
0.8698092031 0.544241573 0.7768644747
0.8235294118 0.6331460674 0.7768127929
0.839613336 0.597752809 0.7767557308
0.853132202 0.5719101124 0.7767434763
0.853132202 0.5719101124 0.7767434763
0.853132202 0.5719101124 0.7767434763
0.853132202 0.5719101124 0.7767434763
0.8269516729 0.6248595506 0.7767108939
0.8269516729 0.6248595506 0.7767108939
0.8529226901 0.5717696629 0.7765527239
0.8529226901 0.5717696629 0.7765527239
0.8712960869 0.541011236 0.7764876633
0.8492161716 0.5782303371 0.776440857
0.837045721 0.6016853933 0.7763119745
0.837045721 0.6016853933 0.7763119745
0.875 0.5348314607 0.7762557078
0.875 0.5348314607 0.7762557078
0.875 0.5348314607 0.7762557078
0.875 0.5348314607 0.7762557078
0.8532688669 0.5700842697 0.7761587884
0.8240808824 0.6296348315 0.7761426593
0.8240808824 0.6296348315 0.7761426593
0.8240808824 0.6296348315 0.7761426593
0.8240808824 0.6296348315 0.7761426593
0.8240808824 0.6296348315 0.7761426593
0.8240808824 0.6296348315 0.7761426593
0.8240808824 0.6296348315 0.7761426593
0.8240808824 0.6296348315 0.7761426593
0.8240808824 0.6296348315 0.7761426593
0.8240808824 0.6296348315 0.7761426593
0.8240808824 0.6296348315 0.7761426593
0.8240808824 0.6296348315 0.7761426593
0.8509575354 0.5741573034 0.7761239368
0.8640264026 0.5515449438 0.7760869565
0.8388242257 0.5971910112 0.7760256972
0.8530586504 0.5699438202 0.7759675692
0.8530586504 0.5699438202 0.7759675692
0.8278965129 0.6202247191 0.7759347765
0.8278965129 0.6202247191 0.7759347765
0.8278965129 0.6202247191 0.7759347765
0.8285069575 0.6188202247 0.7759227952
0.8285069575 0.6188202247 0.7759227952
0.8706175074 0.5405898876 0.7758829221
0.8527620248 0.5702247191 0.7758752484
0.8316151203 0.6117977528 0.775862069
0.8353421462 0.603511236 0.7757437897
0.8525519849 0.5700842697 0.7756841462
0.8525519849 0.5700842697 0.7756841462
0.8548695099 0.5658707865 0.7756430002
0.8548695099 0.5658707865 0.7756430002
0.8548695099 0.5658707865 0.7756430002
0.8548695099 0.5658707865 0.7756430002
0.8548695099 0.5658707865 0.7756430002
0.8548695099 0.5658707865 0.7756430002
0.8548695099 0.5658707865 0.7756430002
0.8548695099 0.5658707865 0.7756430002
0.870165121 0.5403089888 0.7754797613
0.8516656191 0.5709269663 0.77540821
0.8516656191 0.5709269663 0.77540821
0.8516656191 0.5709269663 0.77540821
0.8516656191 0.5709269663 0.77540821
0.8904109589 0.5112359551 0.7753919564
0.8904109589 0.5112359551 0.7753919564
0.8904109589 0.5112359551 0.7753919564
0.8904109589 0.5112359551 0.7753919564
0.8294485503 0.614747191 0.7752940343
0.8278781038 0.6181179775 0.7752607103
0.8301312536 0.6129213483 0.7751882905
0.8301312536 0.6129213483 0.7751882905
0.8301312536 0.6129213483 0.7751882905
0.8301312536 0.6129213483 0.7751882905
0.8727397574 0.5355337079 0.7751260368
0.8269915651 0.6196629213 0.7751229796
0.8253673052 0.6233146067 0.7751152718
0.8253673052 0.6233146067 0.7751152718
0.8253673052 0.6233146067 0.7751152718
0.8253673052 0.6233146067 0.7751152718
0.8253673052 0.6233146067 0.7751152718
0.8253673052 0.6233146067 0.7751152718
0.8253673052 0.6233146067 0.7751152718
0.8253673052 0.6233146067 0.7751152718
0.8253673052 0.6233146067 0.7751152718
0.8253673052 0.6233146067 0.7751152718
0.8253673052 0.6233146067 0.7751152718
0.8253673052 0.6233146067 0.7751152718
0.8229779412 0.6287921348 0.7751038781
0.8229779412 0.6287921348 0.7751038781
0.8758109361 0.5308988764 0.7750984252
0.8306605575 0.6110955056 0.7749715019
0.8347606072 0.6023876404 0.7749710899
0.8347606072 0.6023876404 0.7749710899
0.8347606072 0.6023876404 0.7749710899
0.8347606072 0.6023876404 0.7749710899
0.8347606072 0.6023876404 0.7749710899
0.8347606072 0.6023876404 0.7749710899
0.8347606072 0.6023876404 0.7749710899
0.8347606072 0.6023876404 0.7749710899
0.8347606072 0.6023876404 0.7749710899
0.8347606072 0.6023876404 0.7749710899
0.8347606072 0.6023876404 0.7749710899
0.8347606072 0.6023876404 0.7749710899
0.8347606072 0.6023876404 0.7749710899
0.8347606072 0.6023876404 0.7749710899
0.8347606072 0.6023876404 0.7749710899
0.8347606072 0.6023876404 0.7749710899
0.8347606072 0.6023876404 0.7749710899
0.850459482 0.5719101124 0.7749695493
0.8787523452 0.5262640449 0.7749420913
0.8227941176 0.6286516854 0.7749307479
0.8227941176 0.6286516854 0.7749307479
0.8227941176 0.6286516854 0.7749307479
0.8227941176 0.6286516854 0.7749307479
0.8227941176 0.6286516854 0.7749307479
0.8227941176 0.6286516854 0.7749307479
0.8227941176 0.6286516854 0.7749307479
0.8227941176 0.6286516854 0.7749307479
0.8227941176 0.6286516854 0.7749307479
0.8227941176 0.6286516854 0.7749307479
0.8227941176 0.6286516854 0.7749307479
0.8227941176 0.6286516854 0.7749307479
0.8694865415 0.5398876404 0.7748750202
0.8191009207 0.6372191011 0.7748667851
0.8191009207 0.6372191011 0.7748667851
0.8191009207 0.6372191011 0.7748667851
0.8191009207 0.6372191011 0.7748667851
0.8733915441 0.5338483146 0.7748287671
0.8733915441 0.5338483146 0.7748287671
0.8733915441 0.5338483146 0.7748287671
0.8733915441 0.5338483146 0.7748287671
0.8351219512 0.6011235955 0.7748008689
0.8582864561 0.5571629213 0.7745626367
0.8358823529 0.5987359551 0.7745276163
0.875115848 0.5304775281 0.7744832677
0.8727022059 0.5334269663 0.7742172211
0.8727022059 0.5334269663 0.7742172211
0.8727022059 0.5334269663 0.7742172211
0.8727022059 0.5334269663 0.7742172211
0.8727022059 0.5334269663 0.7742172211
0.8727022059 0.5334269663 0.7742172211
0.8727022059 0.5334269663 0.7742172211
0.8727022059 0.5334269663 0.7742172211
0.8715953307 0.5348314607 0.7741096113
0.8715953307 0.5348314607 0.7741096113
0.822866642 0.6257022472 0.7740825688
0.8343414634 0.6005617978 0.774076756
0.8315039476 0.6064606742 0.7740570773
0.8315039476 0.6064606742 0.7740570773
0.8315039476 0.6064606742 0.7740570773
0.8315039476 0.6064606742 0.7740570773
0.8216911765 0.6278089888 0.7738919668
0.8216911765 0.6278089888 0.7738919668
0.8216911765 0.6278089888 0.7738919668
0.8216911765 0.6278089888 0.7738919668
0.8216911765 0.6278089888 0.7738919668
0.8216911765 0.6278089888 0.7738919668
0.8216911765 0.6278089888 0.7738919668
0.8216911765 0.6278089888 0.7738919668
0.8216911765 0.6278089888 0.7738919668
0.8216911765 0.6278089888 0.7738919668
0.8216911765 0.6278089888 0.7738919668
0.8216911765 0.6278089888 0.7738919668
0.8216911765 0.6278089888 0.7738919668
0.8216911765 0.6278089888 0.7738919668
0.8259481787 0.6178370787 0.7738179004
0.874391657 0.5299157303 0.7737899918
0.874391657 0.5299157303 0.7737899918
0.8343102775 0.5997191011 0.7737750072
0.8343102775 0.5997191011 0.7737750072
0.8238467262 0.6220505618 0.7736514813
0.8418388011 0.5838483146 0.773481691
0.8418388011 0.5838483146 0.773481691
0.8418388011 0.5838483146 0.773481691
0.8418388011 0.5838483146 0.773481691
0.8418388011 0.5838483146 0.773481691
0.8418388011 0.5838483146 0.773481691
0.8418388011 0.5838483146 0.773481691
0.8418388011 0.5838483146 0.773481691
0.8418388011 0.5838483146 0.773481691
0.8418388011 0.5838483146 0.773481691
0.8418388011 0.5838483146 0.773481691
0.8418388011 0.5838483146 0.773481691
0.8418388011 0.5838483146 0.773481691
0.8418388011 0.5838483146 0.773481691
0.8418388011 0.5838483146 0.773481691
0.8418388011 0.5838483146 0.773481691
0.8418388011 0.5838483146 0.773481691
0.8358297201 0.5956460674 0.7734534578
0.8306715413 0.6063202247 0.7734341407
0.8353682552 0.5957865169 0.7731846019
0.8526472464 0.5632022472 0.7731759988
0.8526472464 0.5632022472 0.7731759988
0.8526472464 0.5632022472 0.7731759988
0.8526472464 0.5632022472 0.7731759988
0.8526472464 0.5632022472 0.7731759988
0.8526472464 0.5632022472 0.7731759988
0.8526472464 0.5632022472 0.7731759988
0.8526472464 0.5632022472 0.7731759988
0.8526472464 0.5632022472 0.7731759988
0.8526472464 0.5632022472 0.7731759988
0.8526472464 0.5632022472 0.7731759988
0.8526472464 0.5632022472 0.7731759988
0.8526472464 0.5632022472 0.7731759988
0.8526472464 0.5632022472 0.7731759988
0.8526472464 0.5632022472 0.7731759988
0.8526472464 0.5632022472 0.7731759988
0.8526472464 0.5632022472 0.7731759988
0.8704509041 0.5341292135 0.7730931859
0.8335287222 0.5991573034 0.7730501595
0.8335287222 0.5991573034 0.7730501595
0.8532110092 0.5616573034 0.7729627339
0.8495798319 0.5679775281 0.7729357798
0.8495798319 0.5679775281 0.7729357798
0.8495798319 0.5679775281 0.7729357798
0.8495798319 0.5679775281 0.7729357798
0.8495798319 0.5679775281 0.7729357798
0.8495798319 0.5679775281 0.7729357798
0.8495798319 0.5679775281 0.7729357798
0.8495798319 0.5679775281 0.7729357798
0.8495798319 0.5679775281 0.7729357798
0.8495798319 0.5679775281 0.7729357798
0.8495798319 0.5679775281 0.7729357798
0.8495798319 0.5679775281 0.7729357798
0.8495798319 0.5679775281 0.7729357798
0.8495798319 0.5679775281 0.7729357798
0.8495798319 0.5679775281 0.7729357798
0.8495798319 0.5679775281 0.7729357798
0.8495798319 0.5679775281 0.7729357798
0.8495798319 0.5679775281 0.7729357798
0.8495798319 0.5679775281 0.7729357798
0.8495798319 0.5679775281 0.7729357798
0.8495798319 0.5679775281 0.7729357798
0.8495798319 0.5679775281 0.7729357798
