t x y z
0 -1 2 -2
1 -2 -1 -3
2 -1 -2 -3
3 1 -2 -2
4 -3 -4 -1
5 -3 -4 1
6 -3 -4 1
7 -2 -3 1
8 1 -1 3
9 2 1 4
10 -1 1 5
11 -1 -1 6
12 0 -1 6
13 -1 -2 7
14 -3 -2 9
15 -4 -3 11
16 -3 -1 11
17 -2 1 11
18 -2 2 11
19 -3 2 12
20 -2 3 12
21 1 4 12
22 1 4 12
23 -1 4 12
24 -1 4 13
25 -1 5 13
26 -1 5 12
27 -2 4 13
28 -2 4 12
29 1 5 11
30 1 5 11
31 -2 4 12
32 -3 3 11
33 -1 4 11
34 1 5 11
35 1 5 11
36 1 5 11
37 1 4 10
38 2 4 9
39 4 4 9
40 5 4 9
41 5 4 9
42 6 5 10
43 6 5 9
44 5 5 9
45 5 5 8
46 5 5 8
47 4 5 8
48 3 6 8
49 3 6 9
50 2 7 9
51 1 7 8
52 -1 6 9
53 -1 6 10
54 -2 6 10
55 -2 5 10
56 -2 4 9
57 -1 4 8
58 0 5 8
59 1 5 9
60 1 5 9
61 1 6 10
62 2 7 9
63 2 7 9
64 1 6 8
65 1 6 8
66 0 5 8
67 1 5 7
68 1 5 8
69 1 5 9
70 2 6 10
71 2 6 10
72 2 6 10
73 2 6 11
74 4 7 11
75 5 6 9
76 5 5 7
77 3 5 9
78 3 6 11
79 4 6 11
80 4 7 11
81 4 7 11
82 3 6 10
83 3 6 9
84 2 6 9
85 2 6 9
86 2 6 8
87 2 6 8
88 2 6 8
89 2 6 8
90 1 5 8
91 0 4 8
92 0 4 8
93 2 4 8
94 3 6 9
95 3 8 9
96 2 9 10
97 -1 8 11
98 -2 7 11
99 -2 5 9
100 -2 4 8
101 -2 3 7
102 -2 4 8
103 -1 4 9
104 1 5 9
105 1 5 9
106 2 5 8
107 2 6 9
108 3 6 9
109 3 7 9
110 2 6 9
111 1 6 9
112 1 5 9
113 2 5 9
114 2 5 9
115 2 5 11
116 1 6 12
117 2 6 12
118 2 5 11
119 1 4 8
120 1 3 8
121 1 3 8
122 2 4 9
123 2 5 9
124 1 5 10
125 1 5 10
126 0 5 10
127 -1 4 10
128 -1 4 10
129 -1 4 10
130 0 3 10
131 1 2 9
132 1 2 9
133 2 2 10
134 3 3 10
135 4 3 10
136 3 4 10
137 2 4 10
138 1 5 11
139 -1 6 11
140 0 6 12
141 0 6 11
142 0 5 10
143 1 4 9
144 1 4 8
145 1 4 7
146 2 5 8
147 2 5 8
148 1 5 9
149 0 5 8
150 -1 5 8
151 -1 5 8
152 -1 5 8
153 -2 5 8
154 -2 5 9
155 -2 6 10
156 -1 6 10
157 -2 5 9
158 -2 5 9
159 1 6 10
160 2 6 10
161 2 6 10
162 2 6 10
163 1 6 10
164 1 5 10
165 1 5 10
166 1 5 9
167 1 6 10
168 1 6 10
169 1 6 10
170 0 5 9
171 -2 4 9
172 -2 4 10
173 -1 4 10
174 1 5 10
175 1 5 10
176 0 5 9
177 0 5 9
178 -1 5 9
179 -2 6 9
180 -1 6 10
181 -1 7 10
182 0 8 10
183 1 9 10
184 -1 8 9
185 -2 7 8
186 -2 6 8
187 -1 6 9
188 0 6 8
189 1 5 8
190 1 4 7
191 2 5 7
192 1 5 8
193 1 4 9
194 1 3 9
195 1 3 8
196 1 3 8
197 1 3 9
198 1 4 10
199 1 5 10
200 1 5 10
201 1 5 10
202 1 5 10
203 2 5 10
204 3 6 10
205 4 5 9
206 3 4 8
207 2 5 10
208 2 5 11
209 2 5 11
210 1 3 10
211 0 3 11
212 -1 2 11
213 1 3 11
214 2 4 11
215 2 4 11
216 1 3 11
217 -1 3 12
218 0 3 11
219 1 2 8
220 -1 1 7
221 -1 2 8
222 1 3 8
223 1 3 8
224 -1 2 8
225 -2 2 9
226 1 3 11
227 -1 2 11
228 -2 1 10
229 -3 1 10
230 -2 3 10
231 -2 3 10
232 -2 3 10
233 -2 4 11
234 -1 4 11
235 1 4 11
236 -1 3 9
237 -3 1 9
238 -2 2 10
239 -1 2 9
240 -2 1 9
241 -3 -2 9
242 -2 -1 10
243 -2 1 9
244 -2 0 9
245 -1 1 9
246 1 2 8
247 3 2 8
248 4 3 9
249 4 4 11
250 3 4 12
251 2 5 13
252 2 5 13
253 -1 5 13
254 -3 5 13
255 -5 5 13
256 -6 5 13
257 -6 6 13
258 -6 6 12
259 -7 6 12
260 -8 5 11
261 -7 5 11
262 -8 5 10
263 -8 4 9
264 -9 3 8
265 -8 2 7
266 -8 2 6
267 -8 1 6
268 -7 1 5
269 -6 -1 4
270 -6 -1 4
271 -6 -2 4
272 -5 -2 3
273 -4 -2 3
274 -3 -2 4
275 -2 -3 4
276 -2 -2 4
277 1 -2 4
278 3 -1 4
279 3 -1 3
280 6 -1 4
281 8 -1 4
282 8 -1 5
283 8 -1 7
284 9 0 8
285 9 1 9
286 8 1 10
287 6 1 11
288 5 1 11
289 5 3 11
290 3 4 12
291 -1 3 13
292 -2 4 13
293 -3 4 13
294 -5 4 13
295 -4 4 13
296 -5 5 13
297 -5 4 12
298 -5 4 12
299 -5 4 12
300 -5 4 12
301 -4 4 11
302 -3 4 11
303 -2 4 11
304 -2 4 11
305 -1 4 10
306 0 4 10
307 0 3 9
308 1 3 9
309 1 3 9
310 1 3 9
311 1 3 9
312 2 3 10
313 1 3 10
314 1 3 9
315 1 2 9
316 2 3 10
317 1 3 10
318 1 3 10
319 1 3 10
320 0 2 11
321 -1 3 11
322 0 3 11
323 1 3 11
324 1 4 11
325 0 3 11
326 1 3 11
327 1 3 11
328 1 3 10
329 1 3 10
330 1 3 10
331 1 3 9
332 1 3 9
333 1 3 9
334 1 3 9
335 1 3 9
336 1 3 8
337 1 3 8
338 1 3 8
339 1 3 7
340 1 3 8
341 1 3 8
342 1 3 7
343 2 2 6
344 1 2 7
345 1 3 9
346 1 5 11
347 1 6 11
348 1 6 11
349 1 5 11
350 1 5 10
351 0 4 8
352 1 4 9
353 1 4 9
354 1 4 8
355 2 5 9
356 2 5 10
357 1 5 11
358 1 5 11
359 2 6 11
360 3 6 10
361 3 5 11
362 3 5 10
363 3 3 11
364 4 3 11
365 5 4 11
366 5 3 11
367 5 2 10
368 5 2 9
369 4 1 10
370 4 1 9
371 3 -1 9
372 3 -2 10
373 2 -1 11
374 2 -1 11
375 3 -1 10
376 3 0 11
377 3 1 11
378 2 1 11
379 2 1 11
380 2 0 10
381 1 -1 11
382 2 -3 11
383 2 -3 10
384 2 -3 10
385 2 -3 11
386 2 -3 11
387 1 -3 11
388 1 -4 12
389 2 -3 12
390 2 -3 12
391 3 -3 12
392 2 -2 12
393 1 1 13
394 1 2 13
395 1 3 13
396 1 3 13
397 1 3 12
398 1 3 11
399 1 3 12
400 2 4 12
401 2 4 11
402 2 3 12
403 2 3 12
404 3 3 11
405 3 3 9
406 2 3 10
407 2 2 9
408 1 2 8
409 1 2 10
410 1 3 10
411 2 3 8
412 2 2 8
413 1 3 9
414 -1 2 9
415 -1 2 7
416 1 3 9
417 1 2 8
418 -1 -1 7
419 -1 -1 7
420 1 0 8
421 1 1 9
422 2 1 10
423 3 2 11
424 2 1 9
425 0 -2 10
426 -1 -2 10
427 2 -1 9
428 2 1 9
429 2 0 9
430 2 -1 9
431 1 -2 9
432 1 -2 10
433 2 -1 10
434 1 -2 10
435 0 -2 10
436 0 -2 9
437 2 -1 9
438 3 -2 9
439 3 -2 10
440 5 -1 9
441 6 -1 10
442 6 -1 10
443 6 -1 11
444 6 1 11
445 6 2 10
446 4 1 10
447 2 1 11
448 1 1 10
449 -1 1 10
450 -3 -1 10
451 -4 -2 10
452 -6 -3 10
453 -6 -3 10
454 -7 -3 10
455 -7 -4 9
456 -7 -4 9
457 -7 -4 8
458 -8 -4 8
459 -7 -4 6
460 -6 -3 5
461 -6 -2 5
462 -6 -2 5
463 -6 -2 6
464 -6 -2 6
465 -6 -2 6
466 -6 -2 6
467 -6 -1 7
468 -5 0 7
469 -4 1 7
470 -3 2 8
471 -1 3 10
472 1 3 11
473 2 2 11
474 2 4 11
475 2 3 12
476 1 4 12
477 1 6 13
478 -1 6 13
479 -2 5 13
480 -2 5 12
481 -1 6 13
482 1 7 12
483 1 5 12
484 3 5 12
485 4 6 11
486 4 6 11
487 3 5 11
488 2 4 10
489 1 5 9
490 -2 6 10
491 -4 6 9
492 -6 5 9
493 -7 5 8
494 -8 4 8
495 -10 3 8
496 -9 3 8
497 -9 2 7
498 -9 2 8
499 -8 2 8
500 -7 3 9
501 -6 3 9
502 -4 4 9
503 -3 5 8
504 -3 5 8
505 -2 5 8
506 -2 4 8
507 -2 4 8
508 -1 3 9
509 -1 3 9
510 1 3 10
511 2 4 11
512 3 4 11
513 2 3 11
514 3 4 11
515 5 5 10
516 5 5 10
517 4 5 11
518 3 6 12
519 3 6 12
520 3 6 11
521 2 5 9
522 2 5 9
523 1 6 10
524 1 5 10
525 1 5 9
526 1 5 9
527 1 5 9
528 2 5 9
529 2 5 9
530 1 5 8
531 1 5 9
532 2 5 9
533 2 5 9
534 2 5 9
535 2 5 9
536 2 5 9
537 2 5 9
538 2 5 9
539 2 5 9
540 2 6 10
541 3 6 10
542 3 6 9
543 3 6 8
544 3 6 9
545 3 6 9
546 3 6 8
547 3 5 8
548 3 6 7
549 3 7 8
550 4 8 9
551 4 9 10
552 4 9 10
553 3 7 9
554 3 6 10
555 4 6 11
556 5 7 10
557 5 7 9
558 5 7 9
559 5 8 10
560 6 10 9
561 5 10 9
562 3 10 10
563 2 8 7
564 -1 6 5
565 -1 5 6
566 1 6 9
567 1 5 10
568 1 5 8
569 1 4 7
570 -1 2 8
571 0 2 10
572 3 3 11
573 5 2 9
574 6 2 8
575 7 2 9
576 7 3 9
577 7 3 8
578 6 1 8
579 5 1 9
580 5 2 11
581 5 2 11
582 5 1 9
583 5 0 8
584 5 0 8
585 5 1 9
586 5 2 9
587 5 3 8
588 4 4 7
589 4 4 8
590 3 4 11
591 5 6 11
592 7 7 10
593 5 6 9
594 3 5 10
595 2 4 9
596 2 4 9
597 2 4 9
598 2 3 9
599 3 3 9
600 3 4 9
601 3 5 10
602 3 6 11
603 4 5 10
604 3 4 8
605 4 3 9
606 5 5 10
607 5 5 11
608 5 5 12
609 6 7 12
610 5 6 11
611 3 3 9
612 0 2 9
613 0 2 9
614 1 3 9
615 0 2 8
616 1 3 8
617 1 4 8
618 -1 3 8
619 0 5 9
620 2 7 10
621 1 5 10
622 -2 4 8
623 -1 4 8
624 -1 5 9
625 -1 5 9
626 -1 5 10
627 1 6 11
628 1 5 10
629 -1 4 9
630 -1 4 10
631 1 5 10
632 1 4 10
633 1 5 11
634 2 5 11
635 1 5 11
636 -1 4 12
637 -1 5 12
638 -2 4 12
639 -3 3 12
640 -4 3 12
641 -5 3 12
642 -6 2 13
643 -6 3 13
644 -4 4 13
645 -2 4 13
646 -2 5 13
647 -3 4 13
648 -2 3 11
649 -1 3 9
650 0 3 7
651 1 3 6
652 2 3 5
653 3 2 3
654 3 1 2
655 2 -2 2
656 1 -3 2
657 2 -2 1
658 -1 -2 1
659 -3 -4 -1
660 -3 -5 -1
661 -3 -3 0
662 -2 -2 2
663 -1 -1 3
664 -2 -2 5
665 -3 -2 7
666 -1 1 9
667 -1 2 11
668 -4 0 11
669 -3 1 12
670 -3 3 13
671 -2 3 13
672 -1 4 13
673 -2 4 14
674 -2 4 14
675 -3 4 13
676 -3 3 13
677 -2 3 13
678 -1 4 12
679 1 4 11
680 2 5 11
681 4 5 11
682 4 5 11
683 4 5 11
684 4 5 11
685 4 6 11
686 2 6 10
687 -2 6 10
688 -5 6 10
689 -7 5 9
690 -8 5 8
691 -9 4 8
692 -8 4 8
693 -9 3 8
694 -9 2 9
695 -8 2 8
696 -8 1 8
697 -7 1 8
698 -7 2 8
699 -7 2 9
700 -6 2 9
701 -4 3 8
702 -2 5 9
703 -2 5 9
704 -3 5 9
705 -3 4 8
706 -2 4 8
707 1 4 8
708 2 4 8
709 2 4 9
710 2 4 10
711 2 3 10
712 2 3 10
713 3 3 11
714 3 4 11
715 2 3 11
716 2 4 11
717 2 5 12
718 -2 5 13
719 -4 5 12
720 -1 5 11
721 2 6 10
722 2 6 9
723 1 6 9
724 1 6 9
725 1 5 9
726 1 5 8
727 -1 4 8
728 -1 4 8
729 -1 4 8
730 -1 5 8
731 -1 5 8
732 -1 5 9
733 -2 5 10
734 -3 5 11
735 -6 5 14
736 -6 7 16
737 -5 9 16
738 -8 9 16
739 -9 9 16
740 -11 9 16
741 -11 10 16
742 -7 11 16
743 -3 11 14
744 -3 9 11
745 -4 6 6
746 -4 7 4
747 -4 8 4
748 -3 9 4
749 -2 8 4
750 0 5 4
751 4 3 4
752 7 2 1
753 9 1 -7
754 7 -2 -8
755 5 -3 -6
756 6 -2 -5
757 6 0 -5
758 6 1 -5
759 7 2 -3
760 7 3 -4
761 4 2 -6
762 2 2 -5
763 4 3 -6
764 7 1 -3
765 6 -1 1
766 1 -3 3
767 -4 -5 2
768 -6 -3 7
769 -7 1 14
770 -10 1 16
771 -9 1 15
772 -10 1 16
773 -11 0 16
774 -8 2 16
775 -7 -1 16
776 -9 -3 13
777 -9 -3 11
778 -8 -2 12
779 -8 -1 12
780 -8 -1 11
781 -7 1 10
782 -7 2 11
783 -6 3 11
784 -5 4 12
785 -5 4 12
786 -4 5 12
787 -3 5 12
788 -3 4 12
789 -3 3 11
790 -2 3 9
791 1 3 10
792 1 3 11
793 0 3 11
794 -1 1 10
795 -1 -1 8
796 -2 -3 8
797 -2 -2 9
798 -2 -1 9
799 -2 -1 10
800 -1 -1 11
801 1 1 11
802 0 -2 11
803 -2 -5 10
804 -4 -7 11
805 -4 -7 11
806 -4 -6 10
807 -2 -4 10
808 -3 -4 12
809 -4 -5 12
810 -4 -5 11
811 -3 -4 11
812 -2 -3 12
813 -3 -3 13
814 -4 -3 13
815 -3 -2 12
816 -4 -1 11
817 -4 -1 11
818 -4 1 10
819 -2 2 9
820 -2 3 9
821 -2 3 8
822 2 8 9
823 4 9 11
824 2 7 13
825 1 5 11
826 2 6 10
827 3 7 10
828 2 4 9
829 -1 3 7
830 1 3 7
831 1 4 8
832 -1 3 7
833 -1 2 7
834 -2 1 6
835 -2 1 6
836 -1 2 6
837 -2 2 7
838 -2 3 8
839 -2 4 6
840 -3 4 5
841 -2 6 6
842 2 8 8
843 1 8 9
844 -2 8 11
845 -2 7 12
846 -1 7 12
847 -3 6 13
848 -4 5 13
849 -4 5 13
850 -3 6 13
851 -4 6 14
852 -4 5 14
853 -2 6 14
854 -2 5 13
855 -2 5 13
856 -3 3 12
857 -3 3 10
858 -2 3 7
859 1 4 5
860 1 4 3
861 0 2 2
862 1 1 -1
863 2 1 -3
864 1 -2 -3
865 -2 -4 -3
866 -3 -4 -3
867 -4 -5 -2
868 -4 -4 -1
869 -2 -1 1
870 -3 -1 3
871 -3 -1 4
872 -2 -1 5
873 -2 -1 6
874 -2 -1 7
875 -3 -1 9
876 -2 2 10
877 2 5 11
878 1 5 12
879 -3 5 13
880 -4 5 14
881 -3 6 14
882 -4 8 16
883 -4 8 16
884 -4 8 16
885 -5 6 15
886 -5 6 14
887 -5 6 14
888 -6 6 13
889 -7 6 13
890 -7 6 13
891 -6 6 13
892 -5 6 13
893 -4 5 12
894 -2 4 11
895 -1 5 10
896 1 5 9
897 2 4 8
898 3 3 6
899 2 2 5
900 3 1 4
901 3 1 3
902 3 -1 2
903 2 -2 2
904 -1 -3 2
905 -1 -3 2
906 1 -2 -1
907 1 -2 -2
908 1 -1 -2
909 1 -1 -1
910 -1 0 -1
911 1 1 -1
912 1 0 1
913 -2 -1 3
914 -4 1 5
915 -2 4 8
916 -1 7 12
917 -3 7 13
918 -3 10 14
919 -5 10 16
920 -6 10 16
921 -4 10 16
922 -4 9 15
923 -6 8 14
924 -4 7 13
925 -2 7 11
926 1 7 10
927 1 6 9
928 1 6 8
929 2 6 8
930 2 6 8
931 1 5 7
932 1 5 6
933 0 5 6
934 -1 6 8
935 -2 6 8
936 -2 7 9
937 -3 7 9
938 -4 7 10
939 -3 8 10
940 -6 6 10
941 -11 4 11
942 -9 5 10
943 -2 6 8
944 1 7 7
945 1 7 8
946 0 6 9
947 1 6 10
948 2 6 10
949 3 6 10
950 4 6 10
951 4 6 10
952 5 6 9
953 4 6 9
954 3 6 8
955 3 8 9
956 2 9 10
957 1 9 10
958 1 8 10
959 -1 7 9
960 -1 6 8
961 0 5 7
962 -1 4 7
963 0 4 7
964 0 4 7
965 -1 4 7
966 -1 5 8
967 -2 5 10
968 -2 5 10
969 -2 5 9
970 -3 5 10
971 -3 5 10
972 -3 6 10
973 -3 5 9
974 -2 5 9
975 -1 4 8
976 -1 4 7
977 -1 3 7
978 -1 3 8
979 -1 3 9
980 -1 4 10
981 -1 4 11
982 -1 4 11
983 0 5 11
984 1 5 11
985 1 5 11
986 1 7 11
987 1 8 12
988 2 8 12
989 2 8 11
990 1 8 9
991 1 9 10
992 0 8 10
993 0 7 8
994 -1 6 5
995 -1 5 4
996 -1 5 4
997 -2 4 5
998 -2 4 6
999 -2 4 6
1000 -2 4 6
1001 -2 4 7
1002 -2 5 8
1003 -2 5 10
1004 -2 6 11
1005 -2 7 11
1006 -1 8 12
1007 -1 9 13
1008 -2 9 13
1009 -4 8 12
1010 -4 7 9
1011 -4 5 6
1012 -3 5 5
1013 -2 4 4
1014 -2 4 4
1015 -2 4 5
1016 -1 4 6
1017 -1 5 7
1018 -1 5 8
1019 -1 5 9
1020 -2 5 9
1021 -2 6 10
1022 -2 7 11
1023 -1 7 11
1024 -2 7 9
1025 -3 7 8
1026 -2 8 10
1027 -1 8 11
1028 1 8 10
1029 1 7 9
1030 1 6 8
1031 1 5 7
1032 0 4 6
1033 0 4 7
1034 0 4 7
1035 0 4 7
1036 1 4 7
1037 1 4 6
1038 1 4 5
1039 1 3 5
1040 2 3 5
1041 4 4 6
1042 5 4 9
1043 4 4 11
1044 4 4 11
1045 4 3 11
1046 4 2 11
1047 3 3 12
1048 2 4 12
1049 2 4 13
1050 2 3 12
1051 1 2 12
1052 1 2 12
1053 2 1 12
1054 2 1 13
1055 2 -1 13
1056 3 -2 12
1057 3 -3 12
1058 2 -3 12
1059 2 -2 13
1060 1 1 12
1061 1 2 11
1062 1 2 10
1063 -2 3 9
1064 -3 2 7
1065 -3 2 6
1066 -3 1 5
1067 -3 0 5
1068 -4 -1 7
1069 -5 -1 9
1070 -5 -1 9
1071 -5 -1 9
1072 -5 -1 10
1073 -6 -1 11
1074 -7 -1 10
1075 -8 -2 9
1076 -7 -3 8
1077 -6 -3 8
1078 -5 -3 9
1079 -3 -2 10
1080 -2 -2 11
1081 -1 -1 11
1082 -1 -1 11
1083 -2 -1 11
1084 -2 -1 11
1085 -2 -1 10
1086 -3 -1 10
1087 -4 -1 10
1088 -4 -1 10
1089 -4 -2 10
1090 -4 -2 10
1091 -4 -2 10
1092 -4 -3 10
1093 -3 -2 10
1094 -3 -2 11
1095 -2 -3 11
1096 -2 -3 11
1097 -2 -3 10
1098 -2 -3 11
1099 -2 -3 11
1100 -2 -3 10
1101 -2 -3 9
1102 -3 -3 9
1103 -3 -3 9
1104 -3 -4 9
1105 -3 -4 9
1106 -3 -4 9
1107 -3 -4 9
1108 -3 -3 10
1109 -3 -2 10
1110 -3 -2 9
1111 -3 -3 9
1112 -3 -4 8
1113 -3 -4 8
1114 -2 -4 9
1115 -2 -4 10
1116 -2 -4 10
1117 -2 -4 10
1118 -1 -4 10
1119 -2 -4 11
1120 -2 -4 11
1121 -2 -4 11
1122 -1 -3 10
1123 -1 -3 9
1124 -1 -4 9
1125 -1 -4 9
1126 -1 -3 10
1127 1 -3 10
1128 1 -3 10
1129 1 -3 10
1130 1 -3 10
1131 1 -2 10
1132 1 -3 10
1133 1 -2 9
1134 1 -2 9
1135 1 -2 10
1136 1 -1 10
1137 0 0 11
1138 1 2 12
1139 1 3 12
1140 1 3 12
1141 1 4 12
1142 1 3 12
1143 2 4 12
1144 2 4 13
1145 2 4 12
1146 2 3 11
1147 2 2 11
1148 1 3 11
1149 1 4 12
1150 -1 4 12
1151 -1 5 11
1152 1 6 11
1153 1 6 11
1154 -1 5 10
1155 -1 5 10
1156 -2 5 10
1157 -2 4 9
1158 -1 3 7
1159 -1 2 5
1160 -1 2 5
1161 -1 1 6
1162 -1 1 7
1163 -1 2 7
1164 -1 2 7
1165 -2 1 8
1166 -2 1 8
1167 -1 1 8
1168 0 1 8
1169 -1 1 10
1170 -1 2 11
1171 0 3 12
1172 1 4 12
1173 -1 5 12
1174 -1 5 13
1175 0 5 11
1176 0 4 10
1177 -1 4 10
1178 1 4 10
1179 1 3 10
1180 0 3 10
1181 0 3 10
1182 1 3 10
1183 -1 3 8
1184 -1 2 8
1185 -1 2 9
1186 -1 2 10
1187 -1 2 8
1188 -1 1 6
1189 -2 -1 7
1190 -1 -1 9
1191 2 -1 9
1192 2 -1 8
1193 1 -2 9
1194 2 0 10
1195 4 3 10
1196 4 4 10
1197 4 6 11
1198 5 6 12
1199 4 5 12
1200 3 4 11
1201 2 3 11
1202 3 3 9
1203 3 2 9
1204 2 2 9
1205 2 3 11
1206 3 5 11
1207 2 5 11
1208 2 4 11
1209 1 4 10
1210 1 3 8
1211 1 3 8
1212 1 3 9
1213 3 5 11
1214 5 6 10
1215 5 6 10
1216 6 7 9
1217 6 6 8
1218 5 6 7
1219 3 5 7
1220 4 5 8
1221 5 6 8
1222 5 5 7
1223 4 3 6
1224 3 3 6
1225 3 4 7
1226 4 6 8
1227 5 6 9
1228 5 6 9
1229 2 3 7
1230 3 5 8
1231 4 6 9
1232 2 6 9
1233 1 6 10
1234 1 7 11
1235 1 7 12
1236 1 8 12
1237 1 8 13
1238 3 9 13
1239 4 9 13
1240 5 10 13
1241 5 10 14
1242 6 10 14
1243 6 9 13
1244 7 9 13
1245 8 9 12
1246 9 9 11
1247 9 8 10
1248 9 8 8
1249 8 7 7
1250 8 6 5
1251 7 5 4
1252 5 3 2
1253 4 2 1
1254 3 2 -1
1255 2 1 -2
1256 -1 -1 -2
1257 -2 -1 -2
1258 -4 -1 -1
1259 -5 -1 1
1260 -5 -1 2
1261 -8 -1 3
1262 -9 -1 4
1263 -8 -1 4
1264 -9 0 4
1265 -9 1 4
1266 -10 1 5
1267 -11 2 7
1268 -11 3 10
1269 -11 5 12
1270 -8 8 13
1271 -5 8 13
1272 -5 6 13
1273 -3 7 14
1274 -1 7 14
1275 -1 5 14
1276 1 4 14
1277 1 4 13
1278 1 3 12
1279 1 3 11
1280 1 4 11
1281 1 3 10
1282 1 3 10
1283 1 3 9
1284 -1 4 9
1285 0 4 9
1286 0 4 9
1287 -1 4 9
1288 -3 3 9
1289 -3 3 9
1290 -2 4 10
1291 -2 5 9
1292 -2 5 10
1293 -2 5 9
1294 -2 5 9
1295 -2 5 9
1296 -3 4 10
1297 -3 4 10
1298 -5 3 10
1299 -9 2 12
1300 -9 4 12
1301 -3 5 11
1302 1 6 9
1303 2 6 9
1304 0 6 10
1305 -1 5 9
1306 -1 5 8
1307 -1 5 8
1308 -1 5 9
1309 -1 5 9
1310 -1 5 9
1311 -1 5 8
1312 -1 5 8
1313 -1 5 8
1314 -2 5 8
1315 -2 5 7
1316 -2 5 8
1317 -2 5 8
1318 -1 5 9
1319 1 5 9
1320 1 5 9
1321 2 4 9
1322 1 3 8
1323 1 4 8
1324 1 6 10
1325 2 6 10
1326 2 6 10
1327 2 5 9
1328 2 4 9
1329 2 4 8
1330 2 4 7
1331 2 4 8
1332 3 4 9
1333 2 3 9
1334 2 2 9
1335 3 3 10
1336 2 3 11
1337 1 2 11
1338 1 1 11
1339 2 3 11
1340 2 4 12
1341 0 4 12
1342 -1 3 12
1343 -1 2 11
1344 -2 -1 9
1345 -3 -1 8
1346 -4 -2 9
1347 -5 -2 9
1348 -5 -2 10
1349 -5 -2 11
1350 -5 -2 11
1351 -4 -2 11
1352 -2 -1 11
1353 -3 -1 11
1354 -4 -1 12
1355 -3 1 13
1356 -3 2 11
1357 -4 2 10
1358 -6 2 10
1359 -6 3 10
1360 -5 4 10
1361 -4 6 8
1362 -5 6 8
1363 -7 5 9
1364 -7 4 8
1365 -7 4 6
1366 -6 4 5
1367 -4 6 6
1368 -2 5 4
1369 -4 5 -1
1370 -6 7 3
1371 -8 6 10
1372 -8 6 9
1373 -7 6 4
1374 -7 5 2
1375 -7 5 4
1376 -7 4 5
1377 -8 4 4
1378 -8 3 3
1379 -8 1 2
1380 -9 0 2
1381 -8 1 3
1382 -7 2 4
1383 -7 4 4
1384 -10 4 4
1385 -12 3 3
1386 -11 2 4
1387 -9 4 6
1388 -8 8 5
1389 -11 9 6
1390 -13 5 10
1391 -13 2 11
1392 -11 5 9
1393 -8 8 7
1394 -7 7 8
1395 -10 5 9
1396 -11 4 9
1397 -9 5 9
1398 -7 6 8
1399 -8 5 7
1400 -10 1 7
1401 -11 -2 6
1402 -11 -2 5
1403 -10 -1 6
1404 -10 -1 6
1405 -10 -1 6
1406 -9 -1 5
1407 -8 -2 5
1408 -9 -3 3
1409 -11 -1 -4
1410 -7 4 6
1411 -5 3 12
1412 -5 1 11
1413 -2 3 7
1414 1 6 8
1415 -1 6 9
1416 -4 5 7
1417 -4 4 4
1418 -3 5 4
1419 -3 5 6
1420 -3 5 6
1421 -4 3 5
1422 -5 1 5
1423 -5 1 6
1424 -4 3 9
1425 -5 4 11
1426 -8 2 11
1427 -10 1 11
1428 -8 2 11
1429 -3 5 12
1430 -1 6 13
1431 -4 3 12
1432 -6 -1 11
1433 -4 -2 9
1434 -2 1 11
1435 -2 2 11
1436 -4 0 9
1437 -5 -2 8
1438 -4 -1 8
1439 -4 -1 10
1440 -6 -3 10
1441 -6 -5 11
1442 -4 -5 12
1443 -3 -4 12
1444 -4 -5 12
1445 -4 -5 12
1446 -1 -4 11
1447 0 -2 11
1448 -2 0 12
1449 -3 1 12
1450 -2 0 11
1451 -2 -1 10
1452 -2 -2 11
1453 -2 -2 12
1454 0 -1 11
1455 2 1 10
1456 1 1 11
1457 -2 -1 12
1458 -2 -1 11
1459 0 2 8
1460 1 2 7
1461 -1 1 10
1462 -1 1 9
1463 2 2 7
1464 3 3 7
1465 2 2 10
1466 1 2 11
1467 2 2 9
1468 3 3 8
1469 3 3 10
1470 2 2 10
1471 2 2 9
1472 3 3 10
1473 2 3 11
1474 2 4 11
1475 2 5 10
1476 2 4 10
1477 -2 3 11
1478 -2 4 12
1479 1 4 11
1480 -1 2 11
1481 -2 2 10
1482 -2 2 11
1483 -1 1 11
1484 -1 1 10
1485 -1 1 9
1486 1 2 9
1487 -1 1 7
1488 -2 1 7
1489 1 2 7
1490 2 2 7
1491 0 2 8
1492 -3 1 10
1493 -3 1 10
1494 -1 1 8
1495 -1 -1 8
1496 -1 -1 8
1497 -1 -1 8
1498 -1 -2 9
1499 -1 -3 9
1500 1 -2 10
1501 2 -1 11
1502 2 0 11
1503 1 0 11
1504 1 0 11
1505 1 1 11
1506 1 1 11
1507 -1 -1 11
1508 -2 -1 11
1509 -2 -1 10
1510 -2 -1 11
1511 -3 -1 11
1512 -3 -1 11
1513 -2 -1 10
1514 -2 -1 10
1515 -3 -1 10
1516 -4 -2 9
1517 -5 -2 9
1518 -5 -2 10
1519 -5 -2 10
1520 -5 -1 9
1521 -5 -2 10
1522 -6 -2 11
1523 -5 -1 11
1524 -5 -1 11
1525 -6 -1 11
1526 -6 -2 11
1527 -4 -1 11
1528 -3 1 10
1529 -2 1 10
1530 -1 2 11
1531 1 2 11
1532 3 2 10
1533 5 2 10
1534 5 2 10
1535 6 1 10
1536 6 1 10
1537 6 1 9
1538 5 -1 9
1539 5 -1 8
1540 5 -2 7
1541 5 -2 6
1542 5 -1 6
1543 5 -1 6
1544 4 -1 5
1545 4 -1 6
1546 2 -1 8
1547 1 -1 8
1548 1 0 7
1549 -1 1 8
1550 -2 1 10
1551 -2 2 11
1552 -2 4 11
1553 -3 5 12
1554 -4 5 11
1555 -5 6 12
1556 -6 5 13
1557 -7 5 13
1558 -9 4 13
1559 -8 5 13
1560 -7 5 13
1561 -8 5 12
1562 -8 4 11
1563 -8 4 11
1564 -7 4 10
1565 -7 3 9
1566 -8 3 9
1567 -7 4 9
1568 -7 4 9
1569 -6 4 9
1570 -5 4 10
1571 -3 5 11
1572 1 6 11
1573 2 7 11
1574 3 6 10
1575 4 4 8
1576 6 4 8
1577 6 4 9
1578 5 4 9
1579 5 3 11
1580 4 3 11
1581 4 3 10
1582 3 2 10
1583 2 2 10
1584 2 2 9
1585 2 2 9
1586 1 2 9
1587 0 2 10
1588 -1 2 10
1589 -1 2 10
1590 -1 2 10
1591 -2 2 10
1592 -2 2 11
1593 -1 2 10
1594 1 3 10
1595 2 3 9
1596 2 3 9
1597 1 2 9
1598 1 2 9
1599 -1 3 10
1600 -2 2 10
1601 -2 2 10
1602 -1 3 11
1603 -1 3 11
1604 -1 3 11
1605 -1 3 10
1606 -1 4 11
1607 -1 4 11
1608 -1 3 11
1609 1 3 10
1610 1 3 10
1611 1 4 11
1612 1 4 11
1613 1 4 11
1614 1 5 10
1615 1 5 10
1616 1 6 10
1617 2 7 11
1618 2 7 9
1619 1 6 8
1620 -2 5 8
1621 -2 5 8
1622 -2 5 8
1623 -2 4 9
1624 -2 4 9
1625 -2 3 10
1626 -2 2 10
1627 -1 2 10
1628 1 2 10
1629 1 1 11
1630 1 1 11
1631 1 2 11
1632 2 4 11
1633 2 5 11
1634 3 5 11
1635 3 4 9
1636 3 3 9
1637 3 2 10
1638 3 2 10
1639 3 2 11
1640 3 2 11
1641 3 2 11
1642 3 2 11
1643 2 3 11
1644 2 3 11
1645 1 3 10
1646 1 3 9
1647 -1 3 8
1648 -2 3 8
1649 -4 3 11
1650 -4 3 12
1651 -3 5 11
1652 -1 6 11
1653 -1 5 10
1654 -2 4 10
1655 -2 3 10
1656 -2 3 10
1657 -1 3 11
1658 0 2 10
1659 -1 1 9
1660 -1 -1 8
1661 -2 -2 9
1662 -2 -1 9
1663 -1 0 9
1664 -2 -1 9
1665 -3 -2 9
1666 -4 -2 10
1667 -4 -2 11
1668 -5 -2 11
1669 -7 -2 12
1670 -7 -1 13
1671 -6 1 12
1672 -6 1 12
1673 -5 1 11
1674 -3 2 11
1675 -2 4 11
1676 -2 5 11
1677 -2 5 11
1678 -2 3 9
1679 -1 2 9
1680 1 3 11
1681 1 4 11
1682 -1 4 11
1683 -2 4 9
1684 -1 3 8
1685 0 3 7
1686 -1 3 5
1687 -2 3 5
1688 -2 2 8
1689 -1 3 9
1690 -2 3 10
1691 -3 2 11
1692 -3 2 11
1693 -2 2 10
1694 -1 2 8
1695 -2 -2 8
1696 -3 -4 11
1697 -3 -3 11
1698 -1 -1 11
1699 -1 1 11
1700 -2 0 11
1701 -3 -2 9
1702 -3 -5 7
1703 -4 -6 7
1704 -4 -5 9
1705 -3 -3 10
1706 -3 -3 10
1707 -3 -3 9
1708 -3 -3 9
1709 -2 -3 8
1710 -1 -3 7
1711 -2 -3 8
1712 -3 -4 8
1713 -2 -4 8
1714 0 -3 8
1715 1 -3 8
1716 1 -3 10
1717 1 -3 11
1718 2 -3 11
1719 2 -3 10
1720 1 -4 9
1721 -2 -5 10
1722 -3 -5 9
1723 -2 -4 7
1724 -2 -4 6
1725 -3 -4 8
1726 -3 -3 9
1727 -3 -1 9
1728 -2 2 11
1729 -3 3 13
1730 -5 1 13
1731 -4 -1 12
1732 -2 1 12
1733 1 3 12
1734 1 1 11
1735 0 -2 11
1736 1 -2 11
1737 2 -1 11
1738 3 0 11
1739 2 -1 11
1740 2 -1 11
1741 2 0 10
1742 1 -1 9
1743 -1 -2 10
1744 -2 0 10
1745 -2 2 11
1746 -2 1 11
1747 -3 1 11
1748 -3 3 12
1749 -2 5 12
1750 -1 3 11
1751 -2 -1 9
1752 -3 -3 11
1753 -2 -1 12
1754 -1 1 11
1755 -1 0 11
1756 -1 -1 11
1757 -1 -1 11
1758 1 -1 11
1759 1 -1 10
1760 -1 -1 11
1761 1 1 12
1762 2 1 11
1763 2 -1 9
1764 1 -1 9
1765 3 2 11
1766 3 2 11
1767 1 1 11
1768 1 2 11
1769 2 3 11
1770 -1 1 10
1771 -5 -3 9
1772 -4 -1 10
1773 -2 1 9
1774 -3 1 8
1775 -3 -1 8
1776 -2 1 8
1777 -2 0 7
1778 -2 -1 8
1779 -2 -1 9
1780 -1 -1 9
1781 -2 -1 10
1782 -3 -2 10
1783 -2 -2 9
1784 -2 -2 9
1785 -3 -2 9
1786 -3 -2 9
1787 -2 -1 7
1788 -3 0 6
1789 -4 0 4
1790 -4 0 3
1791 -5 0 4
1792 -5 1 5
1793 -4 1 5
1794 -4 1 5
1795 -2 2 6
1796 -1 3 5
1797 2 4 6
1798 3 4 7
1799 4 5 9
1800 1 4 10
1801 -2 6 12
1802 1 10 15
1803 3 11 15
1804 2 11 15
1805 3 11 15
1806 1 9 15
1807 -1 8 14
1808 -2 7 13
1809 -2 8 13
1810 -2 8 13
1811 -3 8 14
1812 -3 8 14
1813 -3 8 13
1814 -1 8 12
1815 -1 7 12
1816 -1 6 11
1817 1 6 10
1818 1 5 9
1819 2 5 8
1820 2 5 7
1821 3 5 4
1822 3 3 2
1823 3 2 2
1824 5 3 3
1825 4 1 3
1826 3 -1 4
1827 4 -1 4
1828 7 1 4
1829 7 -1 6
1830 6 -1 9
1831 7 2 10
1832 7 3 10
1833 5 3 11
1834 2 2 11
1835 -1 2 11
1836 -2 1 10
1837 -1 2 8
1838 -5 1 10
1839 -10 -2 11
1840 -9 -2 11
1841 -9 -2 10
1842 -10 -3 10
1843 -9 -3 10
1844 -9 -4 9
1845 -9 -4 9
1846 -6 -2 8
1847 -5 -1 7
1848 -5 -1 8
1849 -4 -2 8
1850 -3 -1 9
1851 -2 2 8
1852 -1 2 8
1853 -1 1 7
1854 -1 1 8
1855 1 1 8
1856 1 0 8
1857 2 1 6
1858 2 -2 4
1859 2 -5 7
1860 1 -2 10
1861 2 -1 8
1862 2 -4 8
1863 -1 -3 11
1864 2 3 12
1865 4 5 12
1866 4 3 13
1867 2 5 15
1868 3 7 15
1869 3 7 13
1870 2 5 12
1871 -1 4 11
1872 -1 4 11
1873 -2 3 10
1874 -1 4 10
1875 0 4 10
1876 1 5 9
1877 1 4 9
1878 0 4 9
1879 1 4 9
1880 1 4 9
1881 1 4 9
1882 1 4 10
1883 1 4 10
1884 1 4 10
1885 1 4 10
1886 1 4 10
1887 1 4 10
1888 0 3 11
1889 -1 4 13
1890 1 4 13
1891 1 4 12
1892 -1 2 11
1893 -3 1 11
1894 -2 2 11
1895 -1 3 10
1896 1 3 8
1897 -1 2 10
1898 -3 1 11
1899 -4 -3 11
1900 -3 -4 12
1901 -5 -8 11
1902 -10 -13 6
1903 -10 -14 6
1904 -8 -13 4
1905 -5 -11 -1
1906 -4 -9 -4
1907 -2 -5 -4
1908 0 -2 -4
1909 1 -1 -6
1910 1 -2 -7
1911 1 -3 -5
1912 2 -2 -6
1913 2 -1 -8
1914 2 1 -10
1915 2 2 -10
1916 3 3 -10
1917 3 3 -10
1918 2 3 -10
1919 2 3 -9
1920 2 4 -7
1921 2 4 -6
1922 1 5 -6
1923 -1 4 -5
1924 0 4 -5
1925 3 4 -5
1926 5 4 -4
1927 5 4 0
1928 -1 -1 8
1929 -8 -8 14
1930 -7 -10 13
1931 -2 -5 11
1932 1 1 13
1933 5 3 16
1934 10 4 16
1935 7 1 14
1936 3 -3 12
1937 0 -4 12
1938 -1 -3 12
1939 3 -1 12
1940 3 -1 13
1941 2 1 15
1942 2 2 15
1943 3 3 14
1944 3 3 13
1945 1 2 12
1946 -2 -1 11
1947 -1 -1 10
1948 -2 0 8
1949 -1 2 10
1950 2 4 11
1951 1 3 8
1952 -4 -2 7
1953 -4 -3 7
1954 -1 -1 7
1955 -1 -1 5
1956 -2 -2 4
1957 -2 -2 2
1958 -1 -1 -2
1959 1 -1 -4
1960 1 -2 -5
1961 2 -1 -3
1962 2 -1 -1
1963 -1 0 1
1964 -1 1 2
1965 1 2 5
1966 -1 6 8
1967 -2 8 11
1968 -3 7 13
1969 -3 9 15
1970 -2 11 16
1971 -2 10 16
1972 -2 8 16
1973 -2 7 16
1974 -2 6 14
1975 -2 5 13
1976 -3 5 13
1977 -3 6 13
1978 -4 7 13
1979 -5 7 14
1980 -4 7 14
1981 -4 8 15
1982 -4 8 14
1983 -3 7 13
1984 -2 7 12
1985 1 7 11
1986 2 5 9
1987 1 4 7
1988 1 2 5
1989 -1 2 4
1990 -1 2 3
1991 1 2 3
1992 2 2 3
1993 1 1 3
1994 -1 -1 2
1995 -2 -2 1
1996 -2 -3 -2
1997 -3 -4 -3
1998 -2 -3 -3
1999 -1 -2 -2
2000 -2 -1 -1
2001 -2 0 1
2002 -2 2 2
2003 -2 3 3
2004 1 5 5
2005 -1 7 7
2006 -3 8 11
2007 -3 9 13
2008 -2 11 14
2009 -1 12 15
2010 1 12 16
2011 1 11 16
2012 -1 11 16
2013 -2 9 16
2014 -3 8 16
2015 -3 8 16
2016 -3 9 16
2017 -2 10 16
2018 -3 10 15
2019 -4 10 14
2020 -3 10 12
2021 -1 10 11
2022 1 9 9
2023 -1 6 6
2024 -1 4 4
2025 0 4 3
2026 1 4 2
2027 1 2 2
2028 -1 0 1
2029 -1 -1 1
2030 2 -1 1
2031 2 -1 1
2032 -1 -2 2
2033 -1 -3 2
2034 1 -3 3
2035 2 -1 3
2036 1 -1 4
2037 1 -1 4
2038 1 -1 5
2039 1 -1 4
2040 2 -1 3
2041 2 -1 4
2042 1 -1 5
2043 -1 2 11
2044 1 7 13
2045 1 9 14
2046 -1 9 16
2047 1 9 16
2048 3 9 16
2049 3 8 15
2050 2 5 13
2051 -1 4 12
2052 -3 4 12
2053 -2 5 11
2054 -1 5 10
2055 1 6 9
2056 1 6 9
2057 1 6 9
2058 1 6 9
2059 1 5 8
2060 1 5 8
2061 2 5 9
2062 1 5 8
2063 1 4 8
2064 1 5 8
2065 2 5 9
2066 2 5 9
2067 2 5 9
2068 1 5 9
2069 1 5 10
2070 1 5 10
2071 1 5 10
2072 -1 5 10
2073 -2 4 10
2074 -1 5 10
2075 1 5 10
2076 2 5 10
2077 2 6 10
2078 1 5 11
2079 1 5 11
2080 1 5 11
2081 2 5 11
2082 0 5 11
2083 -1 4 11
2084 -1 4 11
2085 -1 4 11
2086 0 4 11
2087 -1 3 11
2088 -1 2 11
2089 -1 2 11
2090 -1 2 11
2091 0 2 10
2092 1 2 9
2093 1 1 9
2094 -1 0 8
2095 -1 -1 8
2096 1 -1 9
2097 0 -2 8
2098 -1 -3 8
2099 -1 -3 9
2100 -1 -2 9
2101 -1 -2 9
2102 -1 -2 9
2103 -1 -3 9
2104 0 -2 9
2105 1 -2 9
2106 1 -3 9
2107 -1 -3 9
2108 -2 -4 10
2109 -2 -3 10
2110 -2 -4 10
2111 -2 -4 10
2112 -2 -4 11
2113 -2 -3 11
2114 -2 -3 12
2115 -2 -2 12
