t x y z
0 -3 -4 -3
1 -5 -4 -3
2 -6 -4 -2
3 -6 -4 -2
4 -8 -4 -1
5 -9 -5 -2
6 -10 -5 -2
7 -10 -5 -3
8 -11 -5 -3
9 -11 -5 -3
10 -11 -5 -2
11 -11 -5 -2
12 -11 -4 -2
13 -11 -4 -2
14 -11 -4 -2
15 -10 -4 -2
16 -10 -4 -1
17 -10 -4 -1
18 -9 -4 -1
19 -9 -3 0
20 -9 -3 0
21 -9 -3 -1
22 -9 -4 -1
23 -8 -4 -2
24 -7 -3 -1
25 -7 -3 -1
26 -8 -3 -1
27 -8 -3 -1
28 -9 -3 -1
29 -10 -3 0
30 -10 -3 1
31 -10 -3 1
32 -11 -3 1
33 -11 -2 2
34 -11 -2 2
35 -11 -2 2
36 -11 -2 3
37 -11 -1 3
38 -11 -1 3
39 -10 -1 3
40 -10 -1 3
41 -10 -1 4
42 -9 -1 4
43 -9 -1 5
44 -9 -1 5
45 -8 -1 5
46 -8 1 5
47 -8 1 5
48 -9 2 5
49 -8 2 5
50 -8 2 5
51 -8 2 5
52 -9 2 6
53 -9 1 6
54 -8 1 6
55 -8 2 6
56 -9 2 6
57 -9 2 7
58 -9 2 8
59 -10 2 7
60 -11 1 7
61 -10 1 7
62 -8 2 7
63 -7 2 8
64 -7 2 9
65 -7 2 10
66 -8 1 10
67 -8 1 9
68 -7 2 9
69 -6 2 9
70 -6 3 9
71 -6 3 10
72 -6 4 11
73 -7 4 11
74 -7 5 11
75 -7 4 9
76 -7 4 7
77 -6 4 6
78 -6 4 6
79 -7 4 7
80 -7 4 8
81 -6 4 8
82 -5 4 6
83 -4 4 5
84 -4 4 5
85 -5 4 6
86 -5 4 7
87 -6 4 8
88 -7 4 9
89 -7 4 9
90 -7 4 8
91 -7 6 9
92 -8 6 11
93 -8 5 11
94 -7 5 11
95 -6 5 9
96 -5 5 7
97 -5 5 6
98 -5 5 5
99 -5 4 6
100 -5 4 6
101 -5 3 6
102 -5 3 6
103 -6 3 7
104 -7 3 8
105 -7 3 9
106 -8 3 9
107 -7 3 8
108 -7 4 8
109 -6 5 8
110 -7 4 9
111 -7 3 9
112 -6 4 8
113 -6 4 8
114 -7 4 9
115 -8 4 9
116 -7 3 8
117 -6 4 7
118 -5 3 6
119 -5 3 6
120 -5 4 7
121 -5 4 8
122 -6 4 9
123 -7 4 10
124 -7 4 9
125 -6 5 8
126 -6 5 9
127 -7 4 9
128 -6 3 9
129 -5 3 8
130 -4 3 7
131 -5 3 7
132 -5 3 8
133 -6 2 8
134 -6 2 8
135 -6 2 8
136 -6 2 8
137 -6 2 9
138 -6 2 9
139 -6 3 9
140 -6 4 10
141 -7 4 10
142 -7 4 10
143 -6 4 9
144 -6 4 8
145 -6 3 8
146 -5 3 7
147 -5 3 7
148 -4 3 7
149 -5 2 8
150 -5 2 9
151 -6 2 9
152 -6 2 10
153 -5 2 10
154 -5 2 9
155 -5 2 9
156 -4 2 9
157 -5 2 9
158 -4 2 9
159 -4 2 9
160 -4 2 9
161 -5 3 9
162 -5 4 10
163 -5 5 10
164 -4 6 10
165 -4 6 11
166 -4 5 10
167 -3 5 9
168 -4 4 8
169 -4 3 8
170 -5 2 8
171 -5 2 9
172 -5 2 10
173 -5 3 10
174 -5 3 10
175 -5 3 10
176 -5 3 9
177 -4 3 9
178 -4 3 9
179 -4 3 10
180 -4 2 11
181 -5 2 10
182 -5 2 9
183 -5 3 10
184 -5 3 11
185 -5 3 10
186 -3 4 9
187 -3 4 9
188 -4 3 10
189 -4 3 10
190 -4 2 8
191 -3 2 8
192 -3 1 8
193 -4 1 8
194 -4 1 8
195 -4 1 8
196 -5 1 9
197 -5 1 10
198 -5 1 10
199 -5 2 10
200 -4 2 9
201 -4 2 8
202 -4 2 8
203 -4 1 9
204 -5 2 10
205 -4 4 11
206 -5 4 13
207 -6 4 13
208 -5 5 11
209 -4 5 8
210 -4 5 6
211 -5 4 7
212 -5 3 8
213 -4 3 7
214 -4 3 8
215 -4 3 9
216 -5 3 10
217 -5 2 10
218 -5 2 9
219 -5 2 9
220 -5 2 9
221 -5 1 8
222 -5 1 8
223 -6 1 9
224 -6 1 9
225 -6 1 9
226 -7 1 9
227 -8 1 9
228 -8 1 9
229 -8 1 9
230 -7 1 8
231 -7 1 8
232 -6 1 7
233 -6 1 7
234 -6 2 7
235 -7 3 9
236 -8 3 11
237 -8 3 11
238 -6 3 11
239 -5 3 9
240 -4 3 6
241 -3 3 6
242 -3 3 7
243 -5 2 9
244 -6 2 9
245 -6 3 9
246 -5 3 10
247 -6 2 10
248 -7 1 10
249 -6 1 9
250 -6 1 9
251 -6 1 9
252 -7 1 8
253 -7 1 8
254 -7 1 8
255 -8 1 8
256 -7 2 9
257 -8 2 9
258 -9 2 9
259 -9 2 8
260 -9 1 7
261 -8 1 7
262 -8 1 7
263 -8 1 7
264 -8 1 6
265 -8 1 5
266 -8 1 4
267 -7 2 4
268 -8 1 5
269 -8 1 5
270 -9 1 4
271 -9 0 4
272 -8 1 3
273 -8 1 2
274 -7 1 3
275 -6 1 4
276 -6 1 4
277 -5 2 5
278 -5 2 6
279 -6 3 7
280 -7 3 7
281 -9 3 8
282 -11 3 7
283 -11 3 8
284 -10 3 9
285 -12 3 9
286 -13 4 8
287 -13 4 7
288 -14 5 6
289 -14 5 6
290 -14 5 5
291 -15 6 4
292 -14 6 4
293 -14 6 3
294 -13 5 3
295 -12 5 3
296 -11 6 2
297 -10 5 -2
298 -9 4 -4
299 -10 3 -6
300 -9 2 -6
301 -9 2 -7
302 -9 2 -7
303 -8 2 -6
304 -6 2 -6
305 -3 2 -4
306 -1 1 -2
307 1 1 -1
308 2 1 -1
309 2 0 1
310 1 -1 1
311 1 -2 2
312 2 -1 3
313 3 -1 5
314 -1 -1 7
315 -4 1 8
316 -5 1 9
317 -6 1 10
318 -7 2 11
319 -8 3 12
320 -10 3 12
321 -10 3 12
322 -11 4 13
323 -12 3 12
324 -12 4 13
325 -13 4 12
326 -13 3 11
327 -12 5 11
328 -13 5 8
329 -13 5 6
330 -12 5 5
331 -12 5 2
332 -12 5 -1
333 -11 5 -1
334 -10 4 -1
335 -9 4 1
336 -9 4 2
337 -9 4 4
338 -8 3 5
339 -8 3 6
340 -8 3 7
341 -8 2 7
342 -8 2 7
343 -7 2 7
344 -7 2 7
345 -7 2 7
346 -7 2 7
347 -7 2 6
348 -7 2 6
349 -7 2 6
350 -7 2 6
351 -7 2 6
352 -7 2 6
353 -7 3 7
354 -7 3 7
355 -7 3 7
356 -7 3 7
357 -7 3 7
358 -7 3 7
359 -7 3 7
360 -7 3 7
361 -7 3 7
362 -7 3 8
363 -7 3 8
364 -7 4 7
365 -8 4 7
366 -8 4 7
367 -7 4 7
368 -7 4 6
369 -7 4 6
370 -6 4 6
371 -6 4 6
372 -6 4 7
373 -5 4 7
374 -5 3 8
375 -5 3 8
376 -5 2 7
377 -5 1 6
378 -5 1 5
379 -4 1 5
380 -4 0 6
381 -5 1 7
382 -4 1 7
383 -4 1 7
384 -5 1 8
385 -6 2 9
386 -6 2 9
387 -6 2 9
388 -7 3 10
389 -7 3 11
390 -8 3 11
391 -9 2 11
392 -9 2 10
393 -9 2 9
394 -9 2 9
395 -10 1 9
396 -9 2 9
397 -7 2 8
398 -6 3 9
399 -8 2 10
400 -7 1 8
401 -6 2 7
402 -6 2 7
403 -7 1 8
404 -8 0 11
405 -8 1 11
406 -10 -1 11
407 -11 -2 11
408 -11 -3 9
409 -8 -1 8
410 -6 0 7
411 -6 0 7
412 -6 -1 7
413 -5 0 6
414 -5 -1 7
415 -6 -1 7
416 -7 -1 9
417 -7 1 10
418 -8 1 10
419 -9 -1 9
420 -8 0 8
421 -6 1 7
422 -6 1 7
423 -7 1 7
424 -7 1 7
425 -8 1 7
426 -8 1 7
427 -9 -1 8
428 -9 0 9
429 -9 1 11
430 -10 2 11
431 -10 3 12
432 -10 2 11
433 -10 2 11
434 -9 1 10
435 -8 1 9
436 -7 1 8
437 -7 1 8
438 -7 1 8
439 -7 2 8
440 -7 2 8
441 -7 3 9
442 -8 3 9
443 -8 3 9
444 -8 3 9
445 -7 2 9
446 -6 2 8
447 -6 2 8
448 -6 1 7
449 -7 1 6
450 -8 0 6
451 -8 1 6
452 -9 1 5
453 -9 1 5
454 -8 1 5
455 -7 1 5
456 -6 1 5
457 -7 1 4
458 -8 -1 4
459 -8 -1 4
460 -7 -1 5
461 -7 -1 7
462 -7 0 8
463 -7 -1 8
464 -8 -1 8
465 -10 -3 6
466 -11 -4 4
467 -12 -3 3
468 -12 -4 2
469 -12 -3 3
470 -11 -1 3
471 -11 1 5
472 -11 0 6
473 -9 1 6
474 -6 1 5
475 -3 0 4
476 -2 -1 4
477 -2 -2 4
478 -4 -3 5
479 -6 -3 5
480 -7 -3 5
481 -8 -3 7
482 -8 -3 8
483 -7 -3 9
484 -6 -2 10
485 -8 -2 10
486 -9 -1 9
487 -10 -1 8
488 -10 -1 7
489 -11 -1 5
490 -11 1 4
491 -12 0 2
492 -13 0 0
493 -13 -1 -2
494 -12 -1 -3
495 -11 -1 -4
496 -10 -2 -4
497 -9 -2 -5
498 -9 -2 -5
499 -8 -2 -4
500 -8 -1 -2
501 -8 0 -2
502 -8 0 -2
503 -9 -1 -3
504 -9 0 -3
505 -9 1 -3
506 -9 1 -3
507 -9 2 -2
508 -9 2 -1
509 -8 2 -1
510 -8 2 -1
511 -10 1 1
512 -12 1 0
513 -14 1 1
514 -14 0 3
515 -13 2 7
516 -11 3 12
517 -11 1 12
518 -11 -1 11
519 -10 -2 9
520 -9 -2 9
521 -9 -2 10
522 -9 -2 10
523 -9 -1 10
524 -9 -1 10
525 -10 -1 9
526 -9 -1 9
527 -8 0 10
528 -7 1 11
529 -6 2 11
530 -6 3 11
531 -7 3 9
532 -9 3 6
533 -9 3 6
534 -10 3 4
535 -11 2 2
536 -11 2 2
537 -12 4 1
538 -13 5 2
539 -12 5 3
540 -12 3 -2
541 -11 2 -3
542 -10 2 -1
543 -11 2 0
544 -11 1 0
545 -9 1 3
546 -9 2 4
547 -9 1 4
548 -10 1 4
549 -9 1 4
550 -9 1 5
551 -9 1 5
552 -9 1 5
553 -9 0 5
554 -9 0 5
555 -9 0 5
556 -9 1 5
557 -9 1 6
558 -9 1 6
559 -9 1 5
560 -8 1 5
561 -8 1 5
562 -8 1 5
563 -8 1 5
564 -8 1 5
565 -9 1 5
566 -9 1 6
567 -9 1 6
568 -9 1 6
569 -9 1 6
570 -9 1 6
571 -9 1 6
572 -9 1 6
573 -9 1 6
574 -9 2 6
575 -8 2 6
576 -8 2 7
577 -7 2 8
578 -7 3 9
579 -6 3 9
580 -7 4 9
581 -7 4 7
582 -8 3 6
583 -8 2 6
584 -8 0 8
585 -7 1 8
586 -6 2 8
587 -6 2 8
588 -6 2 8
589 -6 2 8
590 -6 2 8
591 -5 2 8
592 -5 3 9
593 -5 4 9
594 -5 4 9
595 -5 4 9
596 -5 5 9
597 -5 5 9
598 -5 5 8
599 -5 5 8
600 -6 5 8
601 -6 4 7
602 -6 4 6
603 -6 4 7
604 -7 3 9
605 -8 2 9
606 -8 1 9
607 -6 2 8
608 -5 2 8
609 -5 2 8
610 -5 2 9
611 -5 2 9
612 -5 2 8
613 -5 3 9
614 -6 3 11
615 -7 3 11
616 -6 3 9
617 -5 4 7
618 -5 5 8
619 -6 4 9
620 -7 4 9
621 -6 4 8
622 -5 4 8
623 -5 4 8
624 -6 4 8
625 -6 4 8
626 -6 4 7
627 -6 4 7
628 -6 4 6
629 -6 4 6
630 -7 4 7
631 -9 4 9
632 -10 3 10
633 -8 2 8
634 -6 2 7
635 -5 2 7
636 -6 2 8
637 -6 2 9
638 -6 2 9
639 -5 2 9
640 -5 2 9
641 -5 2 9
642 -6 2 10
643 -6 3 10
644 -6 3 9
645 -5 3 9
646 -4 3 9
647 -4 3 9
648 -5 4 11
649 -8 3 11
650 -8 3 9
651 -7 4 7
652 -6 4 6
653 -7 4 7
654 -8 4 8
655 -8 4 8
656 -8 3 7
657 -7 3 7
658 -7 4 7
659 -7 3 7
660 -6 3 6
661 -5 3 5
662 -5 3 5
663 -6 3 5
664 -6 3 6
665 -7 3 7
666 -6 4 7
667 -5 4 7
668 -5 3 7
669 -6 3 6
670 -6 4 6
671 -8 4 7
672 -10 4 8
673 -10 4 8
674 -9 4 9
675 -8 4 8
676 -8 4 8
677 -7 4 7
678 -6 5 6
679 -7 4 7
680 -8 3 6
681 -8 3 5
682 -8 4 5
683 -9 4 5
684 -9 4 5
685 -8 4 6
686 -8 3 7
687 -8 3 7
688 -9 3 8
689 -11 2 9
690 -11 2 9
691 -12 1 9
692 -12 1 10
693 -13 1 10
694 -13 2 10
695 -13 3 10
696 -13 4 10
697 -13 4 10
698 -13 4 9
699 -12 5 9
700 -11 4 8
701 -9 4 7
702 -6 2 6
703 -5 1 5
704 -4 -1 4
705 -3 -1 3
706 -2 -1 2
707 -2 -1 2
708 -2 -2 2
709 -1 -2 1
710 -1 -2 -1
711 -1 -3 -2
712 -1 -3 -3
713 -1 -3 -3
714 -1 -3 -3
715 -2 -3 -3
716 -3 -2 -3
717 -4 -2 -3
718 -5 -2 -2
719 -6 -1 -2
720 -7 1 1
721 -9 1 2
722 -10 1 3
723 -11 1 4
724 -11 1 3
725 -12 2 4
726 -14 2 8
727 -15 2 10
728 -15 0 11
729 -13 -1 12
730 -12 -1 11
731 -11 -2 10
732 -11 -2 9
733 -10 -1 7
734 -10 -1 6
735 -9 0 6
736 -9 0 7
737 -9 -1 8
738 -8 0 9
739 -7 0 10
740 -5 1 11
741 -4 2 11
742 -5 3 12
743 -6 4 11
744 -9 4 10
745 -10 4 8
746 -10 5 7
747 -10 5 6
748 -10 5 4
749 -11 5 2
750 -11 4 2
751 -11 5 2
752 -12 4 2
753 -12 4 2
754 -11 4 3
755 -11 3 3
756 -11 3 3
757 -10 2 3
758 -9 2 4
759 -9 2 4
760 -8 2 4
761 -8 2 5
762 -8 2 5
763 -8 2 6
764 -8 2 6
765 -8 2 6
766 -8 1 6
767 -8 1 6
768 -8 1 6
769 -8 1 6
770 -8 1 6
771 -8 1 6
772 -8 1 6
773 -7 1 6
774 -7 2 7
775 -7 2 7
776 -7 2 7
777 -7 2 6
778 -7 2 5
779 -7 2 5
780 -7 2 5
781 -7 3 5
782 -7 3 7
783 -8 3 7
784 -8 4 8
785 -8 4 9
786 -8 4 9
787 -8 4 9
788 -8 4 9
789 -8 4 9
790 -8 4 8
791 -8 4 8
792 -8 4 8
793 -8 4 7
794 -7 4 7
795 -7 4 6
796 -7 4 6
797 -7 4 6
798 -7 4 6
799 -7 4 6
800 -7 4 6
801 -7 4 6
802 -7 4 7
803 -7 4 7
804 -7 4 7
805 -7 4 7
806 -7 4 6
807 -7 4 6
808 -7 4 6
809 -8 4 7
810 -9 4 8
811 -11 3 8
812 -12 2 9
813 -14 0 10
814 -14 -1 11
815 -15 -2 12
816 -16 -1 13
817 -15 2 13
818 -13 3 13
819 -13 3 13
820 -12 2 12
821 -11 1 11
822 -10 -1 11
823 -9 -1 8
824 -8 -2 6
825 -6 -3 3
826 -4 -3 -1
827 -1 -4 -3
828 1 -3 -3
829 2 -3 -3
830 3 -3 -3
831 2 -3 -4
832 -1 -4 -5
833 -2 -4 -6
834 -1 -3 -4
835 2 -3 -1
836 3 -3 2
837 3 -5 4
838 3 -7 3
839 4 -7 -1
840 5 -7 -4
841 6 -7 -6
842 7 -7 -7
843 7 -7 -7
844 7 -7 -7
845 7 -7 -6
846 6 -8 -5
847 5 -8 -5
848 5 -9 -5
849 4 -9 -5
850 3 -9 -6
851 3 -9 -6
852 3 -9 -6
853 3 -9 -5
854 4 -9 -5
855 4 -9 -4
856 4 -9 -3
857 5 -8 -3
858 5 -7 -3
859 4 -6 -1
860 2 -5 1
861 2 -3 -1
862 2 -1 -2
863 2 1 -4
864 3 2 -6
865 4 2 -7
866 3 -1 -8
867 2 -3 -8
868 0 -5 -8
869 -3 -6 -7
870 -3 -7 -6
871 -4 -7 -3
872 -4 -6 1
873 -3 -5 3
874 -3 -4 5
875 -6 -3 7
876 -9 -4 9
877 -9 -5 7
878 -7 -5 7
879 -6 -4 7
880 -8 -3 7
881 -11 -2 9
882 -11 -1 8
883 -12 1 7
884 -13 -1 8
885 -13 -1 7
886 -11 1 6
887 -10 2 7
888 -10 3 8
889 -10 4 8
890 -10 4 9
891 -10 5 10
892 -11 5 10
893 -11 5 9
894 -11 5 9
895 -11 6 9
896 -12 5 8
897 -11 5 7
898 -10 7 7
899 -9 7 7
900 -9 7 7
901 -9 7 8
902 -10 7 8
903 -11 6 8
904 -11 5 8
905 -9 5 5
906 -7 5 5
907 -7 5 4
908 -7 5 4
909 -8 5 4
910 -7 5 4
911 -7 5 5
912 -8 5 7
913 -9 4 8
914 -8 5 7
915 -7 6 6
916 -6 7 5
917 -7 7 5
918 -8 7 5
919 -8 6 4
920 -8 6 5
921 -8 5 5
922 -7 5 6
923 -6 5 6
924 -6 6 6
925 -5 6 7
926 -5 6 7
927 -5 6 7
928 -6 7 6
929 -6 7 6
930 -5 8 5
931 -5 8 5
932 -6 9 7
933 -8 10 9
934 -9 11 10
935 -8 11 10
936 -8 11 9
937 -9 9 7
938 -8 8 6
939 -8 7 6
940 -8 6 5
941 -7 6 6
942 -6 5 6
943 -6 6 6
944 -6 6 7
945 -6 6 8
946 -6 6 9
947 -6 7 9
948 -7 7 8
949 -8 7 9
950 -8 6 9
951 -8 6 7
952 -7 6 6
953 -6 6 6
954 -6 5 6
955 -6 4 6
956 -5 3 5
957 -5 2 5
958 -5 1 5
959 -4 1 4
960 -4 1 4
961 -4 1 4
962 -4 2 5
963 -5 2 5
964 -5 3 5
965 -4 3 6
966 -4 3 6
967 -4 3 7
968 -5 3 8
969 -6 3 7
970 -7 3 6
971 -7 3 5
972 -8 3 5
973 -8 3 5
974 -7 3 6
975 -7 3 7
976 -8 3 7
977 -8 3 7
978 -8 3 7
979 -7 3 7
980 -8 3 6
981 -8 3 6
982 -7 4 7
983 -6 4 7
984 -8 3 9
985 -11 2 10
986 -12 2 10
987 -13 2 11
988 -13 2 11
989 -13 2 11
990 -13 3 12
991 -13 4 12
992 -12 5 11
993 -12 5 11
994 -11 5 9
995 -11 4 8
996 -11 3 7
997 -9 3 6
998 -7 2 4
999 -5 1 3
1000 -2 1 1
1001 -1 -1 -2
1002 0 -1 -3
1003 -1 -2 -3
1004 -1 -2 -2
1005 -1 -2 -2
1006 -1 -2 -3
1007 -2 -2 -4
1008 -2 -3 -4
1009 -2 -3 -4
1010 -2 -2 -4
1011 -2 -2 -3
1012 -3 -2 -3
1013 -3 0 -2
1014 -2 1 -2
1015 -3 2 1
1016 -5 2 3
1017 -8 3 7
1018 -11 2 11
1019 -12 2 12
1020 -13 1 12
1021 -13 1 12
1022 -13 0 11
1023 -14 0 11
1024 -14 -1 10
1025 -14 -1 9
1026 -14 1 9
1027 -15 1 8
1028 -15 1 7
1029 -14 2 7
1030 -14 2 8
1031 -14 2 9
1032 -14 2 9
1033 -13 3 9
1034 -12 3 8
1035 -11 2 7
1036 -10 2 5
1037 -8 2 4
1038 -5 1 3
1039 -2 1 2
1040 -1 0 -1
1041 -1 -1 -1
1042 -1 -2 -1
1043 -1 -2 -2
1044 -1 -2 -2
1045 -1 -3 -2
1046 -1 -2 -2
1047 1 -2 -3
1048 1 -2 -3
1049 -1 -2 -3
1050 -2 -1 -2
1051 -2 0 -2
1052 -3 1 -2
1053 -3 2 1
1054 -5 2 3
1055 -8 3 3
1056 -12 2 5
1057 -13 1 7
1058 -13 1 8
1059 -14 -1 8
1060 -15 -2 8
1061 -16 -3 8
1062 -15 -3 7
1063 -14 -2 6
1064 -13 -2 6
1065 -12 -1 6
1066 -11 1 5
1067 -11 1 5
1068 -10 1 4
1069 -10 2 4
1070 -9 2 4
1071 -8 2 4
1072 -8 2 4
1073 -8 2 4
1074 -8 2 4
1075 -8 2 4
1076 -9 2 4
1077 -9 2 4
1078 -9 2 4
1079 -9 2 4
1080 -9 2 4
1081 -9 2 5
1082 -9 2 5
1083 -9 2 5
1084 -9 2 5
1085 -9 2 5
1086 -9 2 5
1087 -9 3 5
1088 -9 3 5
1089 -9 3 5
1090 -9 3 5
1091 -9 3 5
1092 -9 3 5
1093 -9 3 6
1094 -8 3 6
1095 -8 3 6
1096 -8 3 6
1097 -8 3 6
1098 -9 3 6
1099 -9 3 6
1100 -8 3 6
1101 -8 3 7
1102 -7 3 7
1103 -7 4 7
1104 -7 4 6
1105 -7 4 6
1106 -7 4 6
1107 -7 4 6
1108 -6 4 6
1109 -6 4 7
1110 -6 5 7
1111 -7 5 7
1112 -7 5 7
1113 -7 5 7
1114 -7 5 7
1115 -6 5 7
1116 -6 6 7
1117 -6 6 7
1118 -5 6 7
1119 -5 6 6
1120 -6 6 7
1121 -6 7 7
1122 -7 6 8
1123 -8 6 8
1124 -8 5 8
1125 -8 5 8
1126 -7 5 8
1127 -6 5 7
1128 -6 4 7
1129 -5 5 7
1130 -5 5 7
1131 -5 5 7
1132 -5 5 7
1133 -5 4 7
1134 -5 5 6
1135 -5 5 7
1136 -6 6 7
1137 -7 6 8
1138 -8 6 8
1139 -9 5 8
1140 -8 5 7
1141 -7 5 6
1142 -6 6 5
1143 -6 5 6
1144 -6 5 6
1145 -7 4 6
1146 -7 4 6
1147 -7 4 5
1148 -7 4 5
1149 -7 3 5
1150 -7 3 6
1151 -7 3 6
1152 -6 3 6
1153 -6 3 6
1154 -6 4 6
1155 -5 6 6
1156 -5 7 9
1157 -8 6 11
1158 -9 6 10
1159 -7 7 9
1160 -6 7 8
1161 -5 6 7
1162 -4 6 6
1163 -3 6 6
1164 -3 5 6
1165 -4 5 7
1166 -5 5 8
1167 -6 4 7
1168 -5 5 6
1169 -4 6 7
1170 -4 6 8
1171 -4 6 8
1172 -4 6 9
1173 -3 4 9
1174 -3 3 9
1175 -3 4 8
1176 -4 4 8
1177 -4 3 8
1178 -4 4 8
1179 -5 4 8
1180 -6 4 9
1181 -7 3 9
1182 -7 4 10
1183 -7 4 10
1184 -7 5 10
1185 -7 5 9
1186 -7 4 9
1187 -6 4 10
1188 -5 5 10
1189 -4 4 11
1190 -3 4 11
1191 -4 3 11
1192 -6 2 11
1193 -7 1 10
1194 -6 1 9
1195 -5 1 9
1196 -4 0 9
1197 -4 -1 8
1198 -3 -1 7
1199 -4 -2 8
1200 -7 -3 10
1201 -10 -4 11
1202 -10 -3 11
1203 -9 -3 12
1204 -8 -4 11
1205 -6 -4 6
1206 -5 -4 3
1207 -7 -5 0
1208 -7 -5 -1
1209 -6 -5 2
1210 -5 -5 4
1211 -5 -5 8
1212 -6 -5 11
1213 -6 -5 11
1214 -6 -5 9
1215 -6 -5 8
1216 -6 -5 7
1217 -6 -6 6
1218 -6 -6 6
1219 -6 -6 6
1220 -7 -6 7
1221 -6 -6 7
1222 -6 -6 8
1223 -6 -6 8
1224 -6 -6 8
1225 -6 -6 8
1226 -7 -6 8
1227 -7 -6 8
1228 -7 -5 8
1229 -7 -5 8
1230 -7 -4 8
1231 -8 -4 8
1232 -8 -3 7
1233 -8 -3 6
1234 -8 -3 5
1235 -7 -3 5
1236 -7 -4 5
1237 -6 -4 6
1238 -6 -4 7
1239 -7 -4 7
1240 -8 -4 7
1241 -8 -4 6
1242 -9 -4 6
1243 -9 -5 6
1244 -8 -5 7
1245 -7 -5 7
1246 -7 -5 8
1247 -6 -5 8
1248 -7 -5 8
1249 -7 -5 8
1250 -7 -5 8
1251 -7 -5 8
1252 -7 -4 8
1253 -7 -4 8
1254 -7 -4 8
1255 -7 -4 7
1256 -7 -4 7
1257 -7 -4 7
1258 -7 -4 7
1259 -7 -4 6
1260 -7 -4 6
1261 -7 -4 7
1262 -7 -4 7
1263 -7 -4 7
1264 -7 -4 8
1265 -7 -4 8
1266 -7 -4 7
1267 -7 -4 7
1268 -8 -4 7
1269 -8 -4 7
1270 -8 -4 7
1271 -8 -4 7
1272 -8 -4 7
1273 -7 -4 7
1274 -7 -4 7
1275 -6 -3 7
1276 -7 -3 7
1277 -7 -3 7
1278 -7 -3 7
1279 -9 -4 7
1280 -10 -5 7
1281 -10 -5 7
1282 -10 -6 7
1283 -8 -5 7
1284 -6 -5 7
1285 -5 -4 7
1286 -4 -4 7
1287 -4 -4 8
1288 -4 -4 8
1289 -4 -4 8
1290 -4 -4 9
1291 -4 -4 9
1292 -4 -4 9
1293 -4 -4 9
1294 -4 -4 9
1295 -4 -4 8
1296 -4 -4 8
1297 -4 -4 8
1298 -5 -4 8
1299 -5 -4 8
1300 -5 -4 9
1301 -6 -4 9
1302 -6 -4 10
1303 -5 -4 9
1304 -5 -4 9
1305 -5 -4 9
1306 -5 -4 9
1307 -5 -3 9
1308 -5 -3 9
1309 -5 -3 9
1310 -4 -3 8
1311 -3 -3 8
1312 -3 -3 8
1313 -3 -3 7
1314 -3 -3 7
1315 -3 -3 8
1316 -3 -3 8
1317 -3 -3 9
1318 -3 -3 9
1319 -3 -1 9
1320 -4 1 11
1321 -4 -1 12
1322 -4 -1 12
1323 -4 -1 11
1324 -4 -1 11
1325 -4 -1 11
1326 -4 -1 11
1327 -5 0 12
1328 -6 -1 13
1329 -6 1 13
1330 -6 1 13
1331 -6 1 12
1332 -7 1 11
1333 -6 2 11
1334 -6 2 10
1335 -5 2 10
1336 -4 2 11
1337 -4 3 11
1338 -4 3 11
1339 -4 3 11
1340 -4 3 11
1341 -4 3 10
1342 -5 3 10
1343 -5 3 9
1344 -5 2 9
1345 -5 2 8
1346 -5 1 7
1347 -5 -1 6
1348 -4 -1 5
1349 -4 -1 4
1350 -4 -1 4
1351 -4 -1 5
1352 -4 -1 6
1353 -4 -1 8
1354 -4 -1 9
1355 -5 -1 10
1356 -6 -1 10
1357 -7 1 10
1358 -8 2 11
1359 -9 3 10
1360 -9 3 9
1361 -6 4 9
1362 -5 4 8
1363 -5 3 6
1364 -6 2 6
1365 -6 1 7
1366 -6 1 8
1367 -6 1 8
1368 -5 1 8
1369 -5 2 8
1370 -4 1 8
1371 -4 1 9
1372 -4 1 9
1373 -4 1 10
1374 -4 1 11
1375 -5 0 11
1376 -5 0 10
1377 -5 0 10
1378 -5 1 9
1379 -4 2 8
1380 -4 2 7
1381 -3 2 6
1382 -3 2 6
1383 -5 2 5
1384 -7 2 5
1385 -8 3 5
1386 -10 4 7
1387 -11 4 9
1388 -13 4 10
1389 -14 4 11
1390 -14 3 11
1391 -14 4 12
1392 -13 5 13
1393 -12 6 15
1394 -11 7 16
1395 -8 8 16
1396 -7 8 15
1397 -6 7 14
1398 -5 6 13
1399 -4 6 12
1400 -2 5 11
1401 -1 3 10
1402 0 2 8
1403 1 1 7
1404 2 1 5
1405 2 -1 4
1406 2 -1 3
1407 2 -1 2
1408 0 -1 2
1409 -1 -1 -1
1410 -2 -1 -2
1411 -2 -1 -3
1412 -3 0 -3
1413 -3 1 -3
1414 -4 1 -3
1415 -4 2 -3
1416 -5 2 -3
1417 -8 2 -2
1418 -11 3 -2
1419 -12 2 -3
1420 -13 3 -3
1421 -13 3 -2
1422 -13 4 1
1423 -13 5 3
1424 -14 5 5
1425 -14 5 7
1426 -14 4 9
1427 -14 3 9
1428 -13 2 10
1429 -12 2 11
1430 -11 2 11
1431 -9 2 11
1432 -8 2 10
1433 -7 2 9
1434 -6 2 10
1435 -7 2 10
1436 -7 2 8
1437 -7 2 6
1438 -8 2 6
1439 -8 2 6
1440 -8 2 5
1441 -8 2 5
1442 -8 2 5
1443 -9 2 5
1444 -9 2 5
1445 -9 2 5
1446 -9 2 5
1447 -9 2 5
1448 -9 2 6
1449 -8 2 6
1450 -8 2 5
1451 -8 2 5
1452 -8 2 5
1453 -8 2 5
1454 -8 2 5
1455 -8 2 5
1456 -9 2 6
1457 -9 2 6
1458 -9 2 6
1459 -8 2 6
1460 -8 2 6
1461 -9 2 6
1462 -8 2 6
1463 -8 2 6
1464 -8 2 6
1465 -8 2 6
1466 -8 2 6
1467 -8 2 7
1468 -8 2 7
1469 -8 2 7
1470 -8 2 8
1471 -7 3 8
1472 -6 3 7
1473 -5 1 6
1474 -5 1 5
1475 -4 4 2
1476 -4 4 4
1477 -6 3 8
1478 -7 2 10
1479 -8 2 11
1480 -6 3 10
1481 -5 4 8
1482 -5 2 8
1483 -5 3 8
1484 -4 2 7
1485 -4 2 8
1486 -3 2 8
1487 -2 2 8
1488 -5 1 10
1489 -10 -2 10
1490 -9 -2 10
1491 -6 -2 8
1492 -1 -1 -1
1493 1 -2 1
1494 2 -4 4
1495 2 -4 6
1496 2 -3 8
1497 1 -4 8
1498 -1 -5 9
1499 -2 -5 11
1500 -1 -4 11
1501 3 -1 12
1502 6 1 12
1503 7 1 11
1504 7 2 11
1505 9 1 13
1506 9 -1 13
1507 8 1 13
1508 7 4 11
1509 8 5 10
1510 8 5 10
1511 8 6 11
1512 11 5 9
1513 10 -8 9
1514 -4 -7 12
1515 6 -2 12
1516 6 -3 7
1517 5 -4 6
1518 6 -4 8
1519 4 -5 7
1520 4 -5 8
1521 6 -4 8
1522 5 -4 9
1523 5 -5 8
1524 5 -5 7
1525 5 -4 9
1526 5 -5 7
1527 5 -4 9
1528 5 -5 8
1529 5 -4 9
1530 5 -5 8
1531 5 -4 9
1532 5 -5 7
1533 6 -4 10
1534 4 -5 8
1535 4 -5 7
1536 5 -4 10
1537 4 -6 6
1538 6 -4 9
1539 3 -6 8
1540 5 -5 7
1541 5 -5 8
1542 5 -4 10
1543 5 -5 8
1544 6 -4 10
1545 4 -5 7
1546 4 -5 8
1547 5 -4 9
1548 5 -4 8
1549 5 -4 8
1550 5 -4 9
1551 5 -4 9
1552 5 -4 9
1553 5 -4 8
1554 4 -5 8
1555 5 -5 8
1556 5 -4 8
1557 5 -4 9
1558 5 -4 8
1559 5 -4 8
1560 4 -5 9
1561 4 -5 8
1562 5 -4 9
1563 5 -4 8
1564 5 -4 8
1565 5 -4 9
1566 5 -4 9
1567 4 -4 9
1568 5 -5 8
1569 3 -6 7
1570 6 -4 10
1571 5 -5 8
1572 5 -5 7
1573 6 -4 9
1574 4 -5 6
1575 4 -5 7
1576 4 -5 8
1577 6 -4 10
1578 6 -3 10
1579 4 -3 10
1580 5 -1 11
1581 5 -2 9
1582 4 -4 8
1583 4 -4 10
1584 6 -2 8
1585 5 -3 9
1586 4 -3 10
1587 5 -3 11
1588 8 -4 13
1589 8 -1 14
1590 8 4 13
1591 10 3 11
1592 9 1 11
1593 7 -1 12
1594 7 -2 12
1595 7 -3 11
1596 9 -3 11
1597 9 -5 11
1598 6 -6 11
1599 7 -5 8
1600 7 -6 9
1601 5 -7 11
1602 3 -8 8
1603 -1 -8 7
1604 -4 -10 8
1605 -1 -8 6
1606 3 -5 5
1607 3 -3 8
1608 2 -4 7
1609 2 -4 6
1610 2 -4 6
1611 1 -4 4
1612 -1 -4 5
1613 -4 -5 8
1614 -3 -5 6
1615 -2 -4 5
1616 -1 -4 4
1617 -1 -4 5
1618 -1 -4 5
1619 -1 -4 6
1620 1 -4 6
1621 1 -5 8
1622 -1 -5 9
1623 -1 -5 10
1624 -1 -5 9
1625 -1 -6 8
1626 -1 -6 8
1627 -1 -7 9
1628 -2 -8 9
1629 -2 -9 9
1630 -2 -9 11
1631 -3 -8 11
1632 -4 -8 11
1633 -4 -8 11
1634 -6 -6 11
1635 -8 -6 12
1636 -8 -5 10
1637 -6 -5 6
1638 -8 -5 4
1639 -10 -5 6
1640 -8 -3 5
1641 -6 -2 4
1642 -6 -1 4
1643 -7 -1 4
1644 -8 -1 4
1645 -8 -1 5
1646 -8 -2 4
1647 -7 -2 3
1648 -7 -2 2
1649 -8 -2 1
1650 -9 -2 -1
1651 -11 -1 -3
1652 -11 -1 -5
1653 -12 1 -6
1654 -12 1 -6
1655 -12 1 -7
1656 -13 1 -7
1657 -13 -1 -6
1658 -13 -1 -4
1659 -13 -1 -1
1660 -12 1 5
1661 -8 1 9
1662 -4 1 10
1663 -2 -2 11
1664 -1 -3 11
1665 -1 -4 9
1666 -1 -4 8
1667 -1 -4 8
1668 -1 -4 6
1669 0 -3 6
1670 -2 -3 7
1671 -3 -3 8
1672 -2 -2 8
1673 -1 -1 7
1674 -1 0 7
1675 -2 1 8
1676 -3 2 7
1677 -6 3 8
1678 -10 4 8
1679 -12 4 8
1680 -15 3 7
1681 -15 2 5
1682 -15 2 5
1683 -15 2 5
1684 -14 2 5
1685 -15 1 4
1686 -14 1 4
1687 -13 1 4
1688 -13 1 3
1689 -13 1 2
1690 -13 2 1
1691 -12 3 1
1692 -12 4 -1
1693 -12 4 0
1694 -11 5 1
1695 -11 6 3
1696 -9 6 5
1697 -6 6 7
1698 -5 4 11
1699 -5 3 13
1700 -5 2 14
1701 -4 1 13
1702 -5 1 11
1703 -5 -1 9
1704 -6 -1 8
1705 -6 -1 7
1706 -6 -1 7
1707 -6 -1 6
1708 -6 -2 5
1709 -7 -2 5
1710 -9 -2 5
1711 -9 -2 5
1712 -9 -1 6
1713 -8 -1 7
1714 -7 0 7
1715 -7 0 7
1716 -7 0 7
1717 -8 0 7
1718 -9 1 7
1719 -9 1 7
1720 -10 1 6
1721 -9 2 7
1722 -8 2 7
1723 -8 2 7
1724 -8 2 6
1725 -7 3 6
1726 -7 3 6
1727 -8 3 6
1728 -8 2 6
1729 -9 2 7
1730 -8 2 7
1731 -8 2 7
1732 -8 2 7
1733 -8 2 8
1734 -8 2 8
1735 -8 2 8
1736 -8 2 8
1737 -8 3 8
1738 -8 3 8
1739 -7 3 8
1740 -7 3 8
1741 -7 2 7
1742 -7 2 7
1743 -7 3 7
1744 -7 4 7
1745 -7 4 7
1746 -7 4 7
1747 -7 4 8
1748 -6 4 8
1749 -6 4 8
1750 -6 4 8
1751 -5 4 8
1752 -5 4 7
1753 -6 4 7
1754 -6 3 8
1755 -6 3 8
1756 -6 3 9
1757 -5 3 9
1758 -5 3 9
1759 -5 4 8
1760 -5 4 9
1761 -6 4 9
1762 -6 4 10
1763 -6 4 10
1764 -6 3 10
1765 -6 2 9
1766 -6 1 9
1767 -7 0 9
1768 -8 -1 9
1769 -8 -1 9
1770 -8 -1 10
1771 -7 0 9
1772 -6 1 9
1773 -4 2 9
1774 -3 2 7
1775 -4 -1 5
1776 -5 -3 7
1777 -6 -1 10
1778 -5 -1 10
1779 -4 -1 10
1780 -5 1 11
1781 -6 -1 11
1782 -5 -1 10
1783 -4 -1 9
1784 -3 -3 7
1785 -3 -3 8
1786 -4 -3 10
1787 -5 -4 10
1788 -3 -3 7
1789 1 -2 7
1790 3 -1 9
1791 2 -4 10
1792 -1 -6 10
1793 0 -4 11
1794 2 -2 12
1795 3 -1 12
1796 3 -1 12
1797 3 -1 12
1798 3 1 11
1799 3 1 11
1800 3 1 10
1801 2 1 10
1802 2 0 10
1803 2 -1 10
1804 2 -1 10
1805 2 -1 10
1806 1 -2 11
1807 1 -2 11
1808 1 -2 11
1809 1 -2 11
1810 1 -2 11
1811 1 -2 11
1812 1 -2 11
1813 1 -2 11
1814 1 -2 11
1815 1 -2 11
1816 1 -2 11
1817 1 -2 10
1818 1 -2 10
1819 0 -1 9
1820 0 -1 10
1821 1 -1 10
1822 1 -1 11
1823 1 -2 12
1824 0 -2 11
1825 1 -2 11
1826 1 -1 10
1827 2 1 10
1828 1 1 9
1829 1 1 10
1830 1 1 10
1831 0 1 10
1832 -1 -1 11
1833 -2 -1 11
1834 -2 -1 10
1835 -2 -2 10
1836 -1 -2 10
1837 -1 -3 11
1838 -1 -4 10
1839 -1 -5 10
1840 -1 -5 10
1841 1 -4 10
1842 1 -4 10
1843 1 -5 10
1844 0 -5 10
1845 -1 -6 10
1846 -1 -6 10
1847 1 -5 11
1848 1 -5 11
1849 1 -5 12
1850 -1 -4 12
1851 -1 -4 11
1852 -1 -3 11
1853 -1 -4 11
1854 -1 -5 10
1855 1 -5 8
1856 1 -4 7
1857 1 -4 6
1858 -1 -4 6
1859 -2 -4 6
1860 -2 -5 6
1861 -2 -5 7
1862 -1 -4 8
1863 -1 -4 10
1864 -2 -5 10
1865 -2 -5 10
1866 -1 -5 11
1867 1 -5 11
1868 2 -5 11
1869 1 -5 11
1870 -1 -4 11
1871 -2 -4 10
1872 -2 -5 10
1873 -3 -5 9
1874 -3 -5 8
1875 -2 -5 7
1876 -2 -5 6
1877 -2 -6 7
1878 -2 -7 7
1879 -1 -8 7
1880 -1 -8 8
1881 0 -9 8
1882 0 -9 8
1883 -1 -9 8
1884 -1 -8 8
1885 1 -7 8
1886 2 -7 10
1887 2 -8 12
1888 2 -8 13
1889 2 -9 13
1890 -2 -8 12
1891 -3 -6 10
1892 -1 -4 7
1893 1 -3 5
1894 1 -3 5
1895 -1 -4 6
1896 -2 -4 6
1897 -2 -5 7
1898 -1 -5 7
1899 -1 -5 7
1900 -1 -6 7
1901 -1 -7 7
1902 -1 -9 10
1903 -1 -10 11
1904 -1 -11 12
1905 -1 -11 12
1906 -1 -10 11
1907 -1 -10 10
1908 -1 -10 11
1909 -1 -10 12
1910 -1 -8 11
1911 -1 -5 8
1912 1 -3 6
1913 2 -1 6
1914 3 -1 8
1915 3 -2 9
1916 1 -3 9
1917 1 -3 9
1918 2 -2 8
1919 2 -3 8
1920 1 -4 9
1921 0 -5 9
1922 -1 -5 9
1923 -1 -6 8
1924 -1 -5 7
1925 1 -5 6
1926 1 -4 6
1927 2 -4 7
1928 2 -5 9
1929 1 -6 11
1930 0 -6 11
1931 1 -6 11
1932 1 -6 12
1933 0 -5 12
1934 0 -5 11
1935 1 -3 9
1936 1 -3 8
1937 1 -3 8
1938 1 -3 8
1939 1 -4 8
1940 0 -5 9
1941 0 -6 9
1942 1 -6 9
1943 0 -6 9
1944 -1 -6 9
1945 -1 -5 8
1946 -1 -5 8
1947 -1 -3 9
1948 1 -3 8
1949 0 -3 6
1950 -2 -4 5
1951 -3 -4 6
1952 -2 -4 6
1953 1 -2 7
1954 1 1 10
1955 -2 2 8
1956 -4 -3 10
1957 -7 -5 12
1958 -5 -4 11
1959 -4 -5 11
1960 -6 -6 13
1961 -7 -7 14
1962 -7 -6 13
1963 -4 -5 10
1964 -2 -5 8
1965 -1 -4 9
1966 -2 -3 10
1967 -4 -3 10
1968 -5 -4 10
1969 -5 -4 11
1970 -6 -4 10
1971 -5 -4 9
1972 -5 -4 9
1973 -6 -4 9
1974 -8 -6 8
1975 -9 -6 11
1976 -8 -6 11
1977 -8 -6 10
1978 -9 -6 10
1979 -10 -6 10
1980 -10 -6 9
1981 -9 -5 9
1982 -7 -5 8
1983 -7 -4 8
1984 -7 -2 6
1985 -6 -1 4
1986 -7 1 3
1987 -7 2 1
1988 -8 2 1
1989 -8 2 1
1990 -8 2 2
1991 -10 -2 2
1992 -11 -3 3
1993 -11 -4 5
1994 -12 -5 8
1995 -13 -4 7
1996 -12 -4 6
1997 -12 -3 4
1998 -10 -3 3
1999 -8 -3 2
2000 -7 -3 1
2001 -7 -4 1
2002 -7 -3 1
2003 -6 -4 -1
2004 -6 -4 -1
2005 -6 -4 -2
2006 -6 -4 -3
2007 -7 -4 -3
2008 -6 -4 -3
2009 -5 -3 -3
2010 -4 -2 -3
2011 -3 -2 -3
2012 -3 -1 -3
2013 -3 -1 -2
2014 -3 -1 -1
2015 -5 1 1
2016 -6 0 1
2017 -7 -1 1
2018 -7 2 1
2019 -7 3 2
2020 -8 4 4
2021 -11 4 4
2022 -12 4 4
2023 -13 4 4
2024 -15 4 7
2025 -16 3 9
2026 -16 3 10
2027 -16 2 10
2028 -16 1 9
2029 -16 1 7
2030 -16 2 6
2031 -15 3 4
2032 -15 4 3
2033 -14 4 2
2034 -13 4 1
2035 -12 4 2
2036 -10 4 3
2037 -8 4 5
2038 -5 3 6
2039 -3 2 6
2040 -2 1 6
2041 -3 -1 6
2042 -4 -2 6
2043 -5 -2 6
2044 -5 -3 6
2045 -5 -3 6
2046 -6 -3 6
2047 -6 -4 6
2048 -7 -4 6
2049 -7 -3 6
2050 -8 -3 6
2051 -10 -3 5
2052 -11 -2 3
2053 -11 -2 1
2054 -11 -1 -2
2055 -11 -2 -5
2056 -11 -2 -6
2057 -11 -2 -6
2058 -11 -2 -7
2059 -11 -2 -7
2060 -11 -2 -6
2061 -10 -2 -6
2062 -10 -2 -6
2063 -10 -2 -5
2064 -10 -2 -5
2065 -10 -2 -4
2066 -9 -2 -3
2067 -8 -2 -3
2068 -8 -2 -3
2069 -8 -2 -2
2070 -8 -2 -2
2071 -8 -2 -1
2072 -8 -1 0
2073 -7 -2 1
2074 -6 -1 1
2075 -6 -2 1
2076 -7 -3 1
2077 -9 -2 1
2078 -8 -1 1
2079 -8 -1 1
2080 -7 -1 2
2081 -7 -1 3
2082 -9 -1 3
2083 -10 -1 3
2084 -11 -1 3
2085 -12 -2 4
2086 -12 -1 6
2087 -12 -1 6
2088 -12 0 7
2089 -12 0 8
2090 -12 1 8
2091 -11 1 7
2092 -11 1 6
2093 -10 1 6
2094 -10 1 7
2095 -10 1 7
2096 -10 1 7
2097 -9 1 8
2098 -9 2 8
2099 -8 2 8
2100 -8 1 8
2101 -8 1 7
2102 -8 1 7
2103 -7 1 7
2104 -7 1 8
2105 -7 1 8
2106 -7 1 8
2107 -7 1 8
2108 -6 1 9
2109 -6 1 9
2110 -6 1 9
2111 -6 1 9
2112 -6 0 9
2113 -6 1 9
2114 -6 1 9
2115 -6 1 9
2116 -6 0 9
2117 -6 0 9
2118 -5 1 9
2119 -5 -1 8
2120 -9 -1 6
2121 -10 -3 6
2122 -6 -1 8
2123 -5 -1 8
2124 -5 -2 7
2125 -6 -2 8
2126 -7 -2 10
2127 -7 -2 9
2128 -7 -2 8
2129 -7 -2 8
2130 -8 -1 8
2131 -9 -1 7
2132 -9 -1 7
2133 -8 -1 6
2134 -8 -1 5
2135 -9 -1 4
2136 -11 -1 4
2137 -11 -1 5
2138 -10 -2 5
2139 -10 -4 7
2140 -8 -2 9
2141 -6 -2 10
2142 -4 -1 8
2143 -7 -5 7
2144 -9 -6 11
2145 -7 -3 13
2146 -7 -5 11
2147 -7 -7 11
2148 -6 -7 11
2149 -6 -8 10
2150 -7 -9 10
2151 -8 -10 10
2152 -8 -11 9
2153 -6 -11 8
2154 -6 -11 8
2155 -6 -10 5
2156 -6 -8 2
2157 -6 -9 1
2158 -7 -8 1
2159 -5 -6 -1
2160 -5 -6 -4
2161 -6 -7 -4
2162 -4 -4 -4
2163 -2 -2 -5
2164 -2 -1 -6
2165 1 2 -7
2166 2 3 -8
2167 1 3 -8
2168 1 3 -9
2169 1 4 -9
2170 1 4 -10
2171 1 5 -10
2172 1 5 -10
2173 1 5 -10
2174 -1 5 -10
2175 -1 4 -10
2176 0 4 -10
2177 -1 4 -11
2178 -1 4 -11
2179 -1 4 -11
2180 0 4 -11
2181 -1 4 -11
2182 0 4 -10
2183 1 4 -10
2184 1 4 -10
2185 1 4 -10
2186 0 4 -10
2187 0 4 -10
2188 1 4 -10
2189 1 4 -10
2190 1 4 -10
2191 1 4 -10
2192 1 5 -10
2193 1 4 -10
2194 1 4 -10
2195 1 4 -10
2196 0 4 -10
2197 1 5 -10
2198 1 5 -10
2199 1 6 -10
2200 1 6 -9
2201 1 5 -9
2202 2 5 -8
2203 1 4 -7
2204 -1 2 -7
2205 -2 1 -6
2206 -2 -2 -3
2207 -2 -4 -2
2208 -1 -4 1
2209 -1 -4 2
2210 -2 -5 4
2211 -3 -5 9
2212 -5 -8 11
2213 -7 -9 10
2214 -6 -8 11
2215 -6 -7 14
2216 -10 -8 14
2217 -10 -7 13
2218 -9 -5 13
2219 -8 -4 12
2220 -8 -4 11
2221 -7 -3 10
2222 -6 -3 11
2223 -6 -3 10
2224 -6 -3 9
2225 -6 -3 10
2226 -6 -3 11
2227 -6 -3 11
2228 -6 -3 10
2229 -6 -2 9
2230 -6 -2 8
2231 -5 -2 7
2232 -5 -2 7
2233 -4 -2 7
2234 -4 -2 7
2235 -4 -2 7
2236 -5 -2 8
2237 -5 -3 9
2238 -6 -3 9
2239 -6 -3 10
2240 -6 -4 11
2241 -6 -4 11
2242 -7 -4 11
2243 -7 -5 11
2244 -8 -6 12
2245 -10 -8 12
2246 -12 -10 12
2247 -12 -8 13
2248 -10 -6 13
2249 -7 -4 12
2250 -5 -3 11
2251 -4 -3 8
2252 -4 -2 6
2253 -3 -2 4
2254 -3 -2 3
2255 -3 -2 2
2256 -4 -3 -1
2257 -4 -3 -1
2258 -5 -4 1
2259 -4 -4 2
2260 -4 -4 2
2261 -5 -5 2
2262 -6 -5 3
2263 -8 -5 3
2264 -8 -5 4
2265 -8 -5 3
2266 -7 -5 3
2267 -6 -5 2
2268 -5 -4 2
2269 -4 -3 1
2270 -3 -3 1
2271 -3 -2 1
2272 -3 -1 1
2273 -2 -1 2
2274 -3 1 2
2275 -3 2 3
2276 -3 3 3
2277 -4 4 5
2278 -7 5 7
2279 -11 5 10
2280 -13 4 11
2281 -14 3 12
2282 -15 2 13
2283 -15 1 13
2284 -15 0 12
2285 -15 0 12
2286 -15 1 12
2287 -14 2 12
2288 -14 3 12
2289 -14 4 11
2290 -13 4 11
2291 -12 5 11
2292 -11 4 10
2293 -10 4 8
2294 -8 3 6
2295 -5 2 5
2296 -3 1 3
2297 -1 1 2
2298 0 -1 -1
2299 1 -2 -1
2300 1 -2 -1
2301 1 -2 -1
2302 1 -2 -1
2303 -1 -2 -2
2304 -1 -3 -2
2305 -2 -3 -2
2306 -3 -2 -1
2307 -4 -2 1
2308 -5 -1 1
2309 -4 1 0
2310 -5 2 2
2311 -7 2 4
2312 -8 3 4
2313 -10 5 7
2314 -12 4 10
2315 -12 4 10
2316 -12 4 11
2317 -13 4 11
2318 -14 3 11
2319 -15 2 11
2320 -15 2 10
2321 -15 2 9
2322 -14 2 9
2323 -13 3 9
2324 -13 3 10
2325 -13 3 10
2326 -13 4 9
2327 -13 4 8
2328 -13 3 7
2329 -12 3 7
2330 -11 4 6
2331 -9 4 5
2332 -6 3 4
2333 -4 2 3
2334 -3 1 2
2335 -2 0 1
2336 -1 -1 1
2337 -2 -3 1
2338 -1 -2 -1
2339 -1 -3 -1
2340 -3 -4 -1
2341 -5 -4 0
2342 -6 -5 1
2343 -7 -5 0
2344 -7 -5 1
2345 -8 -5 1
2346 -8 -5 1
2347 -9 -5 1
2348 -9 -4 2
2349 -9 -4 2
2350 -9 -4 3
2351 -9 -3 3
2352 -8 -3 3
2353 -8 -3 3
2354 -7 -3 4
2355 -7 -2 4
2356 -7 -3 4
2357 -7 -3 4
2358 -8 -2 6
2359 -8 -2 6
2360 -9 -2 7
2361 -10 -2 8
2362 -8 -2 7
2363 -7 -2 8
2364 -8 -3 9
2365 -9 -4 11
2366 -8 -6 12
2367 -6 -6 14
2368 -1 -6 13
2369 5 -6 12
2370 6 -6 11
2371 5 -7 10
2372 6 -6 8
2373 5 -5 5
2374 4 -6 3
2375 3 -7 2
2376 1 -9 3
2377 1 -10 5
2378 3 -11 6
2379 4 -11 5
2380 5 -10 6
2381 5 -8 6
2382 6 -7 5
2383 7 -7 6
2384 7 -6 6
2385 7 -7 6
2386 7 -7 7
2387 6 -7 8
2388 6 -7 8
2389 7 -7 8
2390 6 -6 9
2391 5 -5 8
2392 4 -4 7
2393 2 -5 5
2394 1 -10 -2
2395 3 -12 -6
2396 7 -11 -3
2397 8 -8 3
2398 8 -6 7
2399 5 -6 9
2400 2 -7 9
2401 1 -8 7
2402 3 -8 6
2403 4 -7 7
2404 6 -6 7
2405 6 -6 6
