t x y z
0 -2 -4 5
1 -2 -4 4
2 -2 -4 3
3 -2 -5 4
4 -2 -4 5
5 -2 -4 7
6 -2 -4 7
7 -2 -4 7
8 -3 -5 8
9 -3 -4 9
10 -3 -4 10
11 -3 -4 10
12 -4 -4 10
13 -4 -4 10
14 -4 -4 11
15 -3 -4 11
16 -4 -4 11
17 -5 -4 10
18 -6 -5 9
19 -5 -4 9
20 -5 -4 10
21 -6 -3 11
22 -5 -3 11
23 -4 -2 10
24 -3 -2 10
25 -3 -2 9
26 -4 -2 8
27 -3 -2 8
28 -2 -1 7
29 -2 -1 7
30 -3 -1 7
31 -2 1 7
32 -1 2 6
33 -2 2 7
34 -2 1 7
35 -2 2 7
36 -3 2 8
37 -5 1 11
38 -6 0 11
39 -5 2 11
40 -5 2 12
41 -5 2 12
42 -4 3 12
43 -4 2 12
44 -5 1 12
45 -5 1 12
46 -5 1 12
47 -5 1 12
48 -4 2 11
49 -2 3 11
50 -3 3 11
51 -4 2 11
52 -4 2 10
53 -2 3 10
54 -1 3 10
55 -1 3 10
56 1 3 11
57 1 3 11
58 1 3 10
59 1 3 9
60 1 3 7
61 0 3 6
62 -2 4 7
63 -3 4 8
64 -3 5 10
65 -2 5 11
66 -2 5 12
67 -3 5 11
68 -3 4 11
69 -3 4 11
70 -3 3 10
71 -3 3 10
72 -2 4 11
73 -2 4 11
74 -2 4 11
75 -3 5 10
76 -3 6 10
77 -4 7 11
78 -4 6 11
79 -3 6 10
80 -2 5 8
81 -2 4 7
82 -2 4 6
83 -2 3 6
84 -2 3 7
85 -1 4 8
86 -1 4 9
87 1 5 10
88 1 6 11
89 -1 7 11
90 -1 8 11
91 0 8 11
92 -2 8 10
93 -3 8 11
94 -2 7 10
95 -1 7 9
96 -1 6 7
97 -2 5 7
98 -2 5 7
99 -2 5 8
100 -2 5 8
101 -2 5 9
102 -2 5 10
103 -3 5 10
104 -3 5 10
105 -2 5 11
106 -1 5 10
107 -2 7 11
108 -3 7 12
109 -4 7 11
110 -3 6 9
111 -3 5 8
112 -3 4 8
113 -3 4 7
114 -3 4 7
115 -3 3 7
116 -3 3 7
117 -2 2 7
118 -1 2 7
119 -1 3 8
120 -2 3 10
121 -2 4 12
122 -1 5 11
123 -1 5 11
124 1 6 10
125 0 6 11
126 -1 7 12
127 -1 6 12
128 -1 5 11
129 -1 4 8
130 0 4 7
131 0 4 7
132 0 4 8
133 -2 4 9
134 -2 5 10
135 -3 5 11
136 -3 4 11
137 -3 3 10
138 -2 2 9
139 -2 2 9
140 -2 2 8
141 -2 3 9
142 -2 3 11
143 -1 4 12
144 -2 5 12
145 -2 6 11
146 -3 6 11
147 -3 5 10
148 -3 5 10
149 -2 4 9
150 -2 4 8
151 -3 4 8
152 -3 4 8
153 -3 3 8
154 -3 3 8
155 -3 3 8
156 -3 2 8
157 -3 2 8
158 -3 2 9
159 -3 2 9
160 -2 2 9
161 -2 2 10
162 -2 2 10
163 -2 3 10
164 -2 4 11
165 -1 5 12
166 -1 5 11
167 -2 5 11
168 -3 5 11
169 -3 5 11
170 -3 4 11
171 -2 4 9
172 -1 4 7
173 -1 4 7
174 -2 5 9
175 -3 4 10
176 -3 4 10
177 -3 4 10
178 -3 4 9
179 -3 4 9
180 -3 4 9
181 -3 3 9
182 -4 4 9
183 -4 4 10
184 -3 4 11
185 -3 4 11
186 -3 4 11
187 -3 5 10
188 -3 5 11
189 -3 4 11
190 -3 3 9
191 -3 3 8
192 -3 2 8
193 -3 2 8
194 -4 2 8
195 -4 2 9
196 -4 2 10
197 -4 2 11
198 -5 2 11
199 -5 2 11
200 -6 2 11
201 -6 2 10
202 -5 2 11
203 -4 2 12
204 -3 2 12
205 -4 2 12
206 -5 2 12
207 -5 2 11
208 -5 2 11
209 -5 2 11
210 -5 1 11
211 -4 2 10
212 -3 3 9
213 -3 3 9
214 -4 2 9
215 -4 2 9
216 -4 2 9
217 -4 1 9
218 -4 1 9
219 -2 0 9
220 -3 -1 9
221 -5 -2 8
222 -5 -1 8
223 -4 0 8
224 -4 -1 8
225 -5 -2 8
226 -5 -2 7
227 -4 -1 8
228 -4 -1 8
229 -4 -1 7
230 -4 -1 7
231 -4 -1 8
232 -4 -1 8
233 -5 -2 9
234 -4 -2 9
235 -4 -2 10
236 -5 -2 10
237 -5 -2 10
238 -5 -2 9
239 -4 -2 9
240 -5 -2 10
241 -5 -2 10
242 -5 -2 10
243 -5 -2 10
244 -4 -2 10
245 -5 -2 10
246 -5 -2 10
247 -4 -1 10
248 -4 -1 10
249 -4 -1 10
250 -4 -1 11
251 -5 -1 11
252 -5 -1 11
253 -6 -1 12
254 -7 -2 12
255 -7 -1 12
256 -8 -1 11
257 -9 -2 11
258 -10 -2 10
259 -9 -2 9
260 -8 -2 9
261 -8 -2 8
262 -9 -3 8
263 -8 -3 7
264 -8 -3 6
265 -8 -4 5
266 -8 -4 4
267 -8 -4 3
268 -7 -4 4
269 -6 -5 4
270 -6 -5 4
271 -5 -5 4
272 -4 -5 4
273 -4 -5 5
274 -3 -5 6
275 -3 -4 6
276 -2 -4 6
277 -1 -4 6
278 0 -4 7
279 1 -4 6
280 1 -4 6
281 1 -4 8
282 1 -4 8
283 1 -3 8
284 1 -3 9
285 0 -3 11
286 -1 -3 11
287 -1 -2 11
288 -1 -2 11
289 -2 -2 11
290 -2 -2 12
291 -3 -2 12
292 -3 -2 12
293 -4 -1 12
294 -5 -1 12
295 -5 -2 12
296 -6 -1 11
297 -7 -2 11
298 -7 -2 10
299 -7 -2 9
300 -6 -2 9
301 -5 -1 9
302 -4 -1 9
303 -4 -1 9
304 -3 0 10
305 -3 0 9
306 -3 0 9
307 -3 1 10
308 -2 2 10
309 -1 3 9
310 1 4 8
311 2 4 6
312 1 3 5
313 -4 1 6
314 -4 -1 6
315 -3 0 7
316 -5 -1 10
317 -7 -3 11
318 -8 -3 11
319 -7 -1 11
320 -5 1 12
321 -5 1 12
322 -5 1 12
323 -5 1 11
324 -5 1 11
325 -4 2 11
326 -4 2 11
327 -4 2 11
328 -4 3 11
329 -2 3 10
330 -1 3 9
331 1 4 7
332 -1 4 7
333 -3 4 7
334 -3 4 7
335 -3 4 8
336 -3 5 8
337 -4 5 10
338 -5 4 10
339 -4 5 10
340 -4 5 11
341 -6 5 11
342 -7 5 11
343 -6 4 11
344 -5 5 9
345 -3 5 8
346 -3 5 8
347 -3 5 9
348 -3 5 9
349 -3 5 9
350 -3 5 9
351 -3 6 9
352 -3 6 9
353 -3 6 9
354 -3 7 10
355 -4 6 10
356 -4 6 9
357 -4 6 9
358 -4 6 8
359 -3 6 8
360 -4 5 8
361 -4 5 8
362 -3 6 9
363 -3 6 9
364 -3 5 7
365 -4 5 6
366 -4 5 6
367 -4 5 7
368 -3 6 8
369 -4 6 9
370 -5 6 9
371 -5 7 10
372 -4 8 10
373 -4 8 9
374 -4 8 10
375 -5 8 10
376 -5 8 9
377 -5 7 9
378 -5 5 8
379 -5 5 7
380 -4 5 6
381 -4 5 6
382 -4 5 6
383 -4 4 6
384 -3 4 6
385 -2 4 6
386 -2 4 6
387 -3 3 8
388 -4 2 9
389 -5 2 8
390 -5 1 7
391 -4 1 6
392 -3 2 7
393 -3 2 8
394 -4 1 8
395 -5 0 8
396 -4 1 8
397 -4 1 8
398 -4 1 8
399 -4 3 7
400 -3 4 7
401 -4 4 7
402 -5 5 7
403 -5 6 7
404 -4 6 10
405 -6 5 11
406 -8 5 9
407 -8 5 8
408 -7 6 9
409 -7 6 8
410 -7 6 8
411 -8 4 9
412 -8 3 9
413 -7 3 10
414 -9 3 11
415 -9 2 11
416 -8 3 11
417 -7 3 12
418 -7 4 13
419 -7 4 13
420 -5 5 13
421 -6 6 12
422 -7 8 12
423 -8 10 10
424 -9 9 6
425 -9 7 4
426 -8 7 3
427 -6 6 4
428 -5 6 5
429 -4 7 5
430 -4 7 3
431 -6 6 2
432 -7 4 2
433 -7 3 3
434 -6 3 2
435 -5 4 2
436 -7 4 4
437 -10 4 4
438 -11 4 4
439 -11 5 5
440 -10 6 5
441 -10 6 5
442 -10 6 5
443 -10 6 6
444 -10 6 6
445 -10 6 6
446 -11 5 6
447 -11 5 6
448 -9 8 6
449 -7 8 8
450 -7 6 8
451 -6 5 8
452 -6 4 9
453 -5 2 7
454 -4 1 6
455 -3 1 6
456 -3 1 8
457 -3 1 8
458 -3 1 9
459 -2 3 11
460 -2 4 12
461 -3 4 11
462 -3 3 10
463 -3 4 10
464 -3 5 11
465 -4 4 11
466 -5 4 10
467 -5 4 10
468 -4 4 9
469 -5 3 9
470 -6 3 9
471 -7 2 9
472 -6 2 9
473 -6 2 10
474 -7 2 9
475 -7 2 9
476 -8 2 10
477 -8 2 11
478 -8 2 11
479 -8 1 10
480 -6 1 10
481 -4 1 11
482 -4 0 11
483 -4 -1 10
484 -2 -1 9
485 -1 0 10
486 -1 -1 10
487 1 -1 9
488 2 -1 8
489 2 -1 9
490 1 -2 8
491 -1 -2 7
492 -1 -2 8
493 1 -2 8
494 1 -2 9
495 -1 -3 9
496 -1 -3 9
497 1 -2 9
498 1 -2 8
499 1 -2 8
500 1 -2 8
501 1 -3 8
502 2 -3 10
503 2 -2 10
504 1 -3 10
505 2 -2 9
506 3 -2 9
507 1 -3 9
508 -1 -4 9
509 -1 -4 9
510 -1 -4 9
511 -2 -4 10
512 -2 -4 10
513 -1 -3 10
514 0 -3 10
515 1 -4 10
516 1 -3 10
517 2 -3 10
518 2 -4 10
519 2 -4 10
520 3 -3 11
521 2 -3 11
522 2 -3 11
523 2 -3 10
524 2 -3 10
525 1 -4 10
526 0 -4 10
527 -1 -4 9
528 -2 -4 9
529 -3 -4 9
530 -4 -4 10
531 -5 -4 10
532 -6 -5 9
533 -7 -5 8
534 -6 -4 8
535 -6 -4 7
536 -5 -4 6
537 -4 -4 7
538 -4 -4 7
539 -4 -4 8
540 -3 -3 9
541 -2 -2 9
542 -2 -3 9
543 -3 -3 10
544 -2 -2 11
545 -1 -2 11
546 0 -2 11
547 1 -2 11
548 1 -2 12
549 3 -2 12
550 3 -2 12
551 4 -2 13
552 4 -1 13
553 3 -1 12
554 3 -2 12
555 2 -2 11
556 2 -2 10
557 1 -2 10
558 1 -2 10
559 -1 -2 10
560 -2 -2 10
561 -2 -2 10
562 -3 -2 10
563 -4 -2 10
564 -5 -2 10
565 -6 -2 10
566 -6 -2 10
567 -6 -2 10
568 -5 -2 10
569 -5 -2 9
570 -4 -2 9
571 -3 -1 9
572 -3 0 10
573 -2 2 9
574 1 3 7
575 1 3 4
576 -1 2 4
577 1 3 4
578 4 5 3
579 5 6 4
580 2 5 6
581 -1 4 8
582 -1 4 9
583 -2 5 11
584 -6 4 14
585 -7 2 14
586 -6 3 13
587 -5 5 14
588 -5 4 15
589 -4 4 13
590 -3 5 12
591 -2 5 11
592 -3 5 11
593 -3 4 11
594 -3 5 10
595 -1 5 10
596 1 6 9
597 0 6 9
598 -1 6 9
599 -1 5 9
600 -1 5 9
601 0 6 9
602 1 6 9
603 1 6 9
604 1 6 9
605 1 6 9
606 1 6 9
607 1 6 9
608 1 6 9
609 1 6 9
610 2 6 9
611 2 5 8
612 2 5 8
613 2 4 8
614 2 5 8
615 2 5 9
616 2 6 9
617 2 6 10
618 2 6 10
619 2 6 10
620 2 6 9
621 1 6 9
622 1 6 8
623 2 7 8
624 2 8 9
625 2 8 10
626 2 8 9
627 1 8 7
628 1 7 6
629 1 7 6
630 1 7 7
631 1 7 7
632 1 7 6
633 0 7 6
634 0 7 6
635 0 8 6
636 1 8 8
637 2 9 8
638 2 10 8
639 2 10 8
640 1 9 8
641 1 9 9
642 2 9 10
643 2 9 9
644 2 8 6
645 2 7 5
646 2 7 5
647 2 7 6
648 2 8 7
649 2 8 8
650 2 8 9
651 2 8 9
652 1 9 8
653 -1 9 7
654 -1 9 7
655 0 9 7
656 1 8 8
657 1 8 7
658 1 8 7
659 2 8 6
660 1 7 5
661 1 7 5
662 1 8 6
663 2 8 7
664 3 9 9
665 4 9 10
666 3 9 9
667 3 9 10
668 3 8 10
669 3 7 8
670 2 7 7
671 2 7 7
672 2 7 7
673 2 7 7
674 2 7 8
675 1 7 8
676 1 7 9
677 2 7 11
678 2 7 11
679 -1 6 10
680 -2 5 11
681 -1 6 11
682 1 6 12
683 1 5 12
684 1 4 11
685 1 4 11
686 1 3 11
687 0 2 11
688 -1 2 11
689 1 2 12
690 -1 2 11
691 -1 1 11
692 -2 1 11
693 -2 1 10
694 -2 1 8
695 -1 1 9
696 -1 1 9
697 -1 1 9
698 -1 1 9
699 -1 1 9
700 -1 1 9
701 -1 1 9
702 -1 1 7
703 -1 -1 6
704 -1 -1 8
705 -1 -1 9
706 -1 -1 9
707 0 -1 9
708 -1 -2 8
709 -1 -2 9
710 -2 -2 10
711 -1 -2 10
712 -1 -2 10
713 -1 -2 10
714 -1 -2 10
715 -1 -2 10
716 -2 -2 10
717 -2 -2 11
718 -1 -2 11
719 -1 -2 11
720 -1 -2 11
721 -1 -1 11
722 0 -1 11
723 1 -1 11
724 1 -1 10
725 -1 -1 10
726 -1 -2 11
727 -2 -2 10
728 -2 -2 11
729 -3 -2 11
730 -3 -2 11
731 -3 -2 12
732 -3 -2 12
733 -3 -2 12
734 -3 -2 12
735 -2 -2 12
736 -2 -2 12
737 -2 -2 11
738 -1 -3 11
739 -1 -3 10
740 -1 -3 10
741 -1 -3 9
742 1 -3 8
743 1 -3 7
744 1 -3 7
745 1 -4 6
746 1 -4 5
747 1 -4 4
748 -1 -5 5
749 -1 -5 5
750 -1 -4 5
751 -2 -4 6
752 -2 -4 6
753 -2 -4 6
754 -2 -4 7
755 -2 -4 8
756 -2 -4 9
757 -2 -3 9
758 -1 -3 10
759 -1 -3 11
760 -1 -3 11
761 -1 -3 11
762 1 -3 12
763 2 -2 12
764 3 -2 12
765 3 -2 12
766 3 -2 12
767 3 -2 12
768 3 -2 11
769 4 -2 11
770 4 -1 11
771 3 -1 11
772 3 -2 11
773 2 -1 11
774 2 -1 10
775 1 -1 10
776 -1 -1 10
777 -3 -2 10
778 -5 -2 11
779 -6 -3 11
780 -5 -2 10
781 -4 -2 10
782 -4 -2 10
783 -4 -2 10
784 -3 -2 10
785 -3 -2 11
786 -2 -1 11
787 -2 0 9
788 -1 1 9
789 2 2 8
790 2 3 6
791 2 3 6
792 2 3 6
793 3 3 5
794 2 3 5
795 2 3 6
796 2 3 6
797 1 3 7
798 -2 2 10
799 -2 1 11
800 -3 2 12
801 -4 1 13
802 -4 1 13
803 -3 2 13
804 -3 2 13
805 -2 2 12
806 -1 3 11
807 -1 4 12
808 -1 4 12
809 -1 5 12
810 0 5 11
811 1 5 11
812 2 5 11
813 2 6 10
814 1 5 10
815 -1 4 10
816 0 5 9
817 1 5 9
818 1 6 9
819 1 6 9
820 1 6 9
821 1 6 9
822 -1 6 11
823 -2 5 12
824 -5 3 13
825 -6 3 14
826 -6 2 14
827 -7 1 15
828 -7 1 15
829 -7 1 16
830 -8 1 16
831 -7 1 16
832 -6 2 14
833 -4 1 12
834 -3 1 12
835 -2 -1 11
836 -1 -2 9
837 -1 -3 6
838 -3 -5 4
839 -2 -5 2
840 -1 -5 2
841 -1 -5 2
842 -1 -6 1
843 -1 -6 -1
844 1 -6 -1
845 1 -6 -1
846 1 -6 -1
847 1 -6 -2
848 2 -7 -2
849 1 -7 -2
850 1 -7 -2
851 3 -7 -3
852 4 -6 -4
853 5 -6 -5
854 5 -7 -5
855 6 -7 -3
856 6 -8 -1
857 6 -8 1
858 7 -7 -2
859 6 -7 -5
860 5 -7 -6
861 5 -6 -7
862 8 -5 -7
863 9 -4 -6
864 9 -4 -4
865 9 -3 -2
866 9 -2 -3
867 11 -2 -4
868 11 -1 -4
869 11 -1 -4
870 10 -2 -3
871 10 -2 -2
872 11 -2 -2
873 10 -2 -2
874 10 -1 -3
875 10 -1 -5
876 8 -2 -4
877 6 -2 -1
878 6 1 2
879 6 2 1
880 4 2 0
881 2 3 1
882 0 4 1
883 -1 3 0
884 -2 1 0
885 -4 -1 2
886 -6 -4 3
887 -7 -5 4
888 -8 -5 5
889 -11 -5 6
890 -12 -7 7
891 -12 -4 11
892 -11 -1 11
893 -11 2 11
894 -12 4 12
895 -12 5 12
896 -13 5 13
897 -14 5 14
898 -13 5 12
899 -12 6 10
900 -10 7 11
901 -10 6 12
902 -11 5 12
903 -11 4 12
904 -10 4 11
905 -8 4 11
906 -8 4 9
907 -7 4 7
908 -7 4 6
909 -6 5 6
910 -6 5 7
911 -5 6 7
912 -4 6 7
913 -4 7 7
914 -5 6 7
915 -5 6 7
916 -5 5 5
917 -5 6 5
918 -4 6 4
919 -4 5 3
920 -4 5 3
921 -3 5 3
922 -4 5 3
923 -5 6 3
924 -6 6 3
925 -8 6 3
926 -9 6 4
927 -8 6 6
928 -7 6 6
929 -6 7 6
930 -6 7 6
931 -5 7 7
932 -6 7 8
933 -7 6 8
934 -8 6 7
935 -10 6 7
936 -10 6 8
937 -10 6 7
938 -9 5 6
939 -8 5 5
940 -7 5 6
941 -6 5 7
942 -6 5 7
943 -6 5 6
944 -8 5 5
945 -9 5 5
946 -11 4 4
947 -11 3 2
948 -11 4 3
949 -10 5 5
950 -9 5 5
951 -9 5 4
952 -9 5 4
953 -6 5 5
954 -5 6 7
955 -8 5 7
956 -9 5 6
957 -9 5 6
958 -12 4 9
959 -12 4 7
960 -12 6 3
961 -13 6 6
962 -13 6 7
963 -12 5 7
964 -11 5 8
965 -10 5 8
966 -10 4 8
967 -9 4 7
968 -8 4 6
969 -8 4 6
970 -8 4 6
971 -6 5 6
972 -5 5 6
973 -6 5 8
974 -7 4 9
975 -7 4 9
976 -7 4 9
977 -8 3 9
978 -7 2 9
979 -6 2 9
980 -5 3 8
981 -4 4 7
982 -3 3 6
983 -3 3 6
984 -4 2 6
985 -4 1 7
986 -4 1 7
987 -5 -1 8
988 -5 -1 9
989 -4 0 10
990 -4 1 10
991 -5 1 9
992 -5 1 9
993 -5 1 9
994 -5 2 10
995 -5 2 11
996 -4 1 10
997 -4 1 10
998 -4 -1 10
999 -5 -1 10
1000 -4 -1 10
1001 -4 -2 9
1002 -5 -2 9
1003 -5 -3 10
1004 -4 -3 10
1005 -5 -3 10
1006 -5 -3 10
1007 -5 -3 10
1008 -5 -3 9
1009 -4 -3 8
1010 -4 -3 7
1011 -3 -3 9
1012 -2 -2 8
1013 -3 -2 6
1014 -1 -2 7
1015 -1 -1 8
1016 -2 -2 8
1017 -3 -2 8
1018 -2 -2 9
1019 -2 -1 10
1020 -3 -1 11
1021 -2 -1 11
1022 -2 -1 11
1023 -2 -1 10
1024 -2 -2 10
1025 -3 -2 9
1026 -3 -2 9
1027 -2 -2 9
1028 -1 -2 9
1029 -2 -2 9
1030 -2 -2 9
1031 -2 -2 10
1032 -3 -3 10
1033 -3 -2 10
1034 -2 -2 10
1035 -3 -2 10
1036 -3 -2 10
1037 -3 -2 10
1038 -3 -2 11
1039 -3 -3 11
1040 -3 -2 10
1041 -2 -2 10
1042 -3 -3 11
1043 -4 -3 11
1044 -4 -3 12
1045 -4 -3 12
1046 -3 -3 12
1047 -4 -3 12
1048 -4 -4 12
1049 -3 -3 12
1050 -3 -3 12
1051 -3 -3 11
1052 -2 -3 10
1053 -2 -3 8
1054 -2 -4 8
1055 -1 -3 7
1056 -2 -4 6
1057 -2 -4 6
1058 -2 -4 6
1059 -2 -4 5
1060 -2 -4 4
1061 -2 -4 4
1062 -2 -4 4
1063 -2 -5 4
1064 -2 -4 4
1065 -2 -4 5
1066 -3 -4 6
1067 -2 -4 7
1068 -2 -4 8
1069 -2 -4 9
1070 -2 -3 10
1071 -1 -3 11
1072 0 -3 12
1073 -1 -3 12
1074 -2 -4 13
1075 -1 -3 13
1076 -1 -3 13
1077 -2 -3 13
1078 -3 -3 12
1079 -4 -3 12
1080 -5 -4 13
1081 -5 -4 12
1082 -4 -4 12
1083 -3 -3 12
1084 -3 -4 12
1085 -3 -4 11
1086 -3 -4 11
1087 -2 -4 10
1088 -2 -4 9
1089 -2 -4 8
1090 -1 -4 7
1091 -1 -4 6
1092 -1 -4 4
1093 -1 -5 4
1094 -1 -5 4
1095 -1 -5 4
1096 -1 -5 5
1097 -1 -4 5
1098 -1 -5 5
1099 -1 -4 5
1100 0 -4 5
1101 -1 -4 6
1102 -2 -4 6
1103 -1 -3 6
1104 1 -3 7
1105 -1 -3 8
1106 -1 -3 9
1107 -2 -4 11
1108 -2 -3 12
1109 -3 -3 13
1110 -3 -3 13
1111 -2 -3 13
1112 -2 -3 13
1113 -3 -3 12
1114 -3 -3 12
1115 -2 -2 11
1116 -2 -2 11
1117 -2 -1 10
1118 -2 0 10
1119 -1 1 9
1120 -1 2 7
1121 2 2 5
1122 3 2 4
1123 1 2 4
1124 -2 3 6
1125 1 4 8
1126 3 6 8
1127 2 6 7
1128 1 4 8
1129 -1 5 8
1130 -2 5 9
1131 -5 4 11
1132 -6 3 12
1133 -5 4 12
1134 -5 5 13
1135 -6 4 13
1136 -6 4 14
1137 -7 4 13
1138 -5 4 13
1139 -3 5 12
1140 -2 5 11
1141 -3 5 11
1142 -3 4 11
1143 -2 5 10
1144 1 5 9
1145 2 6 9
1146 2 5 9
1147 2 5 9
1148 2 5 9
1149 2 5 9
1150 2 5 9
1151 2 5 8
1152 3 5 8
1153 3 5 8
1154 2 6 8
1155 2 6 7
1156 1 7 9
1157 0 7 10
1158 -1 7 10
1159 -1 8 10
1160 -1 7 10
1161 -1 7 9
1162 -2 6 9
1163 -1 6 9
1164 -1 5 9
1165 -1 5 8
1166 -2 5 9
1167 -2 5 9
1168 -1 6 9
1169 -1 6 9
1170 -1 6 11
1171 -1 6 11
1172 -1 6 9
1173 -1 7 9
1174 -1 7 10
1175 0 6 11
1176 1 5 10
1177 1 5 9
1178 0 4 8
1179 -1 4 8
1180 -1 4 8
1181 -1 5 9
1182 -1 5 10
1183 -1 5 10
1184 -1 5 9
1185 -1 4 9
1186 -2 5 8
1187 -1 7 9
1188 0 8 11
1189 -2 9 11
1190 -3 10 11
1191 -3 10 11
1192 -2 9 10
1193 -2 8 7
1194 -2 7 6
1195 -2 6 6
1196 -2 5 5
1197 -3 5 5
1198 -3 5 5
1199 -3 5 5
1200 -3 5 5
1201 -3 5 6
1202 -3 5 7
1203 -4 7 7
1204 -5 11 8
1205 -4 12 12
1206 -1 13 13
1207 2 12 12
1208 2 9 11
1209 2 5 8
1210 1 1 6
1211 1 -2 4
1212 1 -2 4
1213 0 1 5
1214 -1 3 6
1215 -1 5 6
1216 0 7 6
1217 1 7 9
1218 1 6 10
1219 -1 4 10
1220 -1 4 9
1221 -1 4 9
1222 -1 3 9
1223 -2 3 9
1224 -2 3 9
1225 -2 4 11
1226 -2 3 11
1227 -3 2 11
1228 -2 3 11
1229 -2 4 12
1230 -3 3 12
1231 -4 2 13
1232 -2 3 13
1233 -1 4 13
1234 -2 2 13
1235 -2 2 13
1236 1 2 13
1237 2 1 12
1238 2 -1 11
1239 0 -2 10
1240 -2 -3 10
1241 -3 -2 10
1242 -5 0 11
1243 -7 2 11
1244 -6 3 10
1245 -4 5 9
1246 -3 6 8
1247 -4 5 7
1248 -5 3 6
1249 -6 2 5
1250 -6 -1 5
1251 -6 -1 6
1252 -7 -1 7
1253 -7 -2 9
1254 -8 -2 9
1255 -8 -2 8
1256 -7 -2 8
1257 -7 -2 9
1258 -8 -2 9
1259 -8 -3 6
1260 -6 -2 5
1261 -6 -2 6
1262 -6 -3 6
1263 -6 -4 6
1264 -6 -5 6
1265 -6 -5 6
1266 -5 -6 6
1267 -5 -6 8
1268 -5 -6 8
1269 -5 -6 8
1270 -4 -6 9
1271 -4 -6 9
1272 -4 -7 9
1273 -5 -7 10
1274 -3 -6 11
1275 -1 -6 10
1276 2 -5 10
1277 2 -5 11
1278 -1 -5 9
1279 -2 -6 7
1280 -1 -6 7
1281 1 -6 8
1282 2 -6 10
1283 2 -6 10
1284 1 -6 9
1285 1 -5 9
1286 1 -5 9
1287 1 -5 9
1288 0 -5 9
1289 0 -5 10
1290 -1 -5 10
1291 -1 -6 10
1292 -1 -6 9
1293 -1 -6 9
1294 -1 -6 10
1295 -1 -6 10
1296 -1 -6 10
1297 -1 -6 9
1298 -1 -6 9
1299 -2 -5 10
1300 -2 -5 9
1301 -2 -5 9
1302 -2 -5 9
1303 -2 -5 9
1304 -2 -6 9
1305 -2 -5 9
1306 -2 -5 9
1307 -1 -5 9
1308 -2 -5 10
1309 -2 -5 9
1310 -2 -5 9
1311 -2 -5 10
1312 -2 -5 10
1313 -1 -5 9
1314 -1 -5 9
1315 -1 -4 10
1316 -2 -4 10
1317 -3 -4 10
1318 -3 -5 9
1319 -2 -5 9
1320 -2 -5 9
1321 -2 -5 9
1322 -2 -5 9
1323 -2 -5 10
1324 -2 -5 10
1325 -2 -5 10
1326 -2 -5 10
1327 -2 -5 9
1328 -2 -5 9
1329 -2 -5 9
1330 -2 -5 9
1331 -3 -5 9
1332 -3 -5 9
1333 -3 -5 9
1334 -3 -5 9
1335 -3 -5 9
1336 -3 -5 10
1337 -3 -5 10
1338 -3 -4 9
1339 -3 -5 9
1340 -3 -5 9
1341 -2 -5 9
1342 -2 -5 9
1343 -2 -5 8
1344 -2 -5 8
1345 -3 -5 8
1346 -3 -6 8
1347 -3 -6 9
1348 -2 -6 9
1349 -2 -6 9
1350 -2 -6 8
1351 -2 -6 8
1352 -2 -6 7
1353 -2 -6 7
1354 -3 -6 8
1355 -4 -6 9
1356 -4 -5 9
1357 -4 -5 8
1358 -5 -5 8
1359 -4 -4 7
1360 -3 -3 7
1361 -2 -3 9
1362 -3 -2 11
1363 -4 -2 11
1364 -4 -1 11
1365 -4 1 12
1366 -4 3 13
1367 -5 4 14
1368 -6 4 13
1369 -6 4 12
1370 -5 5 12
1371 -5 5 11
1372 -6 5 11
1373 -6 4 10
1374 -5 5 9
1375 -5 5 9
1376 -4 4 8
1377 -4 3 8
1378 -4 3 10
1379 -4 4 10
1380 -3 5 10
1381 -5 4 11
1382 -6 3 11
1383 -6 2 9
1384 -6 1 6
1385 -5 1 5
1386 -5 -1 6
1387 -4 -1 5
1388 -3 0 4
1389 -2 1 6
1390 -2 0 8
1391 -2 -1 9
1392 1 -1 9
1393 2 1 10
1394 1 2 11
1395 -3 3 13
1396 -6 5 14
1397 -6 6 12
1398 -5 6 10
1399 -4 6 9
1400 -3 5 8
1401 -3 5 8
1402 -3 5 8
1403 -4 5 8
1404 -4 6 7
1405 -4 6 7
1406 -3 6 6
1407 -3 5 6
1408 -3 5 6
1409 -4 4 7
1410 -4 5 7
1411 -5 6 9
1412 -5 6 11
1413 -5 5 12
1414 -4 4 12
1415 -3 3 11
1416 -2 2 9
1417 -2 1 8
1418 -1 -1 8
1419 -1 -1 9
1420 1 -1 9
1421 1 1 9
1422 1 2 9
1423 -1 5 10
1424 -2 7 11
1425 -3 8 12
1426 -2 9 12
1427 -2 9 12
1428 -2 8 12
1429 -2 7 11
1430 -2 6 9
1431 -1 5 8
1432 -1 4 7
1433 -2 3 7
1434 -2 2 6
1435 -2 3 7
1436 -1 3 8
1437 -1 4 9
1438 -1 5 11
1439 -1 6 11
1440 -1 6 12
1441 -2 5 12
1442 -2 4 11
1443 -2 4 11
1444 -1 4 11
1445 -1 3 10
1446 -1 3 10
1447 -1 3 10
1448 -1 2 9
1449 -2 2 9
1450 -2 1 10
1451 -2 1 11
1452 -2 1 11
1453 -2 1 12
1454 -1 1 12
1455 -2 1 13
1456 -1 1 13
1457 -1 -1 12
1458 -1 -2 10
1459 -1 -2 10
1460 1 -1 9
1461 1 1 9
1462 1 1 9
1463 1 2 9
1464 2 2 9
1465 1 2 8
1466 1 1 8
1467 -1 -1 9
1468 -1 -1 9
1469 -1 0 9
1470 -1 -1 9
1471 -2 -1 10
1472 -2 -1 11
1473 -2 -1 10
1474 -2 -1 9
1475 -2 -2 10
1476 -2 -1 10
1477 -2 -1 10
1478 -1 -1 10
1479 1 0 9
1480 -1 -1 9
1481 -2 -2 9
1482 -2 -2 9
1483 -2 -2 9
1484 -2 -2 10
1485 -2 -3 11
1486 -2 -2 11
1487 -2 -2 11
1488 -2 -2 11
1489 -2 -2 11
1490 -1 -2 10
1491 -1 -2 10
1492 -2 -2 10
1493 -1 -2 10
1494 -2 -2 10
1495 -3 -3 10
1496 -3 -3 10
1497 -3 -3 10
1498 -4 -3 10
1499 -5 -3 11
1500 -5 -3 11
1501 -4 -3 11
1502 -4 -3 11
1503 -4 -3 12
1504 -3 -2 12
1505 -3 -3 11
1506 -3 -3 11
1507 -2 -3 11
1508 -2 -3 12
1509 -1 -3 11
1510 1 -2 11
1511 1 -3 11
1512 1 -3 11
1513 1 -3 11
1514 1 -3 10
1515 2 -3 9
1516 2 -3 9
1517 1 -4 8
1518 -1 -4 7
1519 -1 -5 6
1520 -1 -5 6
1521 -1 -5 6
1522 -2 -5 6
1523 -2 -5 5
1524 -3 -5 5
1525 -3 -5 5
1526 -3 -5 5
1527 -4 -5 5
1528 -5 -5 5
1529 -6 -5 5
1530 -6 -5 6
1531 -6 -5 6
1532 -7 -4 7
1533 -7 -5 8
1534 -8 -5 8
1535 -7 -4 8
1536 -7 -4 9
1537 -7 -4 10
1538 -7 -3 10
1539 -7 -3 10
1540 -6 -2 11
1541 -6 -2 10
1542 -6 -2 11
1543 -6 -2 12
1544 -5 -2 12
1545 -4 -1 12
1546 -2 -1 12
1547 -1 0 12
1548 -1 0 11
1549 -1 0 11
1550 -2 -1 9
1551 -3 -1 8
1552 -2 0 8
1553 -3 -1 8
1554 -4 -1 8
1555 -4 -1 9
1556 -5 -1 9
1557 -5 -1 9
1558 -5 -1 10
1559 -6 -1 10
1560 -5 -1 10
1561 -5 -1 10
1562 -5 -1 10
1563 -5 -1 10
1564 -5 -1 10
1565 -5 -1 10
1566 -5 -1 10
1567 -5 -1 10
1568 -5 -1 10
1569 -5 -1 10
1570 -5 -1 10
1571 -5 -1 10
1572 -5 -1 10
1573 -5 -1 9
1574 -4 -1 9
1575 -5 -1 9
1576 -5 -1 9
1577 -4 -1 9
1578 -4 0 9
1579 -4 1 10
1580 -4 1 10
1581 -4 2 10
1582 -3 4 10
1583 -2 5 8
1584 0 6 5
1585 -1 5 4
1586 -2 2 4
1587 -3 1 4
1588 -5 -1 4
1589 -5 -2 3
1590 -3 -1 2
1591 -2 1 3
1592 -4 1 5
1593 -3 2 6
1594 -1 6 8
1595 -1 7 11
1596 -5 4 13
1597 -7 3 12
1598 -6 3 12
1599 -6 4 11
1600 -6 4 9
1601 -5 5 9
1602 -3 6 11
1603 -2 6 11
1604 -4 6 9
1605 -4 6 8
1606 -4 6 9
1607 -5 5 11
1608 -6 4 12
1609 -8 3 13
1610 -8 2 13
1611 -7 2 13
1612 -8 2 13
1613 -9 3 12
1614 -8 4 12
1615 -8 5 13
1616 -8 6 13
1617 -7 5 12
1618 -7 4 12
1619 -7 3 11
1620 -6 2 8
1621 -6 1 8
1622 -6 -2 8
1623 -7 -3 7
1624 -6 -2 6
1625 -3 -1 6
1626 -2 -1 8
1627 -2 -3 8
1628 -2 -4 7
1629 -2 -5 8
1630 -3 -5 8
1631 -3 -6 7
1632 -3 -7 7
1633 -2 -6 8
1634 -3 -5 10
1635 -4 -6 10
1636 -3 -5 10
1637 -6 -5 11
1638 -7 -7 9
1639 -5 -6 7
1640 -4 -4 8
1641 -5 -5 10
1642 -6 -4 11
1643 -6 -3 9
1644 -5 -2 8
1645 -4 -2 7
1646 -4 -2 5
1647 -5 -3 4
1648 -5 -4 5
1649 -4 -5 4
1650 -4 -7 4
1651 -5 -9 5
1652 -7 -10 6
1653 -8 -10 8
1654 -8 -10 10
1655 -6 -9 10
1656 -3 -9 10
1657 -2 -9 10
1658 -2 -9 9
1659 -2 -9 9
1660 -3 -10 9
1661 -3 -10 9
1662 -3 -9 8
1663 -3 -9 7
1664 -1 -8 8
1665 -1 -7 6
1666 -1 -7 4
1667 -2 -7 3
1668 -5 -7 3
1669 -7 -8 1
1670 -7 -9 1
1671 -6 -9 1
1672 -6 -10 1
1673 -6 -9 1
1674 -5 -7 -1
1675 -6 -6 0
1676 -6 -7 -2
1677 -6 -7 -4
1678 -6 -7 -4
1679 -7 -7 -2
1680 -7 -6 -1
1681 -6 -5 -1
1682 -7 -5 -1
1683 -9 -6 -4
1684 -9 -7 -7
1685 -8 -6 -7
1686 -9 -6 -8
1687 -9 -7 -8
1688 -8 -8 -7
1689 -5 -10 -8
1690 -5 -10 -7
1691 -8 -7 -6
1692 -7 -5 -6
1693 -6 -5 -5
1694 -5 -5 -7
1695 -5 -6 -10
1696 -5 -6 -10
1697 -6 -5 -9
1698 -6 -4 -9
1699 -6 -2 -11
1700 -6 -2 -12
1701 -4 -2 -11
1702 -3 -2 -10
1703 -3 -3 -10
1704 -4 -3 -11
1705 -6 -4 -11
1706 -6 -4 -10
1707 -6 -3 -9
1708 -5 -3 -9
1709 -5 -3 -9
1710 -6 -3 -10
1711 -7 -4 -10
1712 -7 -4 -10
1713 -6 -4 -9
1714 -6 -4 -9
1715 -6 -4 -9
1716 -6 -4 -9
1717 -5 -3 -11
1718 -5 -2 -11
1719 -5 -2 -11
1720 -5 -3 -11
1721 -5 -2 -12
1722 -6 -3 -13
1723 -6 -4 -13
1724 -5 -4 -12
1725 -4 -3 -13
1726 -3 -4 -12
1727 -3 -4 -12
1728 -3 -3 -11
1729 -5 -4 -11
1730 -7 -5 -11
1731 -6 -4 -10
1732 -5 -4 -7
1733 -6 -5 -4
1734 -8 -6 0
1735 -10 -7 2
1736 -10 -6 2
1737 -8 -7 2
1738 -5 -8 3
1739 -3 -9 5
1740 -4 -9 5
1741 -5 -9 4
1742 -5 -7 6
1743 -5 -6 9
1744 -7 -6 8
1745 -9 -7 7
1746 -10 -7 5
1747 -9 -5 3
1748 -6 -3 3
1749 -5 -1 2
1750 -7 -1 1
1751 -9 -2 -2
1752 -10 -2 -2
1753 -8 2 -2
1754 -6 4 0
1755 -6 5 2
1756 -5 6 -1
1757 -4 7 -2
1758 -6 8 1
1759 -8 7 3
1760 -11 3 3
1761 -12 -1 5
1762 -8 1 12
1763 -3 5 14
1764 -6 7 12
1765 -9 7 8
1766 -10 6 9
1767 -10 6 11
1768 -11 6 12
1769 -12 4 12
1770 -12 4 12
1771 -10 6 13
1772 -4 8 14
1773 -5 6 13
1774 -7 4 12
1775 -6 5 12
1776 -4 4 12
1777 -5 2 11
1778 -5 -1 9
1779 -4 -1 9
1780 -3 1 9
1781 -2 1 8
1782 -1 0 6
1783 -1 0 6
1784 -1 -1 8
1785 -2 -1 9
1786 -2 -1 9
1787 -2 -2 10
1788 -2 -2 11
1789 -2 -2 11
1790 -4 -3 11
1791 -4 -4 11
1792 -3 -2 11
1793 -4 -3 12
1794 -4 -3 12
1795 -2 -2 12
1796 -1 -1 12
1797 -2 -2 11
1798 -1 -2 11
1799 -1 -1 10
1800 -1 -1 10
1801 -2 -2 9
1802 -2 -2 7
1803 -2 -2 6
1804 -3 -2 6
1805 -2 -2 6
1806 -2 -1 6
1807 -2 -1 7
1808 -2 -1 7
1809 -2 -2 8
1810 -3 -2 9
1811 -4 -3 9
1812 -2 -3 8
1813 -1 -3 9
1814 -2 -3 10
1815 -3 -4 9
1816 -3 -4 8
1817 -2 -3 8
1818 -2 -3 7
1819 -2 -4 7
1820 -2 -4 9
1821 -2 -4 10
1822 -2 -4 10
1823 -3 -4 11
1824 -3 -4 11
1825 -3 -4 10
1826 -2 -4 10
1827 -2 -4 9
1828 -2 -5 9
1829 -2 -4 10
1830 -2 -4 10
1831 -2 -4 10
1832 -2 -4 10
1833 -3 -5 9
1834 -3 -5 9
1835 -3 -5 10
1836 -3 -5 10
1837 -3 -5 9
1838 -2 -5 9
1839 -2 -5 9
1840 -3 -5 9
1841 -2 -5 9
1842 -3 -5 9
1843 -4 -5 8
1844 -5 -6 8
1845 -5 -6 9
1846 -5 -6 9
1847 -5 -5 9
1848 -5 -5 9
1849 -4 -5 10
1850 -3 -5 10
1851 -3 -5 10
1852 -3 -5 9
1853 -3 -5 9
1854 -2 -5 9
1855 -1 -5 9
1856 -1 -5 10
1857 -1 -5 10
1858 -1 -5 10
1859 1 -4 9
1860 2 -4 9
1861 2 -4 9
1862 3 -4 8
1863 3 -4 8
1864 2 -4 8
1865 2 -4 8
1866 3 -4 8
1867 3 -3 8
1868 1 -4 8
1869 1 -4 8
1870 1 -4 8
1871 1 -3 9
1872 -1 -4 9
1873 -2 -4 10
1874 -2 -3 10
1875 -2 -3 10
1876 -3 -3 10
1877 -3 -3 11
1878 -4 -3 11
1879 -4 -3 11
1880 -4 -3 11
1881 -6 -3 11
1882 -6 -3 11
1883 -6 -3 11
1884 -6 -3 11
1885 -6 -3 11
1886 -6 -2 11
1887 -5 -2 10
1888 -5 -2 9
1889 -5 -3 9
1890 -4 -2 10
1891 -4 -2 10
1892 -4 -2 10
1893 -3 -2 11
1894 -3 -2 11
1895 -2 -2 11
1896 -2 -2 11
1897 -1 -2 10
1898 1 -2 10
1899 3 -2 10
1900 3 -2 11
1901 3 -2 11
1902 3 -2 11
1903 2 -2 11
1904 2 -1 10
1905 2 0 9
1906 2 1 8
1907 2 4 7
1908 4 6 5
1909 4 7 4
1910 4 7 3
1911 4 8 2
1912 2 7 2
1913 -2 6 5
1914 -5 5 8
1915 -6 5 12
1916 -9 4 15
1917 -11 3 15
1918 -11 2 15
1919 -9 3 15
1920 -6 4 14
1921 -5 4 13
1922 -4 5 12
1923 -2 5 11
1924 0 6 11
1925 -1 5 10
1926 -2 5 10
1927 -2 5 10
1928 -1 6 9
1929 1 6 9
1930 2 6 9
1931 1 6 9
1932 1 6 9
1933 1 6 9
1934 1 6 9
1935 2 7 9
1936 2 7 9
1937 2 7 9
1938 1 6 9
1939 1 6 8
1940 0 6 9
1941 -1 7 9
1942 -1 7 9
1943 -1 7 9
1944 -1 7 9
1945 -1 6 9
1946 -2 6 8
1947 -3 6 6
1948 -3 6 6
1949 -2 7 7
1950 0 8 8
1951 1 8 7
1952 -1 8 7
1953 -1 7 6
1954 -1 8 6
1955 -1 9 7
1956 1 9 9
1957 1 9 10
1958 2 8 10
1959 2 7 10
1960 1 6 11
1961 1 6 10
1962 -1 5 9
1963 -1 5 8
1964 -1 5 8
1965 -1 5 9
1966 0 5 9
1967 -1 5 9
1968 -1 5 10
1969 -2 5 11
1970 -2 5 11
1971 -2 5 10
1972 -1 4 10
1973 -1 4 9
1974 -2 4 9
1975 -1 4 9
1976 0 5 9
1977 0 6 11
1978 -1 6 12
1979 -1 6 12
1980 -1 8 11
1981 -2 8 10
1982 -2 8 9
1983 -1 7 8
1984 1 6 7
1985 0 5 6
1986 0 5 6
1987 -1 5 6
1988 -1 5 7
1989 -1 5 8
1990 -2 6 11
1991 -2 7 12
1992 -1 7 12
1993 -2 7 12
1994 -3 6 11
1995 -4 6 10
1996 -4 7 8
1997 -3 8 10
1998 -1 9 12
1999 2 7 11
2000 1 5 8
2001 -2 5 6
2002 -2 6 8
2003 -2 6 10
2004 -4 6 11
2005 -5 5 10
2006 -5 4 8
2007 -4 4 8
2008 -4 3 7
2009 -3 3 7
2010 -2 3 7
2011 -2 3 7
2012 -2 3 8
2013 -2 2 8
2014 -2 2 8
2015 -2 2 8
2016 -2 2 9
2017 -1 2 8
2018 -1 2 8
2019 -1 2 8
2020 -1 3 8
2021 -2 3 8
2022 -2 3 8
2023 -2 4 9
2024 -2 4 10
2025 -2 4 11
2026 -2 4 10
2027 -4 4 10
2028 -5 4 10
2029 -4 5 10
2030 -4 5 11
2031 -3 6 11
2032 -2 6 11
2033 -3 6 11
2034 -3 5 11
2035 -4 5 10
2036 -3 4 9
2037 -3 4 9
2038 -1 2 7
2039 1 1 6
2040 2 -2 4
2041 3 -3 4
2042 2 -4 5
2043 -1 -5 7
2044 -2 -3 10
2045 -1 1 12
2046 1 4 13
2047 1 5 13
2048 0 4 13
2049 0 3 13
2050 1 2 12
2051 -1 2 11
2052 -1 1 10
2053 -2 1 11
2054 -2 1 12
2055 -2 2 12
2056 -1 2 11
2057 0 0 9
2058 1 -2 7
2059 3 -3 -1
2060 5 0 -11
2061 -5 -2 -10
2062 -12 -8 -4
2063 -3 -5 1
2064 7 5 7
2065 -2 7 15
2066 -12 4 16
2067 -12 5 16
2068 -6 11 16
2069 -11 10 16
2070 -12 5 14
2071 -7 4 10
2072 -3 4 5
2073 -1 3 4
2074 -2 2 4
2075 -4 1 4
2076 -4 2 7
2077 -3 4 10
2078 -4 5 11
2079 -6 5 9
2080 -7 5 11
2081 -5 7 12
2082 -4 9 13
2083 -4 8 13
2084 -6 5 13
2085 -6 4 11
2086 -4 3 10
2087 -4 2 10
2088 -3 1 11
2089 -2 -1 9
2090 -1 -1 8
2091 -2 -3 9
2092 -3 -3 11
2093 -1 -2 11
2094 -1 -2 11
2095 -3 -3 10
2096 -3 -2 10
2097 1 1 11
2098 1 1 11
2099 -2 1 10
2100 -1 1 9
2101 1 1 9
2102 1 1 9
2103 1 1 10
2104 1 1 10
2105 1 -1 9
2106 1 -1 7
2107 2 -1 8
2108 2 -1 9
2109 -1 -3 8
2110 -2 -4 8
2111 -1 -3 9
2112 -1 -3 9
2113 -1 -3 9
2114 -1 -3 8
2115 -1 -4 8
2116 -2 -4 8
2117 -2 -4 8
2118 -2 -4 9
2119 -2 -5 10
2120 -2 -4 10
2121 -2 -4 11
2122 -1 -4 11
2123 -1 -4 10
2124 -1 -4 10
2125 -2 -4 10
2126 -2 -5 10
2127 -2 -5 9
2128 -2 -4 8
2129 -2 -4 9
2130 -2 -4 9
2131 -2 -5 9
2132 -3 -5 9
2133 -2 -4 8
2134 -3 -5 8
2135 -3 -5 7
2136 -3 -5 7
2137 -3 -5 7
2138 -2 -4 8
2139 -2 -4 8
2140 -2 -4 8
2141 -2 -4 9
2142 -2 -4 9
2143 -2 -3 8
2144 -2 -3 8
2145 -2 -3 9
2146 -2 -3 9
2147 -1 -3 9
2148 -2 -3 11
2149 -2 -3 11
2150 -2 -3 12
2151 -2 -2 12
2152 -2 -2 13
2153 -2 -2 12
2154 -2 -2 12
2155 -2 -2 12
2156 -3 -2 12
2157 -3 -2 12
2158 -4 -3 12
2159 -5 -3 12
2160 -4 -2 11
2161 -3 -2 11
2162 -3 -2 11
2163 -3 -2 11
2164 -2 -2 11
2165 -2 -2 10
2166 -1 -3 9
2167 -2 -3 9
2168 -1 -3 8
2169 -1 -3 7
2170 1 -3 5
2171 0 -3 6
2172 0 -3 7
2173 1 -3 8
2174 2 -3 9
2175 2 -4 10
2176 1 -4 10
2177 1 -4 10
2178 1 -4 10
2179 1 -4 10
2180 1 -4 10
2181 1 -4 11
2182 1 -4 10
2183 -1 -4 10
2184 -2 -4 10
2185 -2 -4 10
2186 -3 -4 9
2187 -4 -5 10
2188 -5 -5 9
2189 -5 -4 9
2190 -6 -4 9
2191 -6 -5 8
2192 -6 -5 8
2193 -6 -5 8
2194 -5 -4 8
2195 -4 -4 8
2196 -3 -3 7
2197 -3 -3 7
2198 -4 -3 7
2199 -2 1 8
2200 2 3 6
2201 3 5 5
2202 3 6 4
2203 1 5 4
2204 -1 3 2
2205 -2 2 2
2206 -3 1 4
2207 -3 -1 4
2208 -2 2 6
2209 -6 2 12
2210 -6 3 15
2211 -2 6 16
2212 -2 5 16
2213 -4 3 16
2214 -4 3 15
2215 -3 3 14
2216 -3 3 13
2217 -2 3 13
2218 -1 4 12
2219 -1 4 11
2220 -2 4 11
2221 -1 4 11
2222 1 5 10
2223 1 5 10
2224 1 5 9
2225 1 5 9
2226 0 5 9
2227 0 5 9
2228 0 6 9
2229 1 6 9
2230 1 6 9
2231 1 6 9
2232 1 6 9
2233 1 6 9
2234 1 6 9
2235 1 5 9
2236 1 5 11
2237 1 4 12
2238 1 4 11
2239 -2 1 13
2240 -2 -2 15
2241 -5 -4 16
2242 -6 -6 15
2243 -6 -7 13
2244 -6 -8 13
2245 -7 -8 13
2246 -7 -8 12
2247 -7 -8 12
2248 -8 -7 13
2249 -7 -6 12
2250 -5 -6 11
2251 -4 -5 8
2252 -3 -4 4
2253 -2 -3 2
2254 -1 -2 -1
2255 2 -1 -3
2256 3 1 -5
2257 2 2 -7
2258 2 3 -8
2259 3 3 -8
2260 3 3 -8
2261 3 2 -7
2262 3 3 -7
2263 4 5 -7
2264 5 7 -7
2265 6 9 -9
2266 7 10 -10
2267 6 10 -9
2268 5 8 -8
2269 4 5 -7
2270 3 3 -7
2271 3 2 -7
2272 4 3 -7
2273 6 5 -8
2274 6 6 -7
2275 4 5 -5
2276 3 4 -6
2277 5 4 -7
2278 7 5 -8
2279 6 3 -10
2280 4 1 -10
2281 3 -3 -11
2282 -1 -5 -11
2283 -6 -9 -9
2284 -7 -11 -5
2285 -6 -11 1
2286 -8 -11 4
2287 -11 -12 6
2288 -9 -11 6
2289 -7 -10 9
2290 -7 -10 9
2291 -6 -8 8
2292 -6 -7 8
2293 -6 -6 9
2294 -4 -5 8
2295 -4 -4 8
2296 -4 -4 9
2297 -5 -4 9
2298 -4 -4 10
2299 -3 -4 11
2300 -4 -5 10
2301 -4 -6 10
2302 -3 -6 11
2303 -2 -5 11
2304 -2 -5 10
2305 -2 -5 10
2306 -2 -5 10
2307 -2 -5 9
2308 -1 -5 7
2309 -1 -4 6
2310 -1 -4 5
2311 -2 -5 6
2312 -2 -5 7
2313 -3 -6 7
2314 -2 -5 8
2315 -2 -6 8
2316 -2 -6 9
2317 -2 -6 10
2318 -2 -6 10
2319 -2 -5 10
2320 -1 -5 9
2321 -1 -5 8
2322 -2 -5 7
2323 -3 -5 6
2324 -2 -4 5
2325 -2 -4 5
2326 -2 -4 5
2327 -2 -4 6
2328 -2 -4 7
2329 -2 -4 8
2330 -2 -3 9
2331 -2 -3 10
2332 -2 -3 11
2333 -3 -3 12
2334 -4 -4 12
2335 -4 -4 13
2336 -4 -3 13
2337 -4 -3 13
2338 -4 -3 13
2339 -4 -3 13
2340 -3 -3 13
2341 -3 -3 12
2342 -3 -3 12
2343 -3 -3 11
2344 -3 -3 11
2345 -2 -3 10
2346 -2 -3 9
2347 -1 -3 7
2348 0 -3 6
2349 -1 -3 6
2350 0 -4 5
2351 -1 -4 5
2352 -2 -4 4
2353 -1 -4 3
2354 -1 -4 3
2355 -2 -4 4
2356 -3 -4 5
2357 -3 -4 6
2358 -3 -4 7
2359 -3 -4 7
2360 -3 -3 9
2361 -3 -3 10
2362 -3 -3 11
2363 -2 -3 11
2364 -2 -2 12
2365 -2 -2 12
2366 -2 -3 13
2367 -2 -3 13
2368 -2 -3 13
2369 -2 -3 13
2370 -3 -3 13
2371 -3 -3 13
2372 -3 -3 12
2373 -3 -3 12
2374 -3 -3 11
2375 -3 -3 11
2376 -3 -3 11
2377 -2 -3 11
2378 -2 -3 11
2379 -2 -3 10
2380 -2 -3 9
2381 -2 -3 7
2382 -1 -3 4
2383 0 -3 3
2384 -1 -4 2
2385 -2 -5 4
2386 -2 -4 6
2387 -1 -3 6
2388 -1 -2 5
2389 1 -1 5
2390 3 3 5
2391 4 5 4
2392 4 5 3
2393 3 5 2
2394 2 6 2
2395 2 6 2
2396 2 5 5
2397 -2 5 9
2398 -4 5 12
2399 -7 4 15
2400 -10 3 16
2401 -10 3 16
2402 -9 3 16
2403 -10 1 16
2404 -9 1 14
2405 -5 1 13
2406 -3 2 12
2407 -1 3 11
2408 -3 3 11
2409 -7 -2 11
2410 -7 -3 10
2411 -3 2 8
2412 1 4 10
2413 0 3 12
2414 -2 2 12
2415 -2 3 13
2416 1 3 13
2417 -1 2 13
2418 -1 2 12
2419 -2 1 12
2420 -3 1 12
2421 -3 1 12
2422 -2 1 11
