t x y z
0 -2 -3 6
1 -1 -3 6
2 -1 -3 6
3 -2 -5 7
4 -3 -5 7
5 -2 -4 7
6 -2 -4 8
7 -2 -4 9
8 -2 -5 10
9 -2 -4 10
10 -2 -4 10
11 -3 -4 10
12 -3 -4 10
13 -2 -4 10
14 -2 -4 10
15 -2 -3 11
16 -1 -3 10
17 1 -2 8
18 1 -2 7
19 -1 -3 7
20 -2 -3 7
21 -2 -3 6
22 -1 -2 7
23 -2 -2 7
24 -2 -1 6
25 -1 -1 7
26 -1 -1 9
27 -2 -1 10
28 -3 -1 8
29 -2 -1 8
30 -2 -1 10
31 -2 0 11
32 -2 1 10
33 -3 1 11
34 -3 1 12
35 -2 2 12
36 -2 3 12
37 -4 2 12
38 -3 3 12
39 -2 4 12
40 -2 4 12
41 -3 3 12
42 -2 3 12
43 0 4 12
44 -1 4 12
45 -1 3 12
46 -1 3 12
47 2 4 12
48 2 3 11
49 1 2 11
50 1 2 10
51 2 2 10
52 2 2 10
53 1 1 10
54 1 1 10
55 1 1 10
56 1 2 10
57 -1 2 10
58 -1 2 11
59 1 2 11
60 1 2 11
61 1 1 10
62 1 2 8
63 0 2 9
64 -1 2 10
65 -2 2 11
66 -2 2 10
67 -2 2 8
68 -2 3 8
69 -2 4 9
70 -3 4 9
71 -4 4 10
72 -4 5 10
73 -4 5 11
74 -5 6 11
75 -5 7 10
76 -4 6 10
77 -4 5 11
78 -3 5 11
79 -3 5 10
80 -3 4 9
81 -4 3 8
82 -4 2 7
83 -3 2 7
84 -3 2 7
85 -3 2 8
86 -4 3 8
87 -4 4 8
88 -4 4 9
89 -4 5 10
90 -4 5 11
91 -5 5 11
92 -6 6 11
93 -7 6 11
94 -7 4 11
95 -7 2 11
96 -6 2 11
97 -7 3 11
98 -8 3 10
99 -8 3 9
100 -7 3 8
101 -6 4 8
102 -5 5 8
103 -5 6 8
104 -5 6 7
105 -4 7 7
106 -4 7 8
107 -4 7 8
108 -5 7 8
109 -6 7 8
110 -6 6 8
111 -5 3 10
112 -5 2 10
113 -6 3 10
114 -6 4 8
115 -7 2 8
116 -7 1 8
117 -6 -1 7
118 -5 -1 7
119 -4 0 7
120 -4 -1 8
121 -5 -2 10
122 -4 -2 10
123 -4 -1 10
124 -5 -2 11
125 -6 -2 11
126 -7 -2 11
127 -7 -2 11
128 -8 -1 11
129 -9 -2 12
130 -8 -2 11
131 -5 1 9
132 -4 2 7
133 -4 2 8
134 -6 2 8
135 -7 1 9
136 -6 1 8
137 -5 1 8
138 -4 -1 8
139 -4 -1 8
140 -4 -1 7
141 -3 -2 7
142 -4 -3 8
143 -4 -3 7
144 -4 -4 8
145 -4 -4 8
146 -4 -4 9
147 -3 -4 10
148 -3 -4 11
149 -2 -3 11
150 -3 -3 11
151 -4 -3 11
152 -4 -2 11
153 -2 -1 10
154 -1 -1 10
155 -1 -1 10
156 -1 0 10
157 -2 -1 10
158 -2 -1 10
159 -2 -1 10
160 -2 -1 10
161 -2 -2 10
162 -1 -2 10
163 1 -3 10
164 2 -3 10
165 2 -4 9
166 2 -4 9
167 2 -5 9
168 3 -5 9
169 3 -4 10
170 3 -4 10
171 2 -3 9
172 2 -3 9
173 1 -2 11
174 -1 -2 11
175 1 -2 11
176 2 -1 9
177 4 -1 9
178 3 -1 11
179 2 -1 11
180 3 -1 10
181 2 -2 11
182 1 -2 11
183 1 -2 9
184 1 -2 8
185 1 -2 9
186 1 -3 11
187 2 -3 11
188 3 -2 10
189 5 -2 10
190 4 -2 10
191 2 -2 11
192 2 -1 11
193 3 0 11
194 2 0 10
195 1 1 10
196 1 2 11
197 2 3 11
198 3 3 11
199 3 3 11
200 2 2 10
201 1 1 9
202 -1 -1 9
203 -1 0 10
204 -1 1 11
205 -1 1 10
206 -1 1 11
207 -2 1 11
208 -1 1 10
209 -1 1 10
210 -3 -1 11
211 -2 -2 10
212 -1 -2 8
213 -1 -2 8
214 -1 -3 9
215 1 -2 9
216 1 -1 10
217 -1 -2 10
218 -3 -1 10
219 -2 -1 8
220 -2 2 8
221 -3 3 9
222 -4 4 9
223 -2 6 8
224 -2 6 9
225 -4 5 10
226 -4 5 10
227 -4 6 9
228 -5 7 8
229 -6 6 8
230 -7 7 7
231 -7 8 7
232 -8 8 9
233 -9 7 10
234 -8 7 10
235 -7 7 9
236 -7 7 8
237 -7 6 6
238 -6 6 5
239 -6 7 5
240 -6 7 4
241 -7 7 4
242 -8 7 4
243 -8 8 5
244 -7 9 5
245 -5 7 6
246 -5 6 7
247 -5 6 8
248 -6 6 7
249 -5 7 7
250 -5 6 7
251 -5 5 7
252 -5 5 6
253 -5 6 6
254 -5 6 6
255 -5 6 7
256 -5 7 7
257 -5 6 8
258 -6 5 8
259 -6 5 8
260 -6 5 8
261 -6 5 8
262 -5 5 9
263 -4 6 9
264 -4 5 9
265 -5 6 9
266 -6 6 10
267 -6 5 10
268 -5 5 9
269 -4 5 9
270 -5 5 9
271 -6 5 10
272 -4 6 11
273 -4 5 11
274 -6 4 10
275 -7 3 10
276 -6 3 10
277 -5 4 10
278 -6 3 11
279 -6 2 11
280 -5 2 10
281 -4 2 11
282 -4 2 11
283 -4 1 11
284 -4 1 11
285 -3 1 11
286 -3 0 11
287 -3 1 10
288 -2 1 8
289 1 0 8
290 -1 -1 8
291 -3 -2 8
292 -3 -1 7
293 -2 0 7
294 -2 -1 8
295 -2 -1 8
296 -2 -2 8
297 -2 -2 9
298 -2 -2 10
299 -2 -2 10
300 -2 -2 10
301 -2 -2 10
302 -3 -2 9
303 -3 -2 9
304 -2 -2 9
305 -2 -3 9
306 -3 -3 10
307 -2 -2 10
308 0 -1 9
309 -1 -2 10
310 -1 -2 11
311 1 -2 11
312 2 -1 11
313 1 -2 11
314 2 -1 12
315 1 -1 12
316 -2 -2 12
317 -3 -3 13
318 -3 -2 12
319 -4 -2 12
320 -5 -3 12
321 -6 -3 11
322 -6 -3 11
323 -6 -3 10
324 -7 -4 9
325 -6 -4 8
326 -6 -4 7
327 -6 -4 8
328 -5 -4 7
329 -4 -4 6
330 -4 -4 6
331 -3 -4 6
332 -2 -3 6
333 -1 -3 6
334 -1 -3 6
335 1 -4 6
336 2 -3 6
337 2 -3 5
338 2 -3 7
339 2 -3 7
340 4 -2 7
341 3 -2 8
342 2 -3 10
343 4 -2 9
344 4 -1 10
345 2 -2 11
346 2 -2 11
347 2 -1 11
348 2 -1 12
349 1 -1 12
350 2 -1 12
351 0 -1 12
352 -1 -1 12
353 -1 -1 12
354 -1 -1 12
355 -3 -1 12
356 -3 -1 12
357 -3 -1 11
358 -3 -2 10
359 -3 -2 10
360 -3 -2 10
361 -2 -1 9
362 -2 -1 10
363 -3 -2 11
364 -2 -1 10
365 -1 -1 10
366 -1 -1 10
367 -2 -2 10
368 -1 -1 10
369 1 -1 10
370 0 -1 10
371 -1 -1 11
372 -1 0 10
373 1 1 9
374 1 1 9
375 -1 2 8
376 1 2 7
377 1 2 5
378 -1 2 4
379 -2 2 6
380 -3 2 7
381 -4 2 7
382 -4 3 8
383 -4 3 10
384 -5 3 11
385 -5 3 11
386 -5 4 11
387 -6 4 11
388 -6 4 11
389 -6 4 11
390 -7 4 11
391 -7 4 11
392 -6 4 11
393 -6 5 11
394 -5 4 10
395 -6 4 11
396 -6 3 11
397 -5 4 10
398 -4 4 8
399 -3 4 8
400 -3 4 8
401 -3 4 7
402 -3 3 7
403 -2 3 6
404 -3 3 6
405 -3 3 6
406 -3 3 7
407 -2 3 6
408 -2 3 7
409 -1 3 7
410 -1 3 8
411 -3 3 8
412 -4 3 9
413 -4 3 10
414 -4 5 11
415 -4 5 11
416 -4 5 11
417 -4 6 11
418 -5 4 11
419 -5 3 11
420 -4 3 11
421 -5 4 11
422 -6 2 11
423 -5 2 11
424 -3 3 11
425 -5 2 11
426 -5 2 11
427 -3 3 11
428 -3 2 11
429 -5 1 11
430 -5 1 11
431 -4 2 10
432 -5 1 11
433 -5 1 12
434 -5 -1 10
435 -3 1 11
436 0 2 10
437 -3 -2 12
438 -4 -4 11
439 -1 -1 10
440 1 2 10
441 1 1 10
442 0 -1 10
443 0 -1 10
444 -1 -1 11
445 -2 0 11
446 -1 0 10
447 -1 -1 10
448 -2 -1 10
449 -2 -1 11
450 -1 -1 11
451 -1 -1 12
452 0 -2 12
453 0 -1 13
454 -1 0 13
455 -1 0 13
456 -2 0 13
457 -2 1 12
458 -1 2 11
459 -1 2 11
460 -1 2 11
461 -1 2 11
462 -1 1 10
463 -2 1 11
464 -2 0 11
465 -1 -1 11
466 -1 1 11
467 -2 1 11
468 -2 -1 11
469 -2 -1 11
470 -2 1 11
471 -1 1 9
472 -1 0 9
473 -2 -1 10
474 -3 -1 11
475 -2 -2 11
476 -2 -2 11
477 -2 -2 12
478 -2 -3 11
479 -1 -3 11
480 -1 -3 10
481 -1 -3 10
482 -2 -3 10
483 -2 -2 9
484 -1 -2 8
485 -1 -2 9
486 0 -2 11
487 2 0 11
488 2 1 11
489 1 1 11
490 1 0 10
491 2 0 9
492 1 -1 9
493 0 -1 8
494 0 -1 8
495 -1 -2 8
496 -1 -2 7
497 0 -2 7
498 -1 -2 7
499 -2 -3 7
500 -2 -3 7
501 -2 -3 6
502 -1 -3 7
503 -2 -4 8
504 -1 -3 8
505 0 -3 9
506 -1 -4 9
507 -2 -4 9
508 -1 -4 9
509 0 -4 10
510 1 -4 10
511 2 -3 11
512 4 -2 11
513 5 -2 11
514 3 -3 11
515 3 -3 11
516 3 -3 11
517 2 -3 10
518 0 -4 10
519 -1 -3 9
520 -1 -4 10
521 -2 -4 10
522 -3 -4 10
523 -3 -4 9
524 -4 -4 9
525 -5 -5 8
526 -5 -5 8
527 -6 -5 8
528 -6 -5 8
529 -5 -4 8
530 -5 -4 8
531 -5 -4 8
532 -4 -4 8
533 -2 -3 8
534 -2 -3 9
535 -2 -3 9
536 -1 -2 10
537 -2 -3 11
538 -2 -3 11
539 -1 -3 11
540 -1 -2 11
541 1 -2 11
542 1 -2 12
543 2 -2 11
544 2 -2 12
545 3 -1 12
546 3 -1 11
547 2 -2 11
548 3 -1 11
549 4 -1 11
550 3 -1 11
551 2 -2 11
552 3 -1 11
553 2 -1 11
554 1 -2 11
555 1 -2 11
556 0 -1 11
557 -2 -2 10
558 -3 -2 11
559 -3 -2 11
560 -2 -2 10
561 -4 -3 10
562 -4 -3 10
563 -3 -2 10
564 -3 -3 10
565 -4 -3 9
566 -4 -4 9
567 -3 -3 9
568 -2 -3 10
569 -2 -3 10
570 -2 -2 10
571 -2 -2 9
572 -1 -2 9
573 -1 -2 9
574 -1 -2 10
575 -1 -2 9
576 1 -1 9
577 -1 -1 9
578 -2 -1 8
579 1 1 7
580 1 1 7
581 -1 0 8
582 -2 -1 8
583 -1 1 8
584 -1 1 9
585 -1 1 8
586 -1 1 8
587 -2 1 10
588 -3 0 11
589 -3 1 10
590 -4 1 11
591 -5 0 12
592 -4 1 11
593 -4 2 11
594 -5 1 12
595 -5 1 12
596 -3 2 12
597 -3 3 11
598 -3 3 11
599 -4 2 11
600 -4 3 11
601 -5 3 11
602 -5 2 11
603 -5 2 11
604 -5 2 11
605 -5 3 10
606 -5 3 9
607 -6 4 8
608 -6 4 8
609 -6 4 8
610 -6 4 8
611 -6 4 8
612 -6 4 8
613 -6 4 8
614 -6 4 8
615 -6 4 8
616 -6 5 8
617 -6 4 8
618 -6 4 8
619 -6 4 8
620 -6 4 8
621 -6 4 8
622 -6 4 8
623 -5 4 9
624 -5 4 9
625 -5 3 8
626 -5 3 8
627 -5 3 8
628 -4 4 9
629 -5 4 9
630 -5 4 10
631 -5 5 9
632 -5 6 9
633 -6 5 9
634 -6 5 9
635 -5 6 8
636 -5 5 7
637 -5 5 6
638 -5 5 7
639 -4 5 7
640 -2 5 8
641 -2 6 8
642 -2 6 9
643 -2 6 9
644 -2 7 9
645 -2 7 9
646 -3 7 10
647 -4 7 10
648 -4 6 10
649 -4 6 10
650 -4 6 10
651 -4 6 9
652 -3 6 8
653 -2 7 8
654 -2 6 8
655 -4 6 7
656 -4 6 7
657 -4 6 7
658 -6 5 9
659 -9 2 11
660 -7 4 10
661 -3 6 9
662 0 8 10
663 1 8 8
664 -1 7 7
665 -1 7 7
666 -2 7 7
667 -2 7 7
668 -2 7 7
669 -3 7 7
670 -3 7 8
671 -3 7 8
672 -2 8 8
673 -2 8 8
674 -3 8 7
675 -3 7 8
676 -4 7 9
677 -5 6 10
678 -5 6 9
679 -4 6 9
680 -3 6 9
681 -3 6 8
682 -4 6 9
683 -4 7 9
684 -4 7 9
685 -4 6 9
686 -4 5 8
687 -4 5 7
688 -3 5 7
689 -3 6 9
690 -3 7 11
691 -4 6 11
692 -6 4 11
693 -6 4 10
694 -4 4 11
695 -4 4 11
696 -4 4 11
697 -4 4 11
698 -4 4 11
699 -4 4 11
700 -4 5 11
701 -4 5 11
702 -4 5 11
703 -4 5 11
704 -3 5 10
705 -3 5 8
706 -3 4 8
707 -3 4 9
708 -3 3 8
709 -3 3 8
710 -3 3 7
711 -2 3 8
712 -2 2 8
713 -3 2 8
714 -2 1 8
715 -2 1 8
716 -1 1 8
717 -2 -1 9
718 -2 -1 9
719 -1 -1 9
720 -1 -1 8
721 -2 -2 9
722 -3 -2 10
723 -2 -2 11
724 -2 -1 11
725 -2 -1 11
726 -3 -2 12
727 -4 -2 13
728 -4 -2 13
729 -3 -2 13
730 -4 -2 13
731 -4 -2 12
732 -3 -2 12
733 -2 -2 11
734 -2 -2 11
735 -1 -1 9
736 1 -1 8
737 -1 -2 8
738 -1 -2 7
739 -1 -2 6
740 -1 -2 6
741 -2 -3 5
742 -2 -3 4
743 -1 -3 3
744 -2 -4 3
745 -3 -4 3
746 -2 -4 3
747 -2 -3 5
748 -2 -3 6
749 -2 -3 6
750 -2 -3 8
751 -2 -2 9
752 -2 -2 9
753 -2 -2 11
754 -3 -2 11
755 -3 -2 10
756 -2 -1 12
757 -2 -2 13
758 -3 -2 13
759 -1 -1 13
760 1 -1 13
761 1 -1 13
762 2 -1 12
763 4 1 12
764 3 -1 12
765 3 -1 12
766 4 1 11
767 4 1 11
768 2 0 11
769 2 1 11
770 1 1 10
771 -2 -1 10
772 -2 -1 10
773 -2 -1 10
774 -3 -1 10
775 -5 -2 10
776 -5 -2 9
777 -4 -2 9
778 -4 -2 10
779 -5 -2 10
780 -3 -2 10
781 -2 -1 10
782 -2 -1 10
783 -3 -2 10
784 -2 -1 10
785 -1 -1 10
786 -1 -1 10
787 -1 -1 10
788 -1 1 9
789 1 1 8
790 1 1 8
791 -1 1 8
792 -1 1 8
793 0 2 7
794 1 2 8
795 -1 1 8
796 -2 0 7
797 -2 1 8
798 -3 -1 10
799 -3 -1 9
800 -2 1 10
801 -3 1 11
802 -3 1 11
803 -3 1 11
804 -4 1 12
805 -4 2 12
806 -4 2 12
807 -6 1 14
808 -8 -2 15
809 -9 -2 15
810 -9 -2 16
811 -10 -2 16
812 -11 -3 16
813 -11 -5 16
814 -11 -5 16
815 -10 -5 15
816 -10 -6 14
817 -8 -5 13
818 -5 -4 11
819 -3 -5 8
820 -3 -5 7
821 -1 -5 4
822 0 -5 -1
823 -1 -5 -3
824 -1 -5 -2
825 1 -3 -3
826 3 -3 -5
827 2 -3 -6
828 1 -3 -5
829 0 -4 -4
830 -1 -5 -4
831 1 -5 -4
832 2 -4 -4
833 -1 -5 -5
834 2 -5 -5
835 7 -3 -3
836 9 -3 -1
837 8 -3 -3
838 6 -4 -4
839 6 -4 -4
840 7 -5 -3
841 6 -4 -3
842 6 -3 -2
843 6 -1 -2
844 4 1 -3
845 1 -1 -4
846 1 -1 -3
847 3 1 -5
848 4 2 -6
849 4 1 -6
850 4 -1 -5
851 5 -1 -6
852 6 -2 -7
853 5 -4 -7
854 2 -5 -6
855 1 -4 -9
856 0 -3 -7
857 -6 -5 -1
858 -5 -6 3
859 1 -5 4
860 -4 -6 5
861 -8 -8 6
862 -6 -7 7
863 -7 -6 7
864 -11 -7 6
865 -11 -8 9
866 -10 -5 10
867 -12 -5 9
868 -15 -7 11
869 -13 -6 11
870 -14 -6 11
871 -15 -7 12
872 -13 -6 12
873 -12 -5 12
874 -11 -4 11
875 -8 1 12
876 -7 2 12
877 -9 1 12
878 -11 -2 12
879 -10 1 10
880 -4 2 9
881 -2 1 11
882 -4 -1 10
883 -5 0 9
884 -4 -1 10
885 -4 -1 10
886 -4 -1 10
887 -4 0 10
888 -5 -1 10
889 -4 -1 10
890 -4 1 11
891 -4 1 11
892 -4 -1 12
893 -5 -3 13
894 -4 -3 14
895 -3 -1 15
896 -4 0 14
897 -5 1 13
898 -5 1 12
899 -6 1 11
900 -6 2 9
901 -6 2 9
902 -6 1 11
903 -5 -1 10
904 -5 -2 11
905 -4 -2 11
906 -3 -2 11
907 -3 -2 11
908 -2 -2 10
909 -2 -2 10
910 -3 -3 10
911 -3 -3 9
912 -2 -3 8
913 -3 -3 9
914 -3 -3 10
915 -1 -2 8
916 2 -2 7
917 1 -2 10
918 -1 -2 11
919 2 -1 7
920 2 -1 5
921 -1 -3 7
922 -2 -4 9
923 2 -2 6
924 2 -2 5
925 -2 -3 9
926 -1 -1 10
927 1 -1 8
928 -2 -1 8
929 -2 -1 9
930 -2 -1 8
931 -3 -1 8
932 -2 0 9
933 -2 1 11
934 -2 1 10
935 -1 1 9
936 -1 1 10
937 -1 1 11
938 -2 -1 10
939 -1 -1 9
940 -1 -1 10
941 -1 -1 10
942 -1 -1 10
943 0 0 11
944 -1 -1 11
945 -1 -1 12
946 0 -2 13
947 -1 -3 13
948 -2 -3 14
949 -1 -2 13
950 -1 -2 13
951 -2 -2 13
952 -1 -1 12
953 -1 -1 11
954 -1 -2 11
955 -1 -2 10
956 -1 -1 7
957 -1 -2 7
958 -2 -3 7
959 -1 -2 6
960 -1 -3 4
961 -2 -4 4
962 -2 -4 3
963 -1 -4 2
964 -1 -4 2
965 -1 -4 3
966 -1 -4 3
967 -1 -4 3
968 -2 -4 4
969 -1 -3 5
970 -1 -3 7
971 -2 -3 9
972 -2 -2 9
973 -1 -2 10
974 -1 -2 11
975 -1 -1 12
976 -1 -1 12
977 -2 -1 13
978 -2 -1 14
979 -2 -1 13
980 -2 -1 13
981 -2 -2 14
982 -2 -2 14
983 -2 -2 14
984 -2 -2 14
985 -2 -1 14
986 -1 -1 14
987 -1 1 13
988 -1 0 12
989 -1 -1 11
990 -1 -1 11
991 1 -1 10
992 1 -1 9
993 0 -1 9
994 0 -2 8
995 0 -2 7
996 -1 -3 7
997 -1 -3 6
998 0 -3 5
999 -1 -4 4
1000 -1 -4 4
1001 0 -4 3
1002 0 -4 4
1003 0 -5 4
1004 -1 -5 4
1005 -1 -5 4
1006 -1 -4 5
1007 -1 -4 5
1008 -1 -4 6
1009 -2 -4 8
1010 -1 -3 10
1011 -1 -3 10
1012 -2 -3 10
1013 -2 -3 10
1014 -3 -3 10
1015 -2 -2 11
1016 -2 -2 12
1017 -3 -3 12
1018 -3 -2 12
1019 -2 -1 11
1020 -2 -2 12
1021 -3 -2 13
1022 -3 -2 12
1023 -3 -2 12
1024 -3 -2 12
1025 -2 -1 12
1026 -2 -1 11
1027 -2 -1 11
1028 -2 -1 11
1029 -2 -1 10
1030 -1 -1 10
1031 -1 -1 10
1032 -2 -1 10
1033 -2 -1 10
1034 -1 -1 10
1035 -2 -1 10
1036 -2 -1 10
1037 -2 -1 10
1038 -2 -1 10
1039 -2 0 10
1040 -2 -1 9
1041 -2 -1 10
1042 -3 -1 10
1043 -2 -1 10
1044 -2 0 10
1045 -2 -1 11
1046 -2 -1 11
1047 -2 -1 11
1048 -2 0 10
1049 -1 1 10
1050 -1 1 9
1051 0 1 9
1052 -1 1 9
1053 -1 1 9
1054 -1 1 9
1055 1 2 9
1056 0 2 9
1057 -1 2 8
1058 -1 1 8
1059 -1 1 9
1060 -1 1 10
1061 -1 1 10
1062 -3 -1 10
1063 -3 -1 10
1064 -2 1 10
1065 -1 1 11
1066 -2 1 11
1067 -2 1 12
1068 -1 2 12
1069 -1 1 12
1070 -2 0 12
1071 -2 -1 13
1072 -2 -1 12
1073 -2 -2 11
1074 -2 -2 10
1075 -1 -1 11
1076 1 1 11
1077 0 1 9
1078 -1 1 8
1079 -2 1 8
1080 -2 2 8
1081 -3 2 8
1082 -4 3 9
1083 -4 4 10
1084 -5 4 11
1085 -5 3 11
1086 -5 3 11
1087 -5 3 10
1088 -4 4 10
1089 -4 5 10
1090 -5 5 10
1091 -4 5 10
1092 -4 5 10
1093 -3 6 10
1094 -3 6 10
1095 -3 7 8
1096 -3 7 7
1097 -4 7 6
1098 -4 7 6
1099 -4 7 6
1100 -4 7 6
1101 -5 7 7
1102 -4 7 8
1103 -3 7 8
1104 -3 8 8
1105 -3 7 9
1106 -4 6 9
1107 -3 7 9
1108 -4 6 10
1109 -6 4 10
1110 -6 2 9
1111 -5 4 9
1112 -4 4 9
1113 -5 3 8
1114 -6 3 7
1115 -6 3 6
1116 -6 4 3
1117 -5 5 2
1118 -5 5 4
1119 -5 4 6
1120 -5 5 6
1121 -5 5 7
1122 -5 5 9
1123 -6 6 10
1124 -6 6 9
1125 -5 6 9
1126 -5 6 9
1127 -5 6 9
1128 -4 6 7
1129 -5 6 7
1130 -5 5 8
1131 -4 5 9
1132 -3 4 10
1133 -2 4 10
1134 -1 4 10
1135 -1 5 11
1136 -1 5 12
1137 -1 5 12
1138 -2 6 12
1139 -2 5 13
1140 -3 5 13
1141 -3 5 12
1142 -3 4 12
1143 -4 3 11
1144 -3 3 8
1145 -2 2 10
1146 -3 1 11
1147 -4 1 10
1148 -4 2 8
1149 -5 1 7
1150 -5 -1 7
1151 -4 -1 7
1152 -3 -1 8
1153 -3 -1 9
1154 -3 -2 10
1155 -2 -1 10
1156 -1 1 11
1157 -3 -1 11
1158 -3 -2 10
1159 -2 -1 8
1160 -2 -2 9
1161 -2 -3 10
1162 -2 -3 10
1163 -1 -3 10
1164 1 -2 10
1165 1 -2 11
1166 0 -2 11
1167 -1 -2 11
1168 1 -2 11
1169 1 -2 10
1170 1 -3 10
1171 1 -3 9
1172 1 -3 9
1173 2 -2 10
1174 2 -3 10
1175 2 -3 10
1176 2 -3 10
1177 2 -3 10
1178 2 -3 10
1179 3 -2 10
1180 3 -1 10
1181 4 -1 11
1182 3 -1 11
1183 3 -1 11
1184 3 -1 11
1185 3 -2 11
1186 2 -2 11
1187 2 -2 11
1188 2 -2 11
1189 2 -2 10
1190 2 -2 10
1191 1 -2 11
1192 2 -2 10
1193 1 -1 10
1194 1 -2 10
1195 -1 -2 10
1196 1 -2 9
1197 1 -2 9
1198 1 -2 10
1199 1 -3 10
1200 2 -3 10
1201 2 -3 10
1202 2 -3 10
1203 1 -3 10
1204 2 -3 10
1205 2 -3 10
1206 2 -2 11
1207 2 -2 11
1208 1 -2 11
1209 1 -3 10
1210 2 -2 10
1211 2 -2 10
1212 2 -2 10
1213 2 -2 10
1214 2 -2 10
1215 2 -2 10
1216 2 -2 10
1217 2 -2 10
1218 2 -2 10
1219 2 -2 10
1220 2 -2 10
1221 3 -2 10
1222 3 -2 10
1223 3 -2 10
1224 2 -2 10
1225 3 -2 10
1226 2 -2 10
1227 2 -3 10
1228 2 -3 10
1229 2 -3 10
1230 3 -3 10
1231 3 -3 10
1232 3 -3 10
1233 3 -3 10
1234 3 -3 10
1235 4 -2 10
1236 4 -2 9
1237 4 -2 10
1238 4 -3 10
1239 4 -3 10
1240 4 -2 10
1241 4 -1 10
1242 4 -2 10
1243 3 -2 10
1244 3 -2 9
1245 3 -2 9
1246 4 -1 9
1247 4 -1 9
1248 4 -1 9
1249 4 -1 9
1250 4 -1 10
1251 4 -2 10
1252 4 -2 10
1253 4 -2 10
1254 5 -2 10
1255 6 -1 10
1256 6 -1 9
1257 6 -1 9
1258 5 -1 10
1259 6 0 11
1260 5 1 11
1261 5 1 11
1262 5 2 12
1263 4 2 11
1264 3 2 11
1265 3 2 12
1266 3 2 11
1267 3 2 11
1268 2 2 10
1269 2 2 10
1270 2 2 11
1271 3 2 11
1272 1 1 10
1273 0 1 9
1274 1 1 11
1275 1 0 11
1276 2 1 8
1277 1 0 9
1278 -1 -1 11
1279 -1 -1 11
1280 0 0 9
1281 0 1 8
1282 -1 1 10
1283 -1 1 10
1284 0 1 9
1285 0 1 10
1286 -1 2 11
1287 -1 2 11
1288 -1 3 11
1289 1 4 12
1290 -1 3 12
1291 -2 3 12
1292 -1 2 12
1293 -2 1 12
1294 -1 -1 11
1295 2 -1 11
1296 3 -1 11
1297 2 -1 11
1298 3 0 12
1299 3 1 11
1300 3 1 11
1301 2 1 11
1302 2 1 11
1303 2 2 10
1304 1 1 8
1305 1 1 9
1306 1 2 9
1307 1 2 8
1308 1 2 8
1309 2 2 7
1310 2 1 8
1311 -1 -1 10
1312 -2 -1 10
1313 1 1 9
1314 1 0 8
1315 -2 -2 8
1316 -2 -2 8
1317 -1 -2 7
1318 -2 -2 8
1319 -4 -3 9
1320 -3 -2 9
1321 -4 -3 9
1322 -4 -3 11
1323 -4 -3 12
1324 -3 -3 13
1325 -2 -3 13
1326 -2 -3 13
1327 -1 -3 13
1328 2 -2 13
1329 3 -2 12
1330 3 -2 12
1331 3 -1 12
1332 4 -1 11
1333 3 -2 11
1334 2 -2 10
1335 3 -2 8
1336 3 -2 8
1337 2 -3 8
1338 1 -3 6
1339 2 -3 5
1340 1 -4 5
1341 0 -4 5
1342 1 -4 4
1343 -1 -4 5
1344 -2 -5 5
1345 -2 -5 5
1346 -2 -5 5
1347 -3 -5 5
1348 -3 -5 6
1349 -4 -5 7
1350 -5 -5 9
1351 -4 -4 8
1352 -4 -4 7
1353 -6 -4 9
1354 -6 -4 10
1355 -4 -3 10
1356 -4 -3 12
1357 -5 -4 12
1358 -4 -3 11
1359 -3 -3 12
1360 -3 -3 12
1361 -3 -3 11
1362 -2 -2 11
1363 0 -1 12
1364 1 -1 12
1365 1 -1 12
1366 2 -1 11
1367 2 0 11
1368 2 -1 11
1369 2 -1 11
1370 2 -1 10
1371 1 -2 9
1372 -1 -2 9
1373 -1 -2 10
1374 -1 -2 9
1375 -1 -1 10
1376 -1 -1 10
1377 -1 -1 9
1378 -2 -1 10
1379 -2 -1 10
1380 -1 -1 10
1381 -1 -1 10
1382 -2 -1 11
1383 -2 -1 10
1384 -1 1 9
1385 -1 1 9
1386 -1 1 8
1387 -1 2 7
1388 -1 2 6
1389 -1 2 6
1390 -1 2 7
1391 -1 2 9
1392 -2 3 10
1393 -2 3 11
1394 -2 3 11
1395 -3 4 10
1396 -3 4 10
1397 -3 4 11
1398 -4 4 12
1399 -4 4 12
1400 -5 4 12
1401 -5 4 12
1402 -4 4 12
1403 -3 4 11
1404 -3 4 11
1405 -4 5 11
1406 -4 5 11
1407 -5 5 10
1408 -5 5 8
1409 -4 6 8
1410 -4 6 8
1411 -5 6 8
1412 -5 6 7
1413 -4 6 7
1414 -4 6 9
1415 -5 5 10
1416 -5 4 9
1417 -5 4 9
1418 -5 4 10
1419 -4 4 10
1420 -4 4 10
1421 -3 3 10
1422 -2 3 10
1423 -1 4 10
1424 1 3 10
1425 1 2 10
1426 1 2 10
1427 2 2 10
1428 1 1 9
1429 1 0 9
1430 1 0 9
1431 0 1 8
1432 -1 3 8
1433 -1 4 8
1434 -2 4 10
1435 -2 3 10
1436 -2 3 10
1437 -2 3 10
1438 -3 3 10
1439 -3 4 9
1440 -4 5 10
1441 -5 5 10
1442 -5 5 10
1443 -5 6 9
1444 -4 6 8
1445 -3 6 8
1446 -4 6 7
1447 -4 5 7
1448 -4 3 6
1449 -4 2 6
1450 -4 2 5
1451 -5 2 6
1452 -6 2 6
1453 -7 3 7
1454 -7 2 7
1455 -6 3 9
1456 -4 4 11
1457 -5 3 11
1458 -6 3 11
1459 -5 4 11
1460 -5 5 11
1461 -6 5 12
1462 -6 6 11
1463 -7 5 12
1464 -10 2 13
1465 -11 -2 13
1466 -9 -2 13
1467 -3 1 13
1468 -3 2 14
1469 -6 1 14
1470 -5 3 11
1471 -3 6 11
1472 -4 5 12
1473 -8 2 12
1474 -8 0 10
1475 -6 1 7
1476 -6 2 4
1477 -7 4 4
1478 -3 3 1
1479 1 -1 -1
1480 -3 -5 3
1481 -5 -7 2
1482 -5 -7 2
1483 -4 -7 3
1484 -2 -7 4
1485 -1 -7 3
1486 -1 -8 0
1487 1 -8 -1
1488 1 -8 1
1489 1 -6 2
1490 2 -5 3
1491 2 -4 3
1492 0 -6 3
1493 -1 -10 -1
1494 -5 -11 -4
1495 -11 -12 3
1496 -12 -14 4
1497 -10 -13 -2
1498 -5 -12 -4
1499 1 -11 -1
1500 3 -10 5
1501 3 -9 7
1502 -1 -9 7
1503 -4 -11 9
1504 -3 -10 9
1505 2 -9 10
1506 3 -8 11
1507 -3 -11 10
1508 -4 -10 11
1509 -2 -8 10
1510 -1 -6 8
1511 -1 -6 10
1512 -3 -7 11
1513 -5 -8 11
1514 -4 -7 9
1515 -1 -5 8
1516 -1 -5 7
1517 -2 -6 7
1518 -3 -7 9
1519 -2 -6 9
1520 -1 -6 8
1521 1 -7 9
1522 1 -7 10
1523 1 -7 10
1524 1 -7 8
1525 0 -7 8
1526 1 -7 8
1527 1 -7 9
1528 1 -7 9
1529 0 -6 9
1530 -1 -6 9
1531 -1 -7 8
1532 -2 -6 9
1533 -4 -6 10
1534 -6 -7 11
1535 -7 -7 10
1536 -7 -7 9
1537 -6 -6 8
1538 -7 -7 8
1539 -9 -8 8
1540 -9 -8 7
1541 -6 -7 6
1542 -5 -7 6
1543 -6 -8 5
1544 -7 -8 4
1545 -8 -7 7
1546 -10 -4 8
1547 -10 -2 5
1548 -7 -2 3
1549 -5 -3 2
1550 -5 -5 -2
1551 -8 -6 -2
1552 -9 -6 -3
1553 -8 -6 -2
1554 -9 -6 1
1555 -10 -6 2
1556 -10 -6 3
1557 -10 -6 3
1558 -10 -6 1
1559 -10 -6 -2
1560 -12 -7 -2
1561 -13 -7 2
1562 -12 -4 3
1563 -9 -2 3
1564 -7 -1 3
1565 -7 -2 3
1566 -6 -2 2
1567 -4 -4 3
1568 -6 -6 4
1569 -11 -6 2
1570 -11 -6 1
1571 -9 -5 2
1572 -8 -5 2
1573 -10 -5 1
1574 -9 -5 1
1575 -9 -4 2
1576 -9 -4 2
1577 -8 -5 2
1578 -7 -5 -2
1579 -11 -7 -4
1580 -12 -7 -4
1581 -10 -5 -2
1582 -7 -2 -2
1583 -8 1 -3
1584 -11 5 -2
1585 -13 10 -3
1586 -10 11 -5
1587 -5 10 -3
1588 -7 4 -1
1589 -11 1 -2
1590 -12 -2 -3
1591 -11 -2 -3
1592 -11 -1 -3
1593 -12 0 -4
1594 -12 1 -3
1595 -11 1 -3
1596 -8 2 -3
1597 -8 2 -5
1598 -5 2 -7
1599 -4 2 -5
1600 -6 1 -2
1601 -7 0 -2
1602 -7 1 -3
1603 -8 2 -5
1604 -11 1 -3
1605 -12 1 2
1606 -11 1 2
1607 -11 2 1
1608 -12 2 2
1609 -12 2 3
1610 -12 2 1
1611 -12 3 -1
1612 -12 3 -1
1613 -12 3 1
1614 -13 3 4
1615 -13 3 4
1616 -12 4 3
1617 -12 4 4
1618 -11 4 6
1619 -9 4 6
1620 -7 3 5
1621 -8 1 6
1622 -8 -1 7
1623 -6 0 6
1624 -5 -1 6
1625 -7 -2 8
1626 -7 -2 8
1627 -5 -1 7
1628 -6 -1 9
1629 -6 -1 9
1630 -5 -1 9
1631 -5 0 9
1632 -6 1 9
1633 -4 1 8
1634 -5 1 8
1635 -6 1 8
1636 -5 1 7
1637 -4 1 6
1638 -5 1 6
1639 -5 1 7
1640 -4 2 7
1641 -4 3 9
1642 -5 3 11
1643 -4 3 11
1644 -2 3 10
1645 -2 3 10
1646 -3 3 10
1647 -2 3 10
1648 -2 2 9
1649 -2 2 9
1650 -2 2 9
1651 -2 3 9
1652 -1 3 9
1653 -2 2 11
1654 -2 1 11
1655 -1 2 11
1656 1 3 12
1657 -1 3 12
1658 -1 2 12
1659 -1 2 12
1660 -1 2 13
1661 -2 2 12
1662 -2 2 12
1663 -2 2 12
1664 -2 1 13
1665 -3 1 12
1666 -1 2 12
1667 -1 2 12
1668 -1 1 12
1669 -1 1 12
1670 1 2 11
1671 1 1 11
1672 1 1 11
1673 0 -1 11
1674 -1 -1 10
1675 -1 -1 9
1676 -1 -1 7
1677 0 -1 6
1678 0 -2 5
1679 -1 -2 5
1680 -1 -2 5
1681 -2 -3 6
1682 -3 -3 6
1683 -3 -3 6
1684 -2 -3 6
1685 -2 -4 7
1686 -4 -4 8
1687 -3 -4 8
1688 -2 -4 7
1689 -2 -4 8
1690 -3 -5 9
1691 -3 -4 8
1692 -2 -4 8
1693 -4 -5 10
1694 -6 -5 10
1695 -6 -5 9
1696 -6 -4 9
1697 -7 -5 9
1698 -7 -5 9
1699 -5 -4 10
1700 -4 -4 10
1701 -3 -4 10
1702 -2 -4 10
1703 1 -3 10
1704 1 -3 10
1705 2 -3 10
1706 3 -3 9
1707 4 -3 10
1708 4 -3 10
1709 5 -3 9
1710 4 -3 9
1711 3 -4 8
1712 3 -4 7
1713 3 -3 7
1714 2 -4 9
1715 2 -3 8
1716 2 -3 7
1717 1 -3 10
1718 1 -3 10
1719 2 -2 9
1720 0 -2 11
1721 -2 -3 11
1722 -2 -3 11
1723 -2 -3 11
1724 -4 -3 11
1725 -4 -3 11
1726 -4 -3 11
1727 -6 -4 11
1728 -7 -4 11
1729 -7 -4 11
1730 -7 -4 11
1731 -6 -4 11
1732 -5 -3 11
1733 -5 -3 10
1734 -5 -3 11
1735 -4 -3 11
1736 -3 -2 10
1737 -3 -2 10
1738 -4 -2 10
1739 -4 -3 10
1740 -2 -2 10
1741 -1 -1 10
1742 -2 -2 10
1743 1 -1 11
1744 3 1 11
1745 4 1 11
1746 3 -1 11
1747 3 -1 10
1748 4 1 9
1749 2 -1 10
1750 -1 -2 11
1751 -2 -3 11
1752 0 -2 10
1753 1 -1 10
1754 -1 -2 11
1755 -2 -2 11
1756 -2 -2 11
1757 -2 -2 10
1758 -2 -2 10
1759 -2 -2 10
1760 -2 -2 10
1761 -2 -2 10
1762 -2 -2 10
1763 -2 -2 10
1764 -2 -2 10
1765 -2 -2 10
1766 -2 -2 10
1767 -2 -1 9
1768 -1 -1 8
1769 -1 1 7
1770 -1 1 7
1771 -1 1 7
1772 -2 0 8
1773 -3 0 9
1774 -2 0 9
1775 -2 1 9
1776 -2 1 10
1777 -3 1 11
1778 -2 2 10
1779 -3 2 10
1780 -4 1 10
1781 -4 1 10
1782 -4 2 11
1783 -4 2 11
1784 -4 2 11
1785 -3 3 11
1786 -4 3 12
1787 -5 3 11
1788 -5 4 11
1789 -5 4 11
1790 -6 3 11
1791 -6 3 11
1792 -5 3 11
1793 -4 3 11
1794 -3 4 11
1795 -3 4 11
1796 -3 4 10
1797 -2 4 10
1798 -2 4 9
1799 -2 4 10
1800 -2 4 10
1801 -2 3 10
1802 -2 3 10
1803 -2 2 10
1804 -2 2 11
1805 -3 1 10
1806 -3 1 10
1807 -3 1 10
1808 -4 0 9
1809 -4 1 9
1810 -4 1 10
1811 -4 1 10
1812 -4 0 9
1813 -3 1 9
1814 -3 3 10
1815 -4 3 11
1816 -5 2 10
1817 -4 2 9
1818 -3 2 8
1819 -3 3 8
1820 -4 3 8
1821 -3 3 10
1822 -3 3 11
1823 -3 3 11
1824 -2 2 11
1825 -2 1 12
1826 -2 1 11
1827 -4 2 9
1828 -6 -1 9
1829 -6 -2 10
1830 -5 -1 10
1831 -4 1 10
1832 -4 1 9
1833 -6 -1 9
1834 -6 0 10
1835 -4 2 11
1836 -4 2 10
1837 -6 1 9
1838 -5 -1 9
1839 -5 0 10
1840 -5 1 9
1841 -5 1 9
1842 -5 1 9
1843 -5 1 9
1844 -5 1 8
1845 -6 1 8
1846 -6 1 9
1847 -6 2 9
1848 -6 2 8
1849 -6 2 8
1850 -7 2 9
1851 -7 2 9
1852 -5 3 9
1853 -5 2 9
1854 -6 2 9
1855 -5 2 9
1856 -5 3 10
1857 -5 3 10
1858 -5 3 9
1859 -4 4 9
1860 -3 2 10
1861 -5 1 9
1862 -4 3 8
1863 -3 2 11
1864 -2 2 11
1865 -3 3 10
1866 -3 2 9
1867 -3 2 8
1868 -2 3 10
1869 -2 4 10
1870 -2 5 10
1871 -1 5 10
1872 -1 4 10
1873 -1 5 10
1874 -1 5 9
1875 -1 6 9
1876 0 5 9
1877 1 6 9
1878 1 6 8
1879 1 6 8
1880 1 6 10
1881 1 6 10
1882 2 8 9
1883 2 9 9
1884 -2 7 11
1885 -3 7 12
1886 -1 9 13
1887 1 9 12
1888 -1 8 11
1889 -1 8 9
1890 1 9 9
1891 2 8 8
1892 1 7 7
1893 0 6 7
1894 -2 6 7
1895 -2 6 8
1896 -2 8 9
1897 -2 8 8
1898 -2 8 7
1899 -2 6 6
1900 -3 6 7
1901 -3 5 7
1902 -3 5 7
1903 -4 4 7
1904 -4 4 8
1905 -3 5 7
1906 -2 6 7
1907 -2 6 7
1908 -2 6 7
1909 -3 6 7
1910 -3 5 7
1911 -3 5 8
1912 -3 5 8
1913 -4 4 8
1914 -6 3 7
1915 -6 4 7
1916 -3 5 7
1917 -2 5 6
1918 -2 5 6
1919 -3 5 7
1920 -4 5 8
1921 -4 6 8
1922 -4 7 9
1923 -3 8 9
1924 -3 7 9
1925 -4 6 8
1926 -4 5 7
1927 -4 6 7
1928 -3 6 7
1929 -3 6 8
1930 -3 5 8
1931 -3 6 8
1932 -2 8 8
1933 -1 8 9
1934 0 8 10
1935 -1 7 11
1936 -2 7 9
1937 -2 7 9
1938 -3 6 9
1939 -5 6 9
1940 -6 6 9
1941 -5 6 9
1942 -3 7 9
1943 -2 6 9
1944 -3 6 10
1945 -4 5 8
1946 -5 4 7
1947 -5 3 6
1948 -6 3 7
1949 -5 4 6
1950 -5 4 6
1951 -5 4 8
1952 -5 4 8
1953 -5 3 7
1954 -5 3 7
1955 -5 4 8
1956 -6 4 9
1957 -6 4 9
1958 -6 5 8
1959 -5 6 7
1960 -5 5 6
1961 -5 5 6
1962 -5 5 5
1963 -6 6 4
1964 -7 6 5
1965 -8 5 5
1966 -8 4 5
1967 -7 5 5
1968 -6 6 6
1969 -7 6 6
1970 -8 5 6
1971 -8 5 6
1972 -7 5 6
1973 -6 5 5
1974 -5 5 5
1975 -5 4 5
1976 -5 3 4
1977 -4 3 4
1978 -4 4 5
1979 -5 6 7
1980 -6 8 10
1981 -7 10 11
1982 -9 9 12
1983 -8 8 13
1984 -6 8 12
1985 -4 7 11
1986 -4 7 9
1987 -5 7 10
1988 -5 6 9
1989 -5 6 7
1990 -5 6 7
1991 -6 6 8
1992 -6 4 9
1993 -5 4 8
1994 -4 4 9
1995 -3 4 9
1996 -3 4 8
1997 -3 3 8
1998 -3 3 8
1999 -4 2 9
2000 -5 2 9
2001 -5 2 9
2002 -5 3 10
2003 -5 3 10
2004 -5 4 10
2005 -4 4 9
2006 -4 4 9
2007 -4 4 8
2008 -5 3 8
2009 -5 3 8
2010 -5 2 8
2011 -5 2 8
2012 -5 1 8
2013 -4 1 8
2014 -5 1 8
2015 -5 1 9
2016 -5 2 10
2017 -5 3 10
2018 -5 4 10
2019 -6 5 10
2020 -6 5 10
2021 -7 4 11
2022 -7 2 11
2023 -8 2 10
2024 -8 2 10
2025 -6 3 9
2026 -5 4 8
2027 -3 5 7
2028 -2 5 5
2029 -2 5 5
2030 -2 5 6
2031 -3 5 7
2032 -3 5 7
2033 -4 5 8
2034 -4 5 9
2035 -4 5 10
2036 -4 5 10
2037 -4 5 10
2038 -4 4 11
2039 -4 5 11
2040 -3 5 9
2041 -3 5 9
2042 -3 4 9
2043 -4 4 10
2044 -4 5 10
2045 -3 6 11
2046 -2 6 11
2047 -2 5 11
2048 -2 4 10
2049 -2 5 10
2050 -2 6 9
2051 -2 6 9
2052 -3 6 10
2053 -4 5 9
2054 -4 4 9
2055 -4 5 9
2056 -4 5 8
2057 -4 4 9
2058 -4 4 10
2059 -3 4 10
2060 -4 4 10
2061 -6 4 11
2062 -4 5 11
2063 -2 5 11
2064 -2 3 11
2065 -1 3 12
2066 -1 2 13
2067 0 1 13
2068 -1 1 12
2069 -1 2 12
2070 0 4 12
2071 1 4 12
2072 -1 3 11
2073 -1 3 11
2074 -2 2 11
2075 -2 2 11
2076 -2 2 10
2077 -2 2 10
2078 -3 1 10
2079 -3 1 9
2080 -2 1 8
2081 -1 1 7
2082 -2 -1 7
2083 -2 -1 7
2084 -2 -1 6
2085 -1 -1 6
2086 -2 -2 7
2087 -3 -3 7
2088 -2 -3 7
2089 -3 -3 8
2090 -4 -4 9
2091 -4 -4 7
2092 -3 -3 6
2093 -3 -3 6
2094 -4 -4 6
2095 -4 -4 5
2096 -3 -3 5
2097 -3 -3 6
2098 -3 -3 5
2099 -3 -2 7
2100 -2 -2 8
2101 -2 -2 9
2102 -2 -1 10
2103 -2 -1 10
2104 -1 -1 11
2105 -1 0 11
2106 -3 -1 11
2107 -3 -1 12
2108 -2 1 13
2109 -2 1 13
2110 -3 0 13
2111 -3 -1 13
2112 -3 -1 14
2113 -3 -1 14
2114 -4 -1 14
2115 -3 -1 13
2116 -3 0 13
2117 -3 0 12
2118 -2 0 11
2119 -2 -1 11
2120 -1 -1 10
2121 -1 -1 9
2122 -1 -1 8
2123 1 -1 7
2124 1 -2 7
2125 1 -2 6
2126 2 -2 6
2127 1 -2 7
2128 2 -2 7
2129 4 -2 7
2130 4 -2 9
2131 4 -2 10
2132 4 -2 10
2133 3 -2 10
2134 3 -3 11
2135 2 -3 11
2136 2 -2 11
2137 1 -3 11
2138 0 -3 10
2139 -1 -3 10
2140 -2 -3 10
2141 -3 -3 10
2142 -4 -3 10
2143 -4 -4 10
2144 -5 -4 10
2145 -6 -5 9
2146 -5 -4 9
2147 -3 -4 9
2148 -3 -3 9
2149 -3 -4 9
2150 -3 -4 9
2151 -2 -4 9
2152 -1 -3 8
2153 0 -2 8
2154 0 -2 7
2155 -1 -2 7
2156 -1 -2 7
2157 -1 -1 6
2158 1 0 6
2159 1 1 6
2160 -2 1 5
2161 -2 -1 5
2162 -1 -1 6
2163 -3 -1 7
2164 -5 -2 7
2165 -4 -2 7
2166 -2 1 10
2167 -4 -1 11
2168 -5 -2 11
2169 -5 -1 13
2170 -6 -3 15
2171 -6 -4 16
2172 -5 -5 15
2173 -5 -6 16
2174 -6 -7 15
2175 -5 -7 14
2176 -5 -7 14
2177 -5 -7 14
2178 -4 -6 14
2179 -3 -6 14
2180 -3 -5 14
2181 -3 -5 14
2182 -2 -4 13
2183 -2 -4 13
2184 -1 -4 12
2185 -1 -4 11
2186 -2 -5 9
2187 -2 -5 7
2188 -1 -5 4
2189 -1 -5 3
2190 -1 -5 2
2191 0 -5 -1
2192 0 -5 -3
2193 1 -4 -4
2194 1 -4 -5
2195 1 -4 -6
2196 1 -4 -7
2197 1 -4 -8
2198 1 -4 -9
2199 -1 -4 -10
2200 1 -4 -11
2201 1 -4 -11
2202 0 -3 -11
2203 1 -3 -11
2204 1 -2 -11
2205 1 -2 -11
2206 1 -1 -11
2207 2 -1 -11
2208 2 0 -11
2209 1 0 -11
2210 2 1 -11
2211 2 1 -11
2212 3 1 -11
2213 3 1 -11
2214 1 1 -11
2215 1 0 -11
2216 2 1 -10
2217 3 2 -10
2218 2 2 -11
2219 1 1 -11
2220 1 2 -11
2221 2 2 -11
2222 2 2 -11
2223 2 2 -11
2224 2 3 -11
2225 2 3 -11
2226 2 3 -11
2227 2 3 -11
2228 2 2 -11
2229 2 2 -11
2230 2 2 -11
2231 2 2 -11
2232 2 2 -11
2233 2 2 -11
2234 2 2 -11
2235 2 2 -11
2236 2 2 -11
2237 2 2 -11
2238 2 2 -11
2239 2 2 -11
2240 2 2 -11
2241 2 2 -11
2242 2 3 -11
2243 2 3 -11
2244 2 3 -11
2245 2 3 -11
2246 2 3 -11
2247 2 3 -11
2248 2 3 -11
2249 2 3 -11
2250 2 3 -11
2251 2 3 -11
2252 2 2 -11
2253 2 3 -11
2254 2 2 -11
2255 2 2 -11
2256 2 2 -11
2257 2 3 -11
2258 2 3 -10
2259 2 3 -10
2260 2 3 -10
2261 2 3 -10
2262 3 3 -11
2263 2 3 -10
2264 2 2 -10
2265 1 1 -10
2266 1 1 -10
2267 1 -1 -10
2268 1 -2 -9
2269 0 -2 -9
2270 -1 -4 -8
2271 -2 -5 -8
2272 1 -5 -7
2273 1 -5 -6
2274 -2 -7 -5
2275 -1 -8 -4
2276 3 -7 -4
2277 3 -7 -2
2278 -2 -9 2
2279 -2 -10 3
2280 1 -9 1
2281 -2 -8 5
2282 -6 -10 8
2283 -3 -9 7
2284 0 -7 8
2285 -4 -9 12
2286 -3 -9 13
2287 0 -7 12
2288 -2 -7 13
2289 -4 -8 14
2290 -3 -8 12
2291 -1 -7 11
2292 -3 -6 12
2293 -4 -5 13
2294 -3 -4 12
2295 -2 -3 12
2296 -3 -2 12
2297 -3 -2 12
2298 -2 -2 11
2299 -2 -2 10
2300 -3 -2 11
2301 -2 -2 11
2302 -1 -1 9
2303 -1 -2 8
2304 -2 -3 9
2305 -2 -3 10
2306 -1 -2 8
2307 -2 -3 8
2308 -3 -4 7
2309 -3 -4 7
2310 -3 -4 7
2311 -3 -4 7
2312 -2 -3 7
2313 -1 -3 5
2314 -2 -3 5
2315 -2 -3 5
2316 -1 -3 4
2317 -1 -3 4
2318 -2 -3 5
2319 -1 -3 5
2320 -1 -2 6
2321 -2 -2 8
2322 -3 -2 9
2323 -2 -2 10
2324 -2 -1 11
2325 -2 -1 11
2326 -2 -1 11
2327 -3 -1 12
2328 -4 -1 14
2329 -4 -1 14
2330 -4 -1 14
2331 -4 -2 14
2332 -4 -2 14
2333 -3 -1 14
2334 -3 -1 13
2335 -3 -1 13
2336 -2 0 13
2337 -1 0 12
2338 -2 -1 11
2339 -2 -1 11
2340 -1 -1 10
2341 -1 -1 8
2342 -1 -2 9
2343 -2 -3 8
2344 -1 -2 7
2345 -1 -3 7
2346 -2 -3 7
2347 -2 -3 6
2348 -2 -3 4
2349 -2 -4 3
2350 -2 -4 3
2351 -2 -4 3
2352 -2 -4 3
2353 -2 -4 4
2354 -2 -4 5
2355 -2 -3 5
2356 -2 -3 6
2357 -2 -2 7
2358 -3 -2 9
2359 -3 -2 10
2360 -3 -2 10
2361 -3 -1 11
2362 -3 -1 11
2363 -3 -1 12
2364 -3 -1 12
2365 -3 -1 13
2366 -3 1 12
2367 -3 1 12
2368 -3 -1 13
2369 -3 -1 13
2370 -3 0 14
2371 -3 -1 14
2372 -4 -1 14
2373 -3 -1 13
2374 -3 1 13
2375 -3 0 12
2376 -3 0 12
2377 -3 1 11
2378 -3 -1 11
2379 -3 -1 11
2380 -2 -1 10
2381 -2 -1 9
2382 -2 -2 9
2383 -2 -2 8
2384 -2 -2 7
2385 -2 -2 6
2386 -1 -3 6
2387 -2 -3 6
2388 -2 -3 6
2389 -2 -3 5
2390 -2 -3 5
2391 -3 -4 7
2392 -3 -5 8
2393 -3 -4 7
2394 -3 -4 8
2395 -3 -4 9
2396 -3 -4 10
2397 -3 -4 9
2398 -3 -4 10
2399 -3 -4 11
2400 -3 -4 10
2401 -3 -3 10
2402 -3 -4 10
2403 -3 -4 9
2404 -3 -3 8
2405 -2 -2 8
2406 -2 -2 8
2407 -2 -3 7
2408 -2 -3 8
2409 -3 -3 9
2410 -3 -3 8
2411 -4 -3 9
2412 -4 -3 11
2413 -4 -3 11
2414 -2 -3 11
2415 -2 -2 12
2416 -2 -3 12
2417 1 -2 10
2418 3 -3 10
2419 2 -4 11
2420 2 -4 10
2421 5 -3 9
2422 7 -2 11
2423 8 -1 11
2424 9 1 9
2425 10 3 6
2426 10 3 6
