t x y z
0 -5 -1 10
1 -5 -1 10
2 -5 -1 10
3 -5 -1 10
4 -5 -1 10
5 -5 -1 10
6 -5 -1 10
7 -5 -1 10
8 -5 0 10
9 -5 0 10
10 -4 0 10
11 -5 0 10
12 -5 0 10
13 -5 0 10
14 -5 0 10
15 -5 0 10
16 -5 0 10
17 -4 0 10
18 -5 0 10
19 -5 0 10
20 -4 1 9
21 -4 1 9
22 -4 1 9
23 -4 1 9
24 -4 1 8
25 -4 1 8
26 -4 1 8
27 -4 1 8
28 -4 2 8
29 -3 2 8
30 -4 2 8
31 -4 2 7
32 -3 2 7
33 -3 3 7
34 -3 4 7
35 -4 4 7
36 -5 4 7
37 -5 4 7
38 -5 4 7
39 -5 5 8
40 -6 4 8
41 -6 5 9
42 -6 5 9
43 -6 5 10
44 -6 5 11
45 -5 6 11
46 -4 6 11
47 -4 7 11
48 -3 7 10
49 -3 7 9
50 -4 8 9
51 -4 9 9
52 -4 10 8
53 -4 10 8
54 -5 10 9
55 -5 10 10
56 -6 9 10
57 -7 7 10
58 -7 7 10
59 -6 7 10
60 -6 8 9
61 -5 8 9
62 -5 8 8
63 -5 9 8
64 -6 10 7
65 -6 10 7
66 -5 9 7
67 -5 9 6
68 -4 9 5
69 -4 9 5
70 -4 10 5
71 -4 10 5
72 -3 10 5
73 -3 10 5
74 -2 9 5
75 -2 9 4
76 -2 9 4
77 -2 8 4
78 -2 8 4
79 -3 8 4
80 -3 8 4
81 -3 8 5
82 -4 9 5
83 -5 10 5
84 -5 10 5
85 -4 10 6
86 -4 11 5
87 -5 11 6
88 -6 11 6
89 -6 10 7
90 -5 8 7
91 -4 7 6
92 -3 7 5
93 -4 7 4
94 -5 8 4
95 -6 8 4
96 -7 9 4
97 -7 9 5
98 -6 9 6
99 -6 9 6
100 -5 9 6
101 -6 8 6
102 -5 8 6
103 -5 7 6
104 -5 6 6
105 -5 6 5
106 -5 5 5
107 -5 4 5
108 -5 4 6
109 -5 4 7
110 -5 5 8
111 -5 6 8
112 -5 6 9
113 -5 6 9
114 -4 7 8
115 -4 8 8
116 -5 8 10
117 -6 8 11
118 -6 8 11
119 -5 7 10
120 -4 7 8
121 -3 7 7
122 -3 6 7
123 -4 6 7
124 -4 6 6
125 -4 6 6
126 -4 6 6
127 -5 6 6
128 -5 7 8
129 -5 8 8
130 -5 8 9
131 -6 8 10
132 -6 6 11
133 -5 5 11
134 -4 4 9
135 -4 2 8
136 -5 1 7
137 -4 0 7
138 -4 0 8
139 -4 1 8
140 -4 1 8
141 -3 1 8
142 -3 2 7
143 -3 3 8
144 -4 5 10
145 -5 6 12
146 -5 6 12
147 -4 6 11
148 -3 6 11
149 -3 5 10
150 -3 4 10
151 -3 3 9
152 -2 3 9
153 -1 2 10
154 -1 2 10
155 -1 2 10
156 -1 2 11
157 -1 2 11
158 -2 2 11
159 -2 2 11
160 -3 2 11
161 -2 2 11
162 -1 2 10
163 -1 3 9
164 1 3 8
165 1 3 8
166 2 4 8
167 2 4 8
168 2 4 8
169 3 4 8
170 3 4 7
171 2 3 8
172 2 3 8
173 2 3 9
174 2 3 9
175 2 3 10
176 2 3 11
177 2 2 11
178 2 2 11
179 2 2 12
180 3 2 12
181 3 2 12
182 2 2 12
183 1 2 12
184 1 2 12
185 2 3 13
186 3 3 13
187 3 4 13
188 4 6 13
189 4 7 13
190 4 7 12
191 3 7 12
192 3 7 11
193 3 6 11
194 3 5 10
195 3 4 9
196 3 3 8
197 4 3 7
198 4 2 6
199 4 1 5
200 3 -1 6
201 3 -1 6
202 4 0 6
203 4 1 5
204 4 2 5
205 4 3 5
206 3 3 6
207 2 4 7
208 2 6 11
209 2 9 12
210 -2 9 12
211 -6 7 12
212 -7 6 12
213 -6 6 11
214 -6 5 10
215 -8 4 7
216 -9 3 7
217 -8 5 8
218 -7 7 8
219 -7 8 8
220 -8 9 8
221 -7 10 8
222 -6 10 9
223 -6 9 10
224 -6 7 10
225 -6 5 9
226 -6 4 9
227 -6 3 9
228 -6 2 10
229 -7 1 10
230 -7 1 10
231 -6 2 10
232 -5 3 10
233 -5 6 9
234 -6 9 8
235 -6 11 10
236 -6 12 11
237 -6 12 11
238 -5 12 11
239 -3 12 9
240 -2 11 7
241 -3 10 5
242 -4 8 5
243 -4 7 4
244 -5 5 3
245 -7 5 3
246 -8 5 2
247 -8 6 2
248 -7 7 2
249 -5 7 3
250 -4 6 5
251 -4 6 7
252 -6 5 9
253 -7 5 10
254 -7 4 10
255 -7 3 10
256 -6 2 10
257 -6 1 10
258 -5 2 10
259 -6 2 11
260 -5 3 10
261 -5 4 9
262 -5 5 8
263 -3 4 8
264 -3 4 8
265 -3 4 8
266 -3 4 8
267 -3 4 10
268 -2 4 11
269 -3 5 10
270 -4 5 10
271 -4 5 10
272 -3 6 10
273 -2 6 10
274 -2 5 9
275 -1 5 9
276 -1 4 9
277 -2 4 9
278 -2 3 9
279 -2 3 9
280 -3 4 10
281 -2 4 9
282 -1 4 9
283 -1 4 9
284 -2 4 10
285 -3 4 10
286 -3 5 9
287 -3 5 8
288 -3 5 8
289 -3 5 8
290 -3 5 9
291 -3 5 9
292 -3 5 9
293 -3 5 10
294 -3 5 10
295 -3 5 9
296 -3 5 9
297 -2 5 9
298 -2 6 9
299 -2 6 9
300 -2 5 9
301 -3 5 10
302 -3 5 10
303 -3 5 10
304 -2 5 10
305 -2 5 9
306 -2 5 9
307 -2 6 9
308 -2 6 9
309 -2 6 9
310 -2 5 9
311 -2 5 9
312 -2 5 9
313 -2 5 9
314 -2 5 9
315 -2 5 9
316 -2 5 9
317 -2 5 9
318 -2 5 9
319 -2 6 9
320 -2 6 9
321 -2 6 9
322 -2 6 9
323 -2 6 9
324 -2 6 9
325 -2 5 9
326 -2 5 9
327 -2 5 9
328 -2 5 9
329 -2 5 9
330 -2 6 9
331 -2 6 9
332 -2 6 9
333 -2 6 9
334 -2 6 9
335 -2 6 9
336 -2 6 9
337 -2 6 9
338 -2 6 9
339 -2 6 9
340 -2 6 9
341 -2 6 9
342 -2 6 9
343 -2 6 9
344 -2 6 9
345 -2 6 9
346 -2 6 9
347 -2 6 9
348 -2 6 9
349 -2 6 9
350 -2 6 9
351 -2 6 9
352 -2 6 9
353 -2 6 9
354 -2 6 9
355 -2 6 9
356 -2 6 9
357 -2 6 9
358 -2 6 9
359 -2 6 9
360 -2 6 9
361 -2 6 9
362 -3 6 9
363 -2 6 9
364 -2 6 9
365 -2 6 9
366 -2 6 9
367 -2 6 9
368 -2 6 9
369 -2 6 9
370 -2 6 9
371 -2 6 9
372 -2 6 9
373 -2 6 9
374 -2 6 9
375 -3 6 9
376 -3 5 9
377 -2 6 8
378 -2 6 9
379 -2 5 9
380 -2 6 10
381 -1 6 9
382 1 7 8
383 1 7 10
384 1 7 10
385 1 7 10
386 0 7 10
387 -1 7 10
388 -2 7 10
389 -2 6 10
390 -2 6 10
391 -2 6 10
392 -2 6 11
393 -2 6 11
394 -2 6 11
395 -2 6 11
396 -3 5 11
397 -2 5 11
398 -2 5 11
399 -2 5 11
400 -2 5 11
401 -2 4 11
402 -2 4 11
403 -1 4 11
404 -2 4 10
405 -2 3 10
406 -2 3 11
407 -2 3 10
408 -2 3 10
409 -2 2 9
410 -2 2 9
411 -2 2 9
412 -2 1 9
413 -3 1 8
414 -2 1 8
415 -2 0 8
416 -2 -1 8
417 -2 -1 8
418 -2 -1 8
419 -2 -1 8
420 -2 -1 8
421 -2 -1 8
422 -1 -1 9
423 -2 -1 9
424 -2 -1 9
425 -2 -1 10
426 -1 -1 9
427 -1 -1 9
428 -1 -1 9
429 -1 0 9
430 -1 1 9
431 0 1 9
432 -1 1 10
433 0 1 10
434 0 1 9
435 0 1 9
436 0 1 9
437 -1 2 9
438 -1 2 10
439 -1 2 10
440 0 2 10
441 -1 2 10
442 -1 3 10
443 0 3 10
444 0 3 10
445 -1 4 10
446 -1 4 10
447 0 4 10
448 0 5 10
449 0 5 10
450 -1 5 10
451 -1 6 11
452 -1 6 11
453 -1 6 11
454 -1 6 11
455 -2 6 11
456 -2 6 11
457 -1 6 11
458 -2 6 11
459 -3 6 11
460 -3 6 11
461 -3 6 10
462 -4 6 10
463 -4 6 9
464 -4 6 9
465 -4 6 9
466 -4 6 9
467 -3 6 9
468 -2 6 9
469 -2 6 9
470 -1 6 9
471 -1 6 9
472 -1 6 9
473 -1 6 9
474 -1 6 9
475 0 6 9
476 0 6 9
477 0 6 9
478 -1 6 9
479 -1 6 9
480 -1 5 9
481 -1 5 9
482 0 5 9
483 -1 5 9
484 -1 5 9
485 -1 5 9
486 -1 5 9
487 -1 5 9
488 -1 5 9
489 -1 5 9
490 -1 5 9
491 0 5 9
492 0 5 8
493 0 5 8
494 -1 5 8
495 -1 5 8
496 -2 5 8
497 -2 5 8
498 -2 5 7
499 -2 6 7
500 -2 6 7
501 -2 6 7
502 -2 6 8
503 -2 7 8
504 -2 7 8
505 -2 7 8
506 -2 7 9
507 -3 7 9
508 -3 7 10
509 -2 7 10
510 -2 7 10
511 -2 8 9
512 -2 8 9
513 -3 8 8
514 -3 7 8
515 -2 7 8
516 -2 8 7
517 -2 8 7
518 -2 8 7
519 -1 8 7
520 -1 8 8
521 -1 8 8
522 -1 8 8
523 -2 8 8
524 -2 8 8
525 -2 8 8
526 -2 8 7
527 -2 8 7
528 -2 8 7
529 -2 8 7
530 -1 8 7
531 -1 8 6
532 -1 8 6
533 -2 8 6
534 -2 8 6
535 -1 9 6
536 -1 9 6
537 -1 9 7
538 -2 9 7
539 -2 9 7
540 -2 9 7
541 -2 9 7
542 -2 9 7
543 -2 9 7
544 -2 9 7
545 -2 9 7
546 -2 9 8
547 -2 9 8
548 -2 9 8
549 -1 9 8
550 -1 9 8
551 -1 9 7
552 -1 8 7
553 -1 8 7
554 -1 8 7
555 -1 8 6
556 -1 8 6
557 -1 8 6
558 -1 8 6
559 -1 8 6
560 -1 7 6
561 -1 6 6
562 -1 5 7
563 -2 4 7
564 -2 4 6
565 -1 5 6
566 -2 5 6
567 -1 6 5
568 0 6 4
569 1 6 5
570 0 5 7
571 -2 4 7
572 -5 2 8
573 -6 2 11
574 -5 3 12
575 -4 4 12
576 -4 3 12
577 -3 3 11
578 -3 2 11
579 -3 1 10
580 -2 -1 11
581 -2 -1 11
582 -1 -2 10
583 -1 -2 10
584 -1 -2 10
585 1 -2 11
586 1 -2 10
587 -1 -2 10
588 -2 -2 11
589 -1 -1 11
590 -1 -1 10
591 -3 -1 11
592 -2 1 12
593 -1 1 11
594 -3 0 11
595 -3 -1 11
596 -3 0 10
597 -4 0 11
598 -4 0 12
599 -4 -1 11
600 -3 0 12
601 -3 1 11
602 -3 1 10
603 -4 1 11
604 -4 1 14
605 -6 1 16
606 -7 -1 16
607 -7 -1 15
608 -7 0 14
609 -5 1 12
610 -3 1 11
611 -1 2 11
612 -1 1 10
613 -1 1 9
614 -1 1 9
615 -2 1 9
616 -2 1 9
617 -3 1 9
618 -3 1 8
619 -5 0 8
620 -6 -1 8
621 -5 0 9
622 -4 1 10
623 -4 1 9
624 -4 1 9
625 -5 1 9
626 -4 0 8
627 -4 1 8
628 -4 1 9
629 -4 0 8
630 -4 0 8
631 -4 0 8
632 -4 -1 9
633 -5 -1 8
634 -5 -1 8
635 -5 -1 9
636 -6 -2 9
637 -6 -2 7
638 -5 -1 6
639 -5 -1 4
640 -4 -1 4
641 -4 0 5
642 -5 1 7
643 -6 1 9
644 -6 0 10
645 -6 0 11
646 -6 1 10
647 -6 1 9
648 -6 1 8
649 -5 1 8
650 -5 2 8
651 -5 2 8
652 -6 2 9
653 -6 2 9
654 -5 2 9
655 -5 1 9
656 -5 1 9
657 -5 -1 9
658 -6 -1 10
659 -6 -2 10
660 -7 -2 9
661 -6 -3 8
662 -6 -3 8
663 -5 -3 9
664 -5 -3 10
665 -5 -3 11
666 -5 -2 11
667 -4 -2 11
668 -5 -2 10
669 -5 -2 10
670 -5 -2 10
671 -5 -2 10
672 -5 -1 10
673 -5 -1 10
674 -5 -1 9
675 -5 -1 9
676 -5 0 9
677 -5 0 10
678 -6 0 10
679 -6 0 10
680 -5 0 9
681 -5 -1 9
682 -5 -1 9
683 -4 -1 9
684 -4 -1 9
685 -4 -1 9
686 -4 -2 10
687 -4 -2 10
688 -3 -2 11
689 -3 -2 10
690 -3 -2 10
691 -4 -2 11
692 -4 -3 11
693 -4 -3 11
694 -4 -3 11
695 -4 -2 11
696 -4 -2 11
697 -3 -2 11
698 -2 -2 11
699 -3 -2 11
700 -3 -3 11
701 -2 -2 11
702 -2 -3 11
703 -2 -3 10
704 0 -3 9
705 2 -3 9
706 2 -3 10
707 0 -4 10
708 -1 -4 10
709 -2 -4 9
710 -3 -4 9
711 -3 -3 8
712 -3 -2 8
713 -3 -1 9
714 -1 1 10
715 0 2 9
716 -1 2 9
717 -1 2 10
718 -2 2 9
719 -3 1 9
720 -4 1 8
721 -4 2 9
722 -4 1 9
723 -4 2 10
724 -3 2 10
725 -3 2 10
726 -2 2 10
727 -2 2 10
728 -1 3 10
729 -1 3 11
730 -2 3 11
731 -2 3 10
732 -2 3 10
733 -2 3 10
734 -2 3 10
735 -2 3 11
736 -3 3 11
737 -3 3 11
738 -3 3 10
739 -3 3 10
740 -3 3 10
741 -3 3 10
742 -2 3 10
743 -2 3 10
744 -2 3 10
745 -2 3 10
746 -2 3 11
747 -2 3 11
748 -2 3 10
749 -1 3 10
750 -1 3 10
751 -2 3 10
752 -1 3 10
753 -1 3 10
754 -1 3 10
755 1 3 10
756 1 3 10
757 1 3 10
758 1 3 10
759 1 3 10
760 1 3 10
761 1 3 10
762 1 3 10
763 -1 3 10
764 -1 3 10
765 -1 3 10
766 -1 3 10
767 -1 3 11
768 -1 3 11
769 -2 3 10
770 -2 3 10
771 -2 3 10
772 -2 3 10
773 -2 3 10
774 -3 3 10
775 -3 3 10
776 -3 3 10
777 -3 3 10
778 -3 3 10
779 -4 3 10
780 -4 2 9
781 -4 3 9
782 -4 3 9
783 -4 3 8
784 -4 3 8
785 -4 3 9
786 -3 3 9
787 -3 3 9
788 -3 4 10
789 -3 4 9
790 -3 4 10
791 -3 5 10
792 -2 5 9
793 -2 5 10
794 -2 5 10
795 -2 5 9
796 -2 5 10
797 -1 5 10
798 -1 5 10
799 -1 5 11
800 -1 5 10
801 0 5 10
802 0 5 10
803 1 5 10
804 1 6 10
805 2 6 10
806 1 5 11
807 1 5 11
808 1 5 11
809 1 5 10
810 1 5 10
811 1 5 10
812 1 5 10
813 1 5 9
814 1 6 9
815 1 6 9
816 1 6 9
817 1 6 9
818 1 6 9
819 -1 6 9
820 -1 6 9
821 -1 6 9
822 -2 6 9
823 -2 6 9
824 -2 6 9
825 -2 6 9
826 -2 6 9
827 -3 5 9
828 -4 5 9
829 -3 5 9
830 -3 5 10
831 -3 5 9
832 -3 5 10
833 -2 5 10
834 -1 5 10
835 -1 5 9
836 1 6 8
837 1 6 8
838 1 6 8
839 0 6 7
840 -1 6 7
841 -1 6 7
842 -1 6 7
843 -1 6 6
844 -1 6 6
845 -2 6 6
846 -2 6 6
847 -2 6 7
848 -2 7 7
849 -2 7 7
850 -3 7 9
851 -2 8 10
852 -2 8 10
853 -1 9 11
854 0 10 11
855 -1 9 10
856 -1 9 10
857 -1 9 9
858 -1 9 9
859 -2 8 8
860 -1 8 8
861 -1 9 8
862 -1 8 8
863 -2 8 7
864 -2 8 7
865 -2 8 7
866 -2 8 8
867 -2 8 8
868 -3 8 8
869 -3 8 8
870 -2 8 8
871 -2 8 8
872 -2 8 7
873 -2 8 7
874 -2 8 6
875 -2 8 6
876 -2 8 6
877 -1 8 6
878 -1 8 6
879 -2 8 6
880 -2 8 6
881 -2 8 6
882 -3 8 6
883 -3 8 6
884 -2 8 7
885 -2 9 7
886 -2 10 7
887 -2 10 8
888 -2 10 8
889 -2 9 8
890 -2 9 8
891 -3 9 7
892 -3 10 7
893 -2 10 6
894 -2 9 6
895 -2 9 6
896 -2 9 6
897 -2 9 5
898 -2 9 4
899 -2 9 4
900 -1 9 3
901 -1 9 3
902 -2 9 2
903 -3 9 3
904 -4 10 4
905 -4 9 5
906 -4 9 7
907 -4 9 8
908 -4 10 9
909 -4 10 10
910 -2 11 11
911 2 11 11
912 3 12 10
913 2 11 9
914 1 11 8
915 1 11 7
916 2 11 7
917 3 11 6
918 3 11 5
919 3 11 4
920 3 11 3
921 3 11 3
922 2 11 3
923 1 11 3
924 -1 11 4
925 -2 11 6
926 -2 10 7
927 -3 9 8
928 -4 9 8
929 -4 10 8
930 -4 11 8
931 -3 10 8
932 -3 9 7
933 -3 9 7
934 -2 9 6
935 -1 9 4
936 1 9 4
937 1 9 4
938 -1 10 4
939 -3 10 4
940 -4 11 5
941 -4 10 7
942 -4 9 7
943 -4 8 7
944 -4 8 6
945 -3 8 7
946 -2 8 7
947 -1 9 7
948 -1 9 7
949 -1 9 7
950 -2 9 7
951 -2 9 7
952 -3 9 7
953 -3 8 7
954 -4 8 7
955 -4 7 7
956 -5 7 6
957 -5 8 6
958 -5 8 7
959 -4 8 7
960 -3 7 7
961 -3 7 7
962 -4 8 6
963 -5 8 6
964 -5 9 6
965 -5 8 7
966 -5 8 6
967 -5 8 6
968 -5 8 5
969 -4 8 5
970 -4 7 5
971 -5 7 6
972 -6 6 7
973 -6 6 8
974 -6 6 9
975 -5 7 10
976 -4 8 10
977 -3 6 10
978 -3 5 10
979 -3 6 9
980 -3 6 9
981 -2 7 9
982 -2 7 9
983 -1 7 10
984 -1 6 9
985 -2 5 9
986 -2 5 10
987 -2 5 11
988 -2 5 11
989 -1 5 10
990 -1 5 9
991 1 6 7
992 1 6 6
993 1 5 6
994 1 5 6
995 1 5 6
996 -1 5 7
997 -1 5 9
998 -1 5 9
999 -1 5 9
1000 -1 5 10
1001 -1 5 10
1002 -1 5 10
1003 -1 4 10
1004 -1 4 10
1005 -1 4 10
1006 -1 4 10
1007 -1 5 10
1008 -1 5 10
1009 -1 5 10
1010 0 5 10
1011 1 5 10
1012 0 5 10
1013 0 5 10
1014 1 5 10
1015 1 5 10
1016 -1 5 10
1017 -1 5 11
1018 -2 4 11
1019 -2 4 12
1020 -3 4 12
1021 -3 3 13
1022 -3 4 13
1023 -3 4 12
1024 -2 4 12
1025 -2 4 12
1026 -2 4 12
1027 -1 4 11
1028 -1 4 11
1029 0 4 11
1030 0 4 10
1031 1 3 10
1032 1 3 9
1033 1 3 8
1034 1 2 7
1035 1 2 6
1036 1 1 5
1037 0 1 5
1038 -1 0 6
1039 -2 -1 6
1040 -2 -1 5
1041 -2 -1 5
1042 -2 -1 6
1043 -3 -1 7
1044 -3 -1 7
1045 -3 1 8
1046 -3 1 8
1047 -3 2 8
1048 -3 2 9
1049 -4 2 9
1050 -3 3 9
1051 -4 3 9
1052 -4 3 10
1053 -4 4 10
1054 -4 4 10
1055 -3 4 11
1056 -3 4 11
1057 -3 5 12
1058 -2 5 12
1059 -2 5 12
1060 -2 5 12
1061 -2 5 12
1062 -2 5 11
1063 -2 5 11
1064 -2 5 11
1065 -2 5 11
1066 -1 5 11
1067 -1 5 10
1068 0 5 10
1069 0 5 10
1070 0 5 10
1071 -1 5 10
1072 -1 6 10
1073 -1 6 10
1074 -1 6 10
1075 -1 6 10
1076 -1 6 10
1077 -2 6 9
1078 -3 6 9
1079 -3 5 9
1080 -4 5 9
1081 -5 5 9
1082 -5 5 9
1083 -5 5 9
1084 -5 5 9
1085 -5 5 9
1086 -4 5 9
1087 -4 5 9
1088 -3 5 9
1089 -3 5 9
1090 -2 5 9
1091 -1 6 9
1092 -1 6 8
1093 -1 6 8
1094 -1 5 8
1095 -1 5 8
1096 -2 5 8
1097 -2 5 8
1098 -1 5 8
1099 -1 5 9
1100 -1 5 9
1101 -1 5 10
1102 -1 5 10
1103 0 6 10
1104 1 6 9
1105 -1 6 8
1106 -1 6 8
1107 -2 6 7
1108 -2 6 6
1109 -2 6 7
1110 -3 6 7
1111 -3 6 7
1112 -3 7 7
1113 -3 7 9
1114 -2 8 10
1115 -2 8 10
1116 -1 8 10
1117 -1 8 11
1118 -1 8 11
1119 -1 8 11
1120 -1 8 10
1121 -2 8 10
1122 -2 8 9
1123 -1 8 8
1124 -1 8 8
1125 -1 8 7
1126 -2 8 7
1127 -2 8 8
1128 -2 8 8
1129 -2 8 8
1130 -2 8 8
1131 -2 8 8
1132 -2 8 8
1133 -2 8 7
1134 -2 8 7
1135 -2 8 7
1136 -3 8 7
1137 -3 8 6
1138 -3 8 6
1139 -3 8 6
1140 -3 8 6
1141 -3 8 6
1142 -3 8 7
1143 -3 8 6
1144 -3 8 6
1145 -3 8 6
1146 -3 8 6
1147 -3 8 7
1148 -3 8 7
1149 -3 8 7
1150 -3 8 7
1151 -3 8 7
1152 -3 8 7
1153 -3 8 7
1154 -2 8 7
1155 -2 8 7
1156 -2 8 7
1157 -2 8 7
1158 -2 8 8
1159 -2 8 8
1160 -2 8 8
1161 -2 8 9
1162 -2 8 9
1163 -2 8 10
1164 -2 7 10
1165 -2 7 10
1166 -2 7 11
1167 -2 6 11
1168 -2 6 11
1169 -2 5 11
1170 -2 4 11
1171 -2 4 12
1172 -3 2 12
1173 -3 2 13
1174 -3 1 13
1175 -4 -1 12
1176 -4 -2 12
1177 -5 -3 12
1178 -5 -3 12
1179 -4 -4 12
1180 -5 -5 12
1181 -6 -6 12
1182 -7 -8 12
1183 -8 -9 11
1184 -8 -9 9
1185 -7 -9 7
1186 -6 -9 5
1187 -4 -9 2
1188 -2 -8 -2
1189 -1 -7 -5
1190 2 -6 -6
1191 4 -5 -5
1192 6 -3 -6
1193 8 0 -7
1194 10 4 -6
1195 10 6 -6
1196 5 5 -4
1197 -6 1 -1
1198 -8 -4 1
1199 -4 -7 -1
1200 -2 -8 -2
1201 3 -7 -3
1202 6 -6 -4
1203 7 -6 -5
1204 7 -6 -6
1205 7 -6 -7
1206 5 -7 -7
1207 4 -7 -7
1208 3 -8 -6
1209 3 -7 -5
1210 3 -7 -4
1211 3 -6 -3
1212 3 -5 -3
1213 2 -4 -3
1214 2 -3 -3
1215 0 -3 -4
1216 -1 -3 -4
1217 1 -2 -6
1218 1 -3 -6
1219 1 -3 -6
1220 1 -2 -6
1221 2 -2 -5
1222 1 -2 -5
1223 -1 -2 -6
1224 -2 -2 -6
1225 -3 -2 -5
1226 -6 -2 -3
1227 -10 -3 3
1228 -12 -3 6
1229 -12 -3 8
1230 -14 -4 10
1231 -15 -5 11
1232 -14 -5 12
1233 -13 -4 13
1234 -13 -3 13
1235 -13 -3 12
1236 -12 -3 11
1237 -11 -2 10
1238 -10 -2 8
1239 -9 -1 8
1240 -8 0 8
1241 -7 1 7
1242 -7 1 6
1243 -8 1 5
1244 -8 1 5
1245 -8 1 5
1246 -9 1 6
1247 -9 1 8
1248 -9 2 11
1249 -7 2 11
1250 -5 3 11
1251 -4 2 11
1252 -4 1 10
1253 -5 1 10
1254 -4 -1 10
1255 -4 -1 10
1256 -4 -2 10
1257 -5 -2 10
1258 -5 -2 10
1259 -5 -2 10
1260 -6 -2 10
1261 -6 -3 9
1262 -5 -3 9
1263 -6 -3 12
1264 -9 -2 13
1265 -9 -2 8
1266 -9 -2 6
1267 -9 -3 6
1268 -9 -4 6
1269 -9 -5 5
1270 -9 -5 6
1271 -9 -5 6
1272 -9 -5 5
1273 -8 -4 5
1274 -8 -4 4
1275 -8 -4 4
1276 -8 -4 4
1277 -7 -4 5
1278 -7 -5 5
1279 -6 -5 4
1280 -7 -5 6
1281 -11 -5 9
1282 -12 -6 9
1283 -11 -5 6
1284 -9 -4 5
1285 -9 -3 6
1286 -7 -2 5
1287 -6 -1 6
1288 -5 2 7
1289 -5 2 8
1290 -7 1 10
1291 -8 0 12
1292 -8 1 11
1293 -7 2 9
1294 -6 3 9
1295 -6 3 11
1296 -8 2 13
1297 -7 2 13
1298 -5 2 12
1299 -4 2 11
1300 -4 2 10
1301 -3 2 9
1302 -3 3 8
1303 -3 2 8
1304 -3 2 8
1305 -2 3 8
1306 -2 3 8
1307 -2 3 9
1308 -1 4 9
1309 -1 4 9
1310 -1 4 9
1311 -1 5 10
1312 -1 5 10
1313 -1 5 9
1314 -1 5 8
1315 1 4 8
1316 2 4 8
1317 2 4 8
1318 1 4 9
1319 -1 4 11
1320 -1 4 11
1321 -2 3 11
1322 -3 3 11
1323 -3 3 11
1324 -3 4 10
1325 -2 4 10
1326 -2 4 10
1327 -2 4 9
1328 -1 4 9
1329 -2 4 9
1330 -2 5 9
1331 -1 6 10
1332 -2 5 10
1333 -2 5 9
1334 -1 5 9
1335 -1 6 9
1336 -2 6 9
1337 -2 6 8
1338 -2 6 7
1339 -2 5 7
1340 -1 5 7
1341 -1 5 7
1342 -1 5 8
1343 1 5 8
1344 2 6 9
1345 1 5 9
1346 1 5 9
1347 1 5 9
1348 1 5 9
1349 1 6 9
1350 1 6 9
1351 1 6 10
1352 1 6 10
1353 1 6 9
1354 1 6 9
1355 0 6 9
1356 0 6 9
1357 0 5 9
1358 0 5 10
1359 1 5 9
1360 1 6 9
1361 1 6 9
1362 0 6 9
1363 0 6 10
1364 1 6 10
1365 0 6 10
1366 0 6 9
1367 0 6 9
1368 0 6 8
1369 0 6 8
1370 0 6 8
1371 0 6 8
1372 0 6 8
1373 -1 6 8
1374 -1 6 9
1375 0 6 9
1376 0 6 9
1377 1 6 9
1378 1 6 9
1379 1 6 9
1380 0 6 10
1381 -1 6 10
1382 0 6 11
1383 0 6 11
1384 -1 6 11
1385 -1 6 11
1386 -1 6 11
1387 -1 6 11
1388 -1 6 11
1389 0 6 11
1390 0 6 11
1391 1 6 11
1392 1 6 11
1393 1 5 11
1394 1 5 10
1395 -1 4 10
1396 -1 4 10
1397 0 4 10
1398 0 4 10
1399 0 3 10
1400 1 3 9
1401 0 3 9
1402 -1 2 9
1403 -1 2 8
1404 -1 2 9
1405 0 1 8
1406 1 1 8
1407 -1 1 8
1408 -1 1 7
1409 -1 0 7
1410 -2 -1 7
1411 -2 -1 7
1412 -3 -1 6
1413 -2 -1 6
1414 -1 1 6
1415 -1 1 7
1416 -2 1 7
1417 -2 2 8
1418 -2 2 8
1419 -2 2 8
1420 -2 3 9
1421 -1 3 10
1422 -1 4 10
1423 -1 4 11
1424 -1 5 11
1425 -1 5 11
1426 -1 5 12
1427 -1 5 12
1428 -1 5 13
1429 -1 5 13
1430 -1 5 13
1431 -2 5 13
1432 -2 5 12
1433 -2 5 12
1434 -2 5 12
1435 -2 5 11
1436 -3 5 11
1437 -3 5 11
1438 -3 4 11
1439 -3 4 11
1440 -3 4 11
1441 -2 4 11
1442 -2 4 11
1443 -3 3 11
1444 -3 3 11
1445 -2 3 11
1446 -2 3 10
1447 -2 2 10
1448 -2 2 9
1449 -2 2 8
1450 -1 1 7
1451 1 1 6
1452 1 1 6
1453 -1 0 5
1454 -1 -1 5
1455 -1 -1 4
1456 -1 -1 5
1457 -2 -1 5
1458 -2 -1 6
1459 -2 0 7
1460 -2 1 7
1461 -2 1 8
1462 -2 2 8
1463 -1 3 8
1464 -2 3 8
1465 -2 3 9
1466 -2 3 9
1467 -3 4 10
1468 -3 4 11
1469 -3 4 11
1470 -3 5 12
1471 -3 5 12
1472 -3 5 12
1473 -3 5 12
1474 -3 5 12
1475 -2 5 11
1476 -2 6 11
1477 -3 5 11
1478 -3 5 11
1479 -3 6 11
1480 -2 6 11
1481 -3 6 10
1482 -3 6 9
1483 -2 6 9
1484 -2 6 8
1485 -2 6 8
1486 -2 6 8
1487 -2 6 8
1488 -2 6 7
1489 -2 6 7
1490 -1 6 7
1491 -1 6 7
1492 -2 6 7
1493 -3 6 8
1494 -3 5 8
1495 -3 5 9
1496 -3 5 9
1497 -3 6 10
1498 -3 6 10
1499 -3 6 10
1500 -3 6 10
1501 -3 6 10
1502 -3 6 9
1503 -3 6 9
1504 -3 6 8
1505 -3 6 8
1506 -3 6 8
1507 -3 6 8
1508 -2 6 7
1509 -2 6 7
1510 -2 7 8
1511 -2 7 8
1512 -2 7 8
1513 -1 7 8
1514 -1 7 8
1515 -1 7 7
1516 -1 6 7
1517 -2 7 7
1518 -2 8 6
1519 -3 9 6
1520 -3 10 7
1521 -3 10 8
1522 -4 9 9
1523 -4 8 9
1524 -5 8 9
1525 -5 7 8
1526 -5 8 8
1527 -4 8 7
1528 -3 8 7
1529 -3 9 7
1530 -3 10 6
1531 -3 10 7
1532 -3 9 7
1533 -3 9 7
1534 -3 10 6
1535 -3 9 6
1536 -3 8 6
1537 -3 8 7
1538 -4 7 6
1539 -4 6 6
1540 -4 6 5
1541 -4 6 5
1542 -3 6 4
1543 -3 7 4
1544 -3 8 4
1545 -3 9 5
1546 -3 9 6
1547 -3 9 7
1548 -4 10 7
1549 -5 11 7
1550 -6 11 8
1551 -5 11 9
1552 -4 11 10
1553 -2 11 8
1554 -1 11 6
1555 -1 11 5
1556 -2 10 4
1557 -3 9 3
1558 -4 9 2
1559 -5 9 3
1560 -5 10 4
1561 -6 11 4
1562 -6 11 4
1563 -6 11 3
1564 -5 10 4
1565 -4 8 5
1566 -4 7 6
1567 -4 5 6
1568 -5 4 6
1569 -4 3 6
1570 -3 3 6
1571 -2 2 6
1572 -2 2 6
1573 -2 3 5
1574 -3 7 6
1575 -6 11 8
1576 -8 12 10
1577 -8 12 11
1578 -5 12 10
1579 -2 11 8
1580 1 11 6
1581 -1 10 5
1582 -3 8 5
1583 -3 7 4
1584 -4 6 5
1585 -4 5 5
1586 -4 6 5
1587 -4 7 5
1588 -4 9 5
1589 -4 10 5
1590 -3 11 6
1591 -2 11 5
1592 -2 11 5
1593 -1 9 6
1594 -1 8 7
1595 -2 7 7
1596 -3 6 6
1597 -4 6 6
1598 -4 6 7
1599 -3 6 8
1600 -3 6 8
1601 -2 6 8
1602 -2 6 9
1603 -2 7 8
1604 -1 7 9
1605 -1 7 9
1606 1 8 9
1607 1 8 9
1608 1 8 9
1609 1 7 9
1610 2 7 10
1611 2 7 9
1612 2 6 9
1613 3 6 10
1614 4 6 11
1615 4 6 10
1616 4 6 11
1617 4 6 11
1618 5 6 11
1619 5 6 11
1620 5 5 11
1621 5 5 11
1622 4 4 11
1623 4 4 11
1624 3 3 11
1625 2 3 11
1626 1 2 10
1627 0 2 9
1628 -1 1 8
1629 -1 0 9
1630 2 0 11
1631 5 -2 12
1632 4 -4 10
1633 3 -5 8
1634 2 -5 8
1635 1 -6 9
1636 2 -4 9
1637 4 -2 7
1638 7 -1 6
1639 8 1 6
1640 9 1 6
1641 9 -1 4
1642 9 -2 2
1643 8 -3 1
1644 8 -5 2
1645 8 -5 2
1646 8 -5 3
1647 10 -4 5
1648 11 -4 7
1649 11 -3 9
1650 11 -2 10
1651 10 -3 9
1652 8 -3 9
1653 7 -3 8
1654 6 -4 9
1655 6 -4 9
1656 6 -4 8
1657 6 -4 8
1658 7 -4 8
1659 7 -4 7
1660 8 -3 7
1661 8 -3 6
1662 8 -4 6
1663 8 -4 5
1664 9 -3 5
1665 9 -3 5
1666 9 -3 6
1667 8 -3 6
1668 7 -3 7
1669 7 -3 7
1670 7 -3 7
1671 7 -3 7
1672 6 -3 7
1673 6 -3 7
1674 6 -3 8
1675 6 -3 8
1676 6 -4 8
1677 6 -4 8
1678 6 -5 8
1679 6 -5 8
1680 6 -5 8
1681 7 -4 8
1682 7 -5 8
1683 7 -5 8
1684 7 -5 9
1685 8 -4 9
1686 8 -4 9
1687 8 -3 9
1688 8 -3 8
1689 7 -3 7
1690 7 -3 6
1691 6 -3 6
1692 6 -3 6
1693 6 -3 7
1694 6 -3 8
1695 6 -4 8
1696 6 -4 7
1697 6 -4 7
1698 6 -4 8
1699 6 -4 8
1700 6 -4 8
1701 5 -4 8
1702 5 -4 9
1703 5 -4 9
1704 6 -4 8
1705 6 -4 8
1706 6 -4 8
1707 7 -4 7
1708 7 -4 7
1709 7 -5 7
1710 7 -5 8
1711 7 -5 8
1712 7 -5 8
1713 6 -5 8
1714 6 -5 8
1715 6 -5 8
1716 5 -5 8
1717 5 -5 8
1718 5 -5 8
1719 5 -5 8
1720 5 -5 8
1721 5 -5 8
1722 5 -5 8
1723 5 -5 8
1724 5 -5 8
1725 5 -5 8
1726 4 -5 8
1727 4 -5 8
1728 4 -5 8
1729 4 -5 8
1730 4 -5 9
1731 4 -6 9
1732 4 -6 10
1733 4 -6 11
1734 5 -6 10
1735 5 -5 9
1736 5 -5 9
1737 5 -4 10
1738 5 -4 9
1739 4 -4 9
1740 4 -4 8
1741 3 -4 9
1742 2 -4 9
1743 2 -4 9
1744 2 -3 9
1745 2 -3 8
1746 1 -3 8
1747 -2 -3 8
1748 -2 -2 8
1749 -1 2 11
1750 2 4 12
1751 2 5 13
1752 2 4 13
1753 2 5 13
1754 2 4 12
1755 -1 3 11
1756 -2 1 11
1757 -1 2 11
1758 2 2 9
1759 3 3 11
1760 4 4 11
1761 5 4 11
1762 4 3 11
1763 5 3 12
1764 6 3 11
1765 5 1 11
1766 4 -1 11
1767 3 -1 12
1768 2 -1 12
1769 2 -1 9
1770 1 -1 8
1771 -1 -2 7
1772 -2 -1 6
1773 -3 -1 5
1774 -3 1 4
1775 -3 2 3
1776 -4 2 2
1777 -5 3 2
1778 -6 4 2
1779 -6 5 2
1780 -5 8 3
1781 -3 11 5
1782 -3 12 7
1783 -3 13 10
1784 -2 13 11
1785 1 13 12
1786 2 13 10
1787 1 14 8
1788 -1 13 8
1789 -3 12 10
1790 -6 9 11
1791 -8 5 11
1792 -7 3 11
1793 -5 2 11
1794 -3 2 9
1795 -3 2 9
1796 -4 4 9
1797 -7 9 10
1798 -9 12 11
1799 -9 15 12
1800 -6 15 12
1801 -3 14 10
1802 -1 13 6
1803 -1 11 3
1804 -1 9 2
1805 -1 7 -1
1806 -2 6 -1
1807 -4 7 2
1808 -6 8 4
1809 -8 11 5
1810 -8 11 4
1811 -7 12 5
1812 -3 11 6
1813 -1 9 7
1814 -2 5 9
1815 -4 2 10
1816 -4 -1 10
1817 -2 -2 10
1818 -1 -3 10
1819 1 -4 8
1820 2 -3 7
1821 2 -2 7
1822 2 1 7
1823 2 4 10
1824 3 9 13
1825 1 11 13
1826 -3 10 13
1827 -4 8 12
1828 -3 7 11
1829 -2 6 9
1830 -1 6 6
1831 -1 6 4
1832 -2 6 4
1833 -3 6 4
1834 -4 6 4
1835 -5 6 6
1836 -6 6 9
1837 -5 7 9
1838 -3 8 8
1839 -2 8 7
1840 -3 7 7
1841 -5 6 8
1842 -5 5 8
1843 -6 4 9
1844 -5 3 8
1845 -4 3 7
1846 -3 4 7
1847 -3 5 7
1848 -3 7 7
1849 -4 8 7
1850 -4 10 8
1851 -4 10 9
1852 -4 10 9
1853 -4 9 10
1854 -3 8 10
1855 -2 8 9
1856 -2 7 9
1857 -1 6 8
1858 -1 6 8
1859 -1 6 8
1860 0 6 7
1861 -1 7 7
1862 -1 8 7
1863 -1 8 7
1864 -1 8 7
1865 -1 8 7
1866 -1 8 7
1867 -2 8 7
1868 -3 8 7
1869 -2 8 8
1870 -1 6 9
1871 -2 6 8
1872 -3 6 7
1873 -4 6 8
1874 -3 6 8
1875 -3 7 9
1876 -3 7 9
1877 -3 7 9
1878 -3 7 9
1879 -4 7 9
1880 -4 7 8
1881 -4 7 8
1882 -3 7 8
1883 -2 7 8
1884 -2 7 9
1885 -3 6 9
1886 -4 6 9
1887 -4 7 8
1888 -3 8 7
1889 -2 8 6
1890 -2 8 6
1891 -1 8 6
1892 -1 7 7
1893 -1 6 8
1894 -1 6 8
1895 -1 6 9
1896 1 6 9
1897 1 5 8
1898 1 5 9
1899 1 6 9
1900 1 6 9
1901 1 7 8
1902 1 7 9
1903 2 6 11
1904 2 6 12
1905 2 6 12
1906 1 6 11
1907 1 6 10
1908 1 6 9
1909 1 6 8
1910 1 6 8
1911 -1 6 8
1912 -1 6 8
1913 -1 6 8
1914 -1 7 9
1915 1 7 10
1916 0 6 9
1917 -1 6 8
1918 -1 6 9
1919 -1 5 8
1920 -1 5 8
1921 -1 6 8
1922 -1 6 8
1923 -1 6 8
1924 -1 5 8
1925 -1 5 8
1926 -1 6 8
1927 -1 6 9
1928 -1 6 9
1929 -1 6 10
1930 -1 5 9
1931 -1 5 9
1932 -1 6 9
1933 -1 6 9
1934 -1 6 9
1935 -1 6 9
1936 -1 6 9
1937 -1 6 10
1938 -1 6 9
1939 -1 6 9
1940 -1 6 9
1941 -1 6 9
1942 -1 6 9
1943 -1 6 9
1944 -1 6 9
1945 -1 6 9
1946 -1 6 9
1947 -1 6 9
1948 -1 6 9
1949 -1 6 9
1950 -1 6 9
1951 -1 6 9
1952 -1 6 9
1953 -1 6 9
1954 -1 6 9
1955 -1 6 8
1956 -1 6 9
1957 -1 6 9
1958 -2 6 9
1959 -2 6 9
1960 -2 6 9
1961 -3 6 9
1962 -4 6 9
1963 -3 6 9
1964 -3 6 10
1965 -3 6 10
1966 -3 6 10
1967 -3 6 10
1968 -3 6 10
1969 -3 6 10
1970 -3 6 10
1971 -3 6 10
1972 -2 6 10
1973 -3 6 10
1974 -3 6 10
1975 -2 6 10
1976 -2 6 10
1977 -2 5 10
1978 -2 5 10
1979 -2 5 10
1980 -2 5 10
1981 -2 5 11
1982 -2 4 11
1983 -2 4 11
1984 -1 4 11
1985 -1 4 10
1986 -1 3 10
1987 -1 3 9
1988 -1 3 9
1989 -1 3 9
1990 -1 2 9
1991 -1 2 9
1992 -1 2 9
1993 -1 2 9
1994 -2 2 9
1995 -2 2 9
1996 -2 1 9
1997 -2 1 9
1998 -2 1 8
1999 -3 1 8
2000 -3 1 8
2001 -4 1 8
2002 -4 1 8
2003 -4 1 8
2004 -5 1 8
2005 -5 1 7
2006 -5 1 7
2007 -5 1 7
2008 -5 1 8
2009 -5 1 8
2010 -5 1 8
2011 -5 2 8
2012 -5 2 9
2013 -5 2 9
2014 -5 2 9
2015 -5 3 9
2016 -5 3 9
2017 -5 3 9
2018 -5 3 10
2019 -5 4 10
2020 -5 4 10
2021 -5 4 10
2022 -5 4 10
2023 -5 5 10
2024 -5 5 10
2025 -4 5 10
2026 -4 5 10
2027 -4 5 11
2028 -4 5 11
2029 -3 5 11
2030 -3 5 11
2031 -2 6 11
2032 -2 5 11
2033 -2 5 10
2034 -2 5 10
2035 -1 5 9
2036 -1 6 10
2037 -2 6 10
2038 -3 5 9
2039 -3 5 9
2040 -3 5 9
2041 -3 5 9
2042 -3 5 9
2043 -3 5 9
2044 -3 5 9
2045 -3 5 9
2046 -3 5 8
2047 -3 5 8
2048 -3 5 8
2049 -2 6 7
2050 -2 6 7
2051 -2 6 7
2052 -2 6 6
2053 -2 6 6
2054 -2 6 7
2055 -2 6 7
2056 -2 7 7
2057 -2 8 7
2058 -2 8 8
2059 -2 7 9
2060 -3 7 9
2061 -3 7 10
2062 -3 7 10
2063 -3 7 9
2064 -3 7 9
2065 -3 7 8
2066 -3 7 7
2067 -3 7 7
2068 -3 8 7
2069 -2 8 7
2070 -2 8 8
2071 -1 8 8
2072 -2 8 9
2073 -2 8 9
2074 -1 8 8
2075 -1 8 8
2076 -1 8 8
2077 -2 8 8
2078 -2 8 7
2079 -2 9 7
2080 -2 8 7
2081 -2 8 7
2082 -3 8 6
2083 -3 9 6
2084 -4 7 6
2085 -3 6 6
2086 -3 7 6
2087 -3 8 5
2088 -4 8 5
2089 -4 9 5
2090 -4 9 6
2091 -4 8 7
2092 -4 8 7
2093 -4 8 7
2094 -4 8 6
2095 -4 8 6
2096 -4 8 6
2097 -4 8 5
2098 -4 8 5
2099 -4 8 5
2100 -4 9 5
2101 -4 9 6
2102 -4 10 6
2103 -4 10 6
2104 -4 9 6
2105 -4 9 6
2106 -4 9 6
2107 -5 9 6
2108 -5 10 5
2109 -5 9 5
2110 -5 8 5
2111 -5 8 5
2112 -5 8 6
2113 -5 8 6
2114 -5 8 6
2115 -5 8 6
2116 -4 7 6
2117 -3 6 6
2118 -3 6 6
2119 -2 6 5
2120 -1 5 5
2121 -1 5 6
2122 -1 6 7
2123 -1 6 7
2124 -2 6 8
2125 -2 7 8
2126 -3 8 8
2127 -2 8 8
2128 -2 8 8
2129 -2 8 8
2130 -2 8 7
2131 -2 8 7
2132 -3 8 8
2133 -3 8 8
2134 -4 8 8
2135 -4 7 8
2136 -3 6 8
2137 -2 6 7
2138 -1 6 6
2139 -1 5 7
2140 -1 4 7
2141 1 4 8
2142 1 4 7
2143 0 4 7
2144 -1 4 7
2145 -1 4 7
2146 -2 4 6
2147 -2 4 6
2148 -2 5 6
2149 -3 5 5
2150 -4 7 5
2151 -5 7 6
2152 -7 7 8
2153 -9 8 10
2154 -10 8 10
2155 -10 7 9
2156 -11 7 9
2157 -11 7 8
2158 -10 7 7
2159 -10 7 7
2160 -11 7 6
2161 -11 7 6
2162 -11 7 7
2163 -11 7 8
2164 -10 7 8
2165 -10 7 8
2166 -11 7 9
2167 -11 7 8
2168 -11 8 7
2169 -11 8 7
2170 -10 8 6
2171 -8 6 4
2172 -6 4 1
2173 -9 2 -3
2174 -12 2 -3
2175 -7 3 2
2176 -2 -1 -1
2177 -6 -6 -1
2178 -11 -6 8
2179 -6 -3 11
2180 -3 -3 11
2181 -3 -4 11
2182 -3 -6 8
2183 -2 -7 5
2184 -3 -8 3
2185 -3 -9 3
2186 -3 -11 3
2187 -5 -11 4
2188 -7 -10 6
2189 -4 -10 8
2190 -2 -10 10
2191 -2 -10 9
2192 -2 -10 8
2193 -2 -9 7
2194 -3 -9 7
2195 -3 -10 7
2196 -2 -8 6
2197 -1 -8 4
2198 -1 -8 4
2199 -1 -9 4
2200 1 -8 4
2201 1 -8 4
2202 0 -9 4
2203 0 -9 4
2204 0 -9 4
2205 1 -9 4
2206 1 -9 4
2207 1 -9 4
2208 1 -9 4
2209 1 -9 4
2210 1 -9 4
2211 1 -9 4
2212 -1 -9 4
2213 -1 -9 4
2214 1 -8 5
2215 2 -8 4
2216 2 -8 4
2217 2 -8 4
2218 2 -8 3
2219 3 -8 3
2220 3 -8 2
2221 3 -9 2
2222 4 -9 3
2223 4 -9 5
2224 5 -9 5
2225 5 -8 6
2226 6 -8 6
2227 7 -7 6
2228 7 -7 7
2229 6 -7 7
2230 6 -7 7
2231 6 -7 8
2232 6 -6 9
2233 6 -6 8
2234 7 -8 8
2235 5 -9 7
2236 5 -6 9
2237 7 -4 10
2238 5 -5 8
2239 3 -6 8
2240 2 -6 8
2241 3 -5 8
2242 4 -5 8
2243 4 -5 8
2244 3 -5 9
2245 3 -5 8
2246 4 -5 8
2247 4 -4 8
2248 5 -4 8
2249 6 -4 10
2250 5 -3 11
2251 4 -3 11
2252 3 -4 11
2253 3 -4 11
2254 3 -4 11
2255 4 -4 11
2256 4 -4 11
2257 4 -4 11
2258 3 -4 11
2259 3 -4 11
2260 3 -5 10
2261 4 -4 9
2262 4 -5 9
2263 4 -6 9
2264 3 -6 9
2265 3 -6 10
2266 4 -6 10
2267 5 -6 10
2268 6 -6 10
2269 6 -7 10
2270 6 -7 10
2271 6 -6 9
2272 7 -5 7
2273 7 -3 7
2274 5 -3 10
2275 2 -3 12
2276 -1 -5 12
2277 -2 -6 11
2278 -3 -6 9
2279 -3 -5 7
2280 -2 -5 6
2281 -1 -5 6
2282 -2 -6 5
2283 -3 -6 6
2284 -4 -7 6
2285 -4 -7 7
2286 -4 -6 7
2287 -5 -6 7
2288 -4 -5 8
2289 -2 -4 7
2290 -2 -4 6
2291 -3 -5 6
2292 -4 -6 6
2293 -5 -6 7
2294 -6 -6 8
2295 -6 -6 7
2296 -5 -5 7
2297 -4 -4 8
2298 -4 -4 9
2299 -5 -4 10
2300 -6 -4 10
2301 -6 -4 10
2302 -6 -4 8
2303 -6 -4 7
2304 -7 -4 6
2305 -9 -4 5
2306 -9 -3 4
2307 -8 -3 2
2308 -8 -3 -1
2309 -9 -4 -2
2310 -9 -4 -4
2311 -8 -4 -6
2312 -6 -2 -6
2313 -6 -1 -5
2314 -10 -1 -5
2315 -11 1 -6
2316 -10 3 -6
2317 -8 6 -5
2318 -5 8 -5
2319 -3 8 -6
2320 -4 7 -9
2321 -7 6 -12
2322 -10 5 -13
2323 -11 5 -13
2324 -10 5 -12
2325 -10 5 -11
2326 -10 4 -9
2327 -9 4 -7
2328 -9 3 -5
2329 -8 2 -5
2330 -9 1 -6
2331 -9 1 -6
2332 -9 2 -6
2333 -10 2 -5
2334 -10 4 -5
2335 -8 5 -5
2336 -7 8 -3
2337 -7 10 -3
2338 -6 11 -4
2339 -6 11 -5
2340 -7 11 -5
2341 -7 10 -6
2342 -7 9 -5
2343 -6 10 -3
2344 -6 10 -2
2345 -7 10 -1
2346 -7 10 1
2347 -6 11 2
2348 -7 10 2
2349 -8 10 2
2350 -8 9 1
2351 -8 9 0
2352 -10 8 -1
2353 -10 7 -1
2354 -9 7 1
2355 -8 6 1
2356 -8 5 2
2357 -8 4 2
2358 -8 4 2
2359 -8 5 2
2360 -7 5 3
2361 -6 5 3
2362 -6 4 3
2363 -6 4 3
2364 -6 5 3
2365 -6 6 3
2366 -6 9 3
2367 -6 10 4
2368 -7 10 5
2369 -7 9 6
2370 -6 9 6
2371 -5 9 5
2372 -4 9 5
2373 -4 8 5
2374 -4 8 6
2375 -4 7 7
2376 -4 7 8
2377 -4 7 8
2378 -4 8 8
2379 -3 8 8
2380 -3 7 8
2381 -3 7 8
2382 -3 7 8
2383 -3 7 8
2384 -3 7 8
2385 -3 7 9
2386 -3 6 9
2387 -3 6 10
2388 -3 6 11
2389 -3 6 11
2390 -3 6 11
2391 -3 6 11
2392 -2 6 11
2393 -2 5 11
2394 -3 4 11
2395 -3 4 10
2396 -2 4 10
2397 -2 4 10
2398 -2 4 10
2399 -2 4 10
2400 -2 4 10
2401 -2 5 9
2402 -2 4 9
2403 -1 4 9
2404 -1 4 8
2405 -1 4 8
2406 -1 4 7
2407 -2 3 7
2408 -2 3 8
2409 -2 3 9
2410 -2 3 9
2411 -1 3 9
2412 -1 3 9
2413 -1 3 9
2414 -1 3 9
2415 -1 3 10
2416 -1 3 10
2417 -1 3 10
2418 -1 3 9
2419 -1 3 10
2420 0 3 10
2421 0 3 10
2422 -1 3 10
2423 -1 3 10
2424 -1 2 10
2425 -1 2 10
2426 0 3 10
2427 -1 2 11
2428 0 2 11
2429 1 2 11
2430 1 2 11
2431 1 2 11
2432 1 2 11
2433 0 2 11
2434 -1 2 11
2435 -1 2 10
2436 -2 2 10
2437 -2 2 10
2438 -2 2 10
2439 -2 2 10
2440 -2 2 10
2441 -2 2 10
2442 -1 2 10
2443 -1 2 11
2444 -1 2 11
2445 -1 2 11
2446 -1 2 11
2447 -1 2 11
2448 -1 2 11
2449 -1 2 11
2450 -1 2 11
2451 -1 2 11
2452 -1 2 10
2453 -1 2 10
2454 -1 2 10
2455 -1 2 10
2456 0 2 10
2457 1 2 10
2458 2 2 10
2459 2 2 10
2460 2 2 10
2461 2 2 9
2462 3 2 9
2463 3 2 9
2464 2 2 9
2465 3 2 9
2466 2 2 9
2467 2 3 9
2468 1 3 9
2469 1 3 9
2470 1 3 9
2471 0 4 10
2472 -1 4 10
2473 -1 4 10
2474 -2 4 10
2475 -2 4 11
2476 -3 4 11
2477 -3 5 11
2478 -4 4 11
2479 -5 4 11
2480 -5 4 11
2481 -5 4 11
2482 -6 4 11
2483 -6 4 11
2484 -6 4 10
2485 -6 4 10
2486 -6 4 9
2487 -6 4 9
2488 -5 5 9
2489 -5 5 9
2490 -4 5 9
2491 -4 5 9
2492 -4 5 9
2493 -4 6 9
2494 -3 6 9
2495 -2 6 9
2496 -2 6 10
2497 -1 6 10
2498 1 6 10
2499 2 6 11
2500 2 6 11
2501 2 6 11
2502 2 5 11
2503 2 5 11
2504 1 5 10
2505 -1 5 10
2506 -1 5 9
2507 -2 5 9
2508 -2 5 9
2509 -3 5 9
2510 -2 5 8
2511 -3 5 8
2512 -2 6 7
2513 -2 6 7
2514 -2 6 7
2515 -2 6 7
2516 -2 5 7
2517 -4 5 8
2518 -4 4 8
2519 -4 4 9
2520 -3 5 9
2521 -2 5 10
2522 -2 6 10
2523 -2 6 10
2524 -2 6 10
2525 -2 6 10
2526 -2 6 10
2527 -2 6 10
2528 -2 6 10
2529 -2 6 10
2530 -2 6 9
2531 -2 6 9
2532 -2 6 9
2533 -2 6 9
2534 -2 6 9
2535 -2 7 9
2536 -2 7 9
2537 -2 7 9
2538 -2 7 9
2539 -2 7 9
2540 -2 7 9
2541 -2 7 8
2542 -2 7 8
2543 -2 7 8
2544 -2 7 9
2545 -2 7 9
2546 -2 7 9
2547 -2 7 8
2548 -2 7 8
2549 -2 7 8
2550 -2 7 8
2551 -2 7 8
2552 -2 7 8
2553 -2 7 7
2554 -2 7 7
2555 -1 7 7
2556 -1 7 7
2557 -1 7 7
2558 -1 7 7
2559 -1 7 6
2560 -1 7 6
2561 -2 8 6
2562 -2 8 6
2563 -2 7 6
2564 -2 7 7
2565 -3 8 6
2566 -3 8 7
2567 -3 8 7
2568 -4 9 8
2569 -4 9 8
2570 -4 9 8
2571 -4 9 9
2572 -4 8 8
2573 -4 8 7
2574 -4 9 6
2575 -3 10 6
2576 -2 9 7
2577 -2 8 7
2578 -3 9 6
2579 -3 9 6
2580 -4 9 7
2581 -4 9 8
2582 -4 8 7
2583 -4 8 7
2584 -4 7 7
2585 -3 7 6
2586 -3 7 6
2587 -2 7 6
2588 -2 7 6
2589 -1 8 6
2590 -2 9 6
2591 -2 11 7
2592 -2 11 8
2593 -2 11 8
2594 -2 11 7
2595 -3 11 7
2596 -3 11 8
2597 -3 11 8
2598 -2 11 7
2599 -2 10 5
2600 -2 10 4
2601 -3 9 4
2602 -4 9 4
2603 -5 8 4
2604 -5 7 4
2605 -5 7 4
2606 -5 6 5
2607 -5 6 5
2608 -6 6 5
2609 -6 6 5
2610 -6 6 5
2611 -6 7 5
2612 -6 8 6
2613 -6 9 6
2614 -6 10 7
2615 -6 8 8
2616 -4 7 10
2617 -5 6 11
2618 -8 6 11
2619 -7 5 11
2620 -5 6 10
2621 -4 6 8
2622 -5 6 7
2623 -5 6 6
2624 -5 6 5
2625 -5 6 5
2626 -5 7 6
2627 -4 8 7
2628 -4 9 8
2629 -5 9 8
2630 -6 8 7
2631 -6 7 6
2632 -6 8 5
2633 -6 9 4
2634 -6 10 2
2635 -5 8 4
2636 -3 6 6
2637 -3 7 9
2638 -4 9 8
2639 -4 9 9
2640 -5 8 11
2641 -5 9 11
2642 -4 10 9
2643 -5 10 7
2644 -7 10 6
2645 -7 9 4
2646 -7 9 3
2647 -7 8 3
2648 -6 7 3
2649 -6 7 2
2650 -5 7 3
2651 -4 7 3
2652 -4 7 4
2653 -3 8 4
2654 -3 8 5
2655 -4 9 5
2656 -4 10 5
2657 -4 11 5
2658 -4 11 5
2659 -4 11 5
2660 -4 10 6
2661 -3 9 6
2662 -3 8 6
2663 -4 8 6
2664 -5 8 5
2665 -4 8 6
2666 -3 8 7
2667 -3 7 8
2668 -3 7 8
2669 -3 6 8
2670 -4 6 7
2671 -4 6 7
2672 -5 6 6
2673 -5 6 6
2674 -5 5 6
2675 -5 5 5
2676 -5 5 5
2677 -5 5 4
2678 -4 5 4
2679 -4 5 3
2680 -4 4 3
2681 -3 4 3
2682 -3 4 3
2683 -3 6 4
2684 -5 10 6
2685 -7 12 8
2686 -9 13 10
2687 -8 13 11
2688 -5 13 11
2689 -4 12 10
2690 -4 11 8
2691 -4 9 8
2692 -4 8 7
2693 -4 8 7
2694 -3 7 8
2695 -4 7 8
2696 -4 6 7
2697 -5 7 7
2698 -4 7 7
2699 -4 8 7
2700 -4 8 7
2701 -3 8 7
2702 -3 8 7
2703 -3 8 7
2704 -4 7 6
2705 -5 6 6
2706 -5 6 6
2707 -5 5 6
2708 -5 6 5
2709 -5 7 5
2710 -4 8 5
2711 -3 8 5
2712 -2 9 6
2713 -3 8 7
2714 -4 7 6
2715 -5 6 6
2716 -6 5 6
2717 -6 5 6
2718 -6 4 7
2719 -6 4 7
2720 -5 5 7
2721 -5 5 8
2722 -6 5 8
2723 -6 6 8
2724 -7 6 8
2725 -7 6 9
2726 -6 6 9
2727 -6 6 9
2728 -6 6 9
2729 -7 6 9
2730 -7 6 9
2731 -7 7 9
2732 -6 7 9
2733 -6 7 9
2734 -5 7 9
2735 -5 7 8
2736 -5 7 8
2737 -5 7 8
2738 -5 8 8
2739 -5 8 8
2740 -5 9 7
2741 -5 10 7
2742 -6 10 7
2743 -5 9 7
2744 -3 7 7
2745 -3 7 7
2746 -4 7 6
2747 -5 7 5
2748 -5 6 6
2749 -5 5 6
2750 -4 5 6
2751 -4 4 5
2752 -3 4 6
2753 -2 4 6
2754 -2 4 7
2755 -2 4 8
2756 -3 5 9
2757 -3 5 10
2758 -3 5 11
2759 -3 6 10
2760 -3 7 10
2761 -3 8 10
2762 -3 7 11
2763 -3 7 11
2764 -4 7 10
2765 -4 7 10
2766 -4 7 10
2767 -4 7 10
2768 -3 6 10
2769 -3 6 11
2770 -2 6 11
2771 -2 5 11
2772 -2 5 11
2773 -2 5 11
2774 -1 5 10
2775 -1 5 10
2776 -2 5 10
2777 -1 5 11
2778 -1 4 11
2779 -2 3 11
2780 -3 3 11
2781 -5 3 11
2782 -4 4 11
2783 -3 5 11
2784 -3 4 11
2785 -4 4 10
2786 -4 4 9
2787 -3 4 8
2788 -3 3 7
2789 -3 3 6
2790 -3 2 6
2791 -4 2 7
2792 -4 1 7
2793 -3 2 7
2794 -2 1 8
2795 -2 1 8
2796 -3 -1 9
2797 -3 1 9
2798 -2 1 9
2799 -1 1 8
2800 -1 1 9
2801 -2 -1 9
2802 -3 -1 10
2803 -3 -1 10
2804 -3 -1 10
2805 -3 -1 10
2806 -3 -1 11
2807 -3 -1 10
2808 -2 0 10
2809 -1 1 11
2810 -2 1 11
2811 -2 1 11
2812 -1 1 11
2813 -2 1 11
2814 -2 0 11
2815 -2 1 11
2816 -2 1 11
2817 -2 1 11
2818 -2 1 11
2819 -1 1 11
2820 -1 1 10
2821 -1 1 10
2822 -1 1 10
2823 -2 1 10
2824 -2 0 10
2825 -2 1 10
2826 -2 1 9
2827 -2 1 9
2828 -2 1 8
2829 -2 1 8
2830 -3 1 8
2831 -3 2 8
2832 -3 2 8
2833 -3 2 8
2834 -3 3 9
2835 -3 3 9
2836 -3 4 9
2837 -2 4 9
2838 -2 4 10
2839 -2 4 10
2840 -1 4 11
2841 -1 5 11
2842 -1 5 11
2843 0 5 11
2844 -1 5 12
2845 -1 5 12
2846 -1 5 12
2847 -2 5 12
2848 -2 5 12
2849 -2 5 11
2850 -3 5 11
2851 -4 4 11
2852 -4 4 11
2853 -4 4 11
2854 -4 4 11
2855 -4 4 11
2856 -4 4 11
2857 -4 4 11
2858 -4 4 11
2859 -3 4 11
2860 -3 4 11
2861 -3 4 11
2862 -3 4 10
2863 -2 3 9
2864 -2 3 9
2865 -2 3 8
2866 -1 3 7
2867 -1 2 7
2868 -1 2 8
2869 -1 2 8
2870 0 2 8
2871 1 2 9
2872 1 2 9
2873 1 2 9
2874 1 2 10
2875 -1 1 10
2876 -1 1 10
2877 0 2 11
2878 -1 2 11
2879 -2 1 11
2880 -2 1 11
2881 -3 1 11
2882 -3 1 11
2883 -4 1 11
2884 -4 1 11
2885 -4 1 10
2886 -5 1 10
2887 -5 1 9
2888 -6 0 9
2889 -6 -1 8
2890 -7 -1 8
2891 -7 -1 9
2892 -6 -1 9
2893 -5 1 9
2894 -4 1 9
2895 -3 3 9
2896 -1 4 7
2897 1 4 5
2898 -1 4 3
2899 -2 4 4
2900 -3 4 4
2901 -2 5 4
2902 -2 5 5
2903 -3 5 6
2904 -4 6 8
2905 -6 6 10
2906 -6 6 11
2907 -6 7 11
2908 -6 7 11
2909 -5 8 11
2910 -5 8 11
2911 -5 8 11
2912 -5 8 11
2913 -6 7 12
2914 -6 7 12
2915 -6 7 11
2916 -5 7 11
2917 -4 7 10
2918 -4 7 9
2919 -4 8 8
2920 -4 7 8
2921 -4 8 7
2922 -4 8 7
2923 -3 8 7
2924 -3 8 7
2925 -3 8 7
2926 -4 8 7
2927 -4 8 7
2928 -4 8 7
2929 -4 8 6
2930 -4 8 6
2931 -4 8 6
2932 -4 8 6
2933 -4 8 6
2934 -4 8 6
2935 -4 8 6
2936 -4 8 6
2937 -4 8 6
2938 -4 8 6
2939 -4 8 6
2940 -4 8 6
2941 -4 8 6
2942 -4 8 6
2943 -4 8 6
2944 -4 8 6
2945 -4 8 6
2946 -4 8 6
2947 -4 8 6
2948 -4 8 6
2949 -4 8 7
2950 -5 7 8
2951 -5 7 10
2952 -4 7 11
2953 -4 7 11
2954 -5 6 12
2955 -5 6 12
2956 -6 6 12
2957 -5 5 12
2958 -5 5 12
2959 -4 5 13
2960 -4 5 13
2961 -4 5 13
2962 -4 5 13
2963 -4 5 14
2964 -4 4 13
2965 -3 3 13
2966 -3 2 12
2967 -3 -1 11
2968 -3 -2 11
2969 -3 -3 9
2970 -2 -4 7
2971 -2 -4 5
2972 -2 -5 3
2973 -2 -6 2
2974 -2 -6 1
2975 -2 -6 -1
2976 -2 -6 -3
2977 -2 -6 -3
2978 -1 -6 -4
2979 -1 -6 -5
2980 -1 -6 -6
2981 -1 -5 -6
2982 -1 -5 -7
2983 0 -5 -7
2984 1 -4 -7
2985 1 -4 -8
2986 2 -4 -8
2987 2 -3 -8
2988 2 -3 -9
2989 3 -2 -10
2990 4 -1 -10
2991 4 -1 -11
2992 3 -1 -11
2993 3 -1 -11
2994 3 -1 -11
2995 3 0 -11
2996 3 0 -11
2997 3 0 -11
2998 3 0 -11
2999 3 0 -11
3000 3 0 -11
3001 3 0 -11
3002 3 0 -11
3003 3 0 -11
3004 3 0 -11
3005 3 -1 -11
3006 3 -1 -11
3007 3 -1 -11
3008 3 -1 -11
3009 3 -1 -11
3010 3 -1 -11
3011 3 -1 -11
3012 3 -1 -10
3013 2 -1 -10
3014 2 -1 -10
3015 2 -1 -10
3016 3 -1 -9
3017 3 -1 -9
3018 2 -1 -8
3019 2 -2 -9
3020 1 -2 -9
3021 1 -3 -9
3022 0 -4 -8
3023 -1 -5 -8
3024 -1 -6 -8
3025 -1 -7 -7
3026 -2 -8 -7
3027 -2 -9 -6
3028 -2 -9 -5
3029 -2 -9 -4
3030 0 -9 -2
3031 -1 -9 2
3032 -1 -10 4
3033 -1 -10 4
3034 1 -10 6
3035 1 -10 8
3036 -2 -11 11
3037 -3 -11 11
3038 -2 -10 11
3039 -1 -8 11
3040 1 -6 12
3041 2 -4 12
3042 1 -4 10
3043 -2 -3 8
3044 -2 -2 9
3045 -1 -1 11
3046 -1 -1 11
3047 -2 -2 10
3048 -2 -1 8
3049 2 1 9
3050 1 1 10
3051 -1 1 11
3052 1 2 11
3053 2 2 11
3054 1 2 11
3055 -1 1 10
3056 -1 1 10
3057 -1 0 10
3058 -2 0 10
3059 -1 1 10
3060 1 1 11
3061 1 1 11
3062 -1 1 11
3063 0 1 11
3064 1 1 11
3065 0 1 11
3066 -1 1 11
3067 0 1 10
3068 0 1 10
3069 1 1 10
3070 0 2 9
3071 0 1 9
3072 0 2 9
3073 1 2 8
3074 0 2 8
3075 1 2 8
3076 1 3 7
3077 1 3 8
3078 1 3 9
3079 -1 3 9
3080 -1 3 9
3081 0 3 9
3082 0 4 10
3083 -1 4 10
3084 -1 4 10
3085 -1 4 11
3086 -1 4 11
3087 -2 4 12
3088 -2 5 12
3089 -2 5 12
3090 -2 5 12
3091 -2 5 13
3092 -2 5 12
3093 -1 5 12
3094 -1 5 11
3095 -2 5 11
3096 -2 5 11
3097 -1 5 11
3098 -1 5 11
3099 -1 5 11
3100 -1 4 10
3101 -1 4 10
3102 -1 4 10
3103 -1 4 10
3104 -1 3 10
3105 -1 3 10
3106 -1 3 10
3107 0 3 10
3108 1 3 10
3109 0 3 10
3110 0 2 10
3111 0 2 10
3112 0 2 10
3113 0 2 9
3114 0 1 9
3115 0 1 9
3116 0 1 8
3117 -1 1 8
3118 -1 0 8
3119 -2 0 8
3120 -2 0 7
3121 -2 0 7
3122 -2 1 7
3123 -2 1 7
3124 -2 1 8
3125 -2 1 8
3126 -2 1 8
3127 -2 2 8
3128 -2 2 9
3129 -3 2 9
3130 -3 3 10
3131 -2 3 10
3132 -2 3 10
3133 -3 3 11
3134 -3 4 11
3135 -2 4 11
3136 -2 4 11
3137 -2 4 11
3138 -2 5 11
3139 -2 4 11
3140 -3 4 11
3141 -3 4 11
3142 -2 5 11
3143 -2 5 11
3144 -3 5 11
3145 -3 5 10
3146 -3 5 11
3147 -3 5 11
3148 -3 5 11
3149 -3 5 11
3150 -3 5 11
3151 -3 5 11
3152 -3 5 11
3153 -3 5 11
3154 -3 5 11
3155 -3 5 11
3156 -3 4 11
3157 -3 4 11
3158 -3 4 11
3159 -3 4 11
3160 -3 4 10
3161 -3 3 10
3162 -3 3 9
3163 -3 3 9
3164 -3 2 9
3165 -3 2 9
3166 -2 2 9
3167 -2 2 9
3168 -2 1 8
3169 -2 1 7
3170 -2 1 7
3171 -3 0 6
3172 -2 0 6
3173 -2 0 7
3174 -2 0 7
3175 -2 0 7
3176 -2 1 7
3177 -2 1 7
3178 -2 2 7
3179 -2 2 7
3180 -1 2 7
3181 -1 3 6
3182 -1 3 6
3183 -2 4 7
3184 -3 4 8
3185 -3 5 8
3186 -4 5 8
3187 -4 6 9
3188 -5 6 9
3189 -5 6 9
3190 -6 7 9
3191 -7 7 9
3192 -6 7 9
3193 -6 9 10
3194 -5 9 11
3195 -5 9 11
3196 -5 8 11
3197 -5 8 11
3198 -5 8 11
3199 -5 7 10
3200 -4 7 10
3201 -5 7 10
3202 -5 7 9
3203 -5 7 8
3204 -5 7 8
3205 -5 8 7
3206 -5 8 7
3207 -5 8 7
3208 -5 9 7
3209 -5 9 7
3210 -5 9 7
3211 -5 8 7
3212 -5 8 6
3213 -4 9 5
3214 -4 10 5
3215 -4 10 4
3216 -4 9 4
3217 -4 9 4
3218 -4 9 4
3219 -4 9 4
3220 -5 9 4
3221 -5 9 4
3222 -5 9 4
3223 -5 8 4
3224 -5 8 5
3225 -5 8 5
3226 -4 8 6
3227 -4 8 7
3228 -4 8 7
3229 -5 7 9
3230 -6 7 10
3231 -6 8 11
3232 -4 8 10
3233 -4 8 10
3234 -3 7 10
3235 -3 7 9
3236 -3 6 8
3237 -3 6 8
