t x y z
0 -4 -2 7
1 -3 -2 7
2 -3 -2 7
3 -4 -2 8
4 -4 -2 7
5 -3 -2 7
6 -3 -2 7
7 -4 -2 8
8 -4 -2 8
9 -4 -2 9
10 -5 -2 9
11 -5 -3 9
12 -5 -2 10
13 -5 -2 10
14 -5 -2 10
15 -5 -2 10
16 -6 -2 11
17 -6 -2 11
18 -6 -2 10
19 -5 -2 10
20 -5 -1 10
21 -5 -2 9
22 -5 -2 10
23 -5 -1 10
24 -5 -1 9
25 -5 -1 9
26 -5 -2 9
27 -5 -1 9
28 -5 -1 9
29 -5 -1 9
30 -5 -2 9
31 -5 -1 9
32 -5 -1 9
33 -5 -1 9
34 -5 -1 9
35 -5 -1 8
36 -5 -2 8
37 -6 -2 9
38 -6 -2 9
39 -6 -1 10
40 -6 -1 9
41 -5 -1 9
42 -5 -1 9
43 -5 -2 9
44 -7 -2 10
45 -7 -1 10
46 -5 0 9
47 -5 1 8
48 -4 1 7
49 -4 1 7
50 -4 1 7
51 -5 -1 7
52 -5 -1 7
53 -5 -1 7
54 -5 -1 7
55 -5 -3 8
56 -6 -3 8
57 -6 -2 10
58 -5 1 11
59 -5 1 11
60 -4 1 11
61 -4 2 10
62 -5 2 10
63 -5 2 11
64 -5 3 11
65 -5 3 12
66 -5 2 12
67 -5 2 11
68 -5 1 11
69 -6 1 10
70 -6 2 11
71 -6 2 10
72 -6 2 10
73 -6 2 9
74 -5 2 8
75 -5 2 8
76 -5 2 8
77 -5 3 8
78 -5 3 8
79 -5 3 9
80 -6 3 10
81 -6 3 10
82 -6 3 9
83 -6 4 10
84 -5 4 11
85 -5 5 11
86 -6 5 10
87 -6 4 10
88 -6 3 9
89 -6 3 7
90 -5 2 6
91 -5 2 6
92 -5 2 6
93 -5 2 7
94 -4 2 8
95 -4 2 8
96 -4 1 9
97 -5 1 9
98 -6 2 10
99 -6 3 12
100 -6 4 13
101 -6 4 12
102 -6 4 11
103 -6 4 11
104 -6 4 10
105 -5 4 9
106 -4 3 7
107 -4 3 6
108 -4 3 5
109 -5 2 6
110 -5 3 7
111 -5 3 8
112 -7 3 10
113 -6 3 10
114 -5 3 9
115 -6 2 9
116 -6 2 10
117 -5 3 10
118 -6 2 10
119 -6 1 9
120 -6 1 8
121 -5 -1 6
122 -5 -1 6
123 -5 -2 6
124 -4 -1 6
125 -4 -1 7
126 -4 1 10
127 -5 2 11
128 -7 2 12
129 -9 3 13
130 -8 3 12
131 -7 3 11
132 -7 4 10
133 -7 4 9
134 -6 4 8
135 -4 4 7
136 -4 3 6
137 -4 3 5
138 -5 3 5
139 -5 3 7
140 -6 3 9
141 -7 3 10
142 -6 3 10
143 -5 4 10
144 -4 5 11
145 -3 5 11
146 -2 5 10
147 -2 4 10
148 -2 3 9
149 -3 2 8
150 -2 2 8
151 -2 2 7
152 -2 2 8
153 -1 2 8
154 1 3 10
155 0 4 11
156 -1 6 11
157 -2 7 12
158 -2 7 12
159 -3 8 11
160 -3 7 11
161 -2 6 9
162 -2 5 6
163 -2 4 5
164 -2 4 6
165 -2 4 7
166 -2 5 8
167 -2 5 8
168 -2 6 9
169 -2 7 11
170 -1 7 11
171 -1 6 10
172 -2 7 10
173 -2 8 11
174 -1 8 12
175 -1 8 11
176 -2 6 9
177 -2 5 7
178 -3 4 7
179 -3 4 7
180 -3 4 8
181 -2 5 9
182 -1 5 9
183 -1 5 9
184 -1 4 9
185 1 4 9
186 1 4 9
187 1 3 9
188 1 4 10
189 -1 6 11
190 -2 7 12
191 -3 7 12
192 -4 6 11
193 -3 5 9
194 -3 4 7
195 -3 3 6
196 -4 3 7
197 -3 3 7
198 -3 3 7
199 -2 3 8
200 -2 2 7
201 -3 2 7
202 -3 4 9
203 -4 6 12
204 -5 8 13
205 -5 8 11
206 -5 6 10
207 -5 5 8
208 -5 4 7
209 -5 3 7
210 -4 3 8
211 -3 3 10
212 -4 3 11
213 -3 3 11
214 -3 3 11
215 -3 3 11
216 -2 3 11
217 -2 3 11
218 -2 2 11
219 -2 2 10
220 -3 1 10
221 -3 -1 9
222 -3 -1 9
223 -3 -1 10
224 -3 0 10
225 -3 0 10
226 -3 1 11
227 -3 1 11
228 -3 2 11
229 -4 3 11
230 -6 4 12
231 -7 5 11
232 -7 6 9
233 -6 6 8
234 -5 6 8
235 -4 5 7
236 -4 3 7
237 -4 3 6
238 -4 2 7
239 -4 2 9
240 -4 2 10
241 -4 2 10
242 -5 1 9
243 -5 2 9
244 -6 3 10
245 -7 3 11
246 -7 4 11
247 -7 3 11
248 -6 3 10
249 -6 2 7
250 -4 2 4
251 -3 2 3
252 -4 3 5
253 -4 4 9
254 -4 3 11
255 -5 2 10
256 -5 1 8
257 -5 0 7
258 -5 0 9
259 -5 1 10
260 -3 2 10
261 -2 2 11
262 -2 2 10
263 -3 3 11
264 -5 4 12
265 -8 5 12
266 -9 5 11
267 -9 5 11
268 -8 4 11
269 -7 3 9
270 -7 2 8
271 -6 2 8
272 -6 2 9
273 -6 2 9
274 -5 2 8
275 -4 2 8
276 -5 0 10
277 -5 -2 9
278 -5 -2 9
279 -5 -2 10
280 -5 0 10
281 -5 1 10
282 -7 -1 10
283 -8 -2 10
284 -7 -1 9
285 -6 -1 8
286 -7 -1 7
287 -6 -1 6
288 -6 0 6
289 -5 0 5
290 -5 1 6
291 -5 2 9
292 -5 3 10
293 -5 2 8
294 -5 1 7
295 -6 -1 7
296 -7 -2 8
297 -7 -1 10
298 -5 1 9
299 -4 1 9
300 -5 1 10
301 -6 -1 11
302 -7 -1 11
303 -5 -1 9
304 -4 -1 8
305 -4 -1 9
306 -5 -1 9
307 -6 -1 10
308 -6 -1 10
309 -6 -1 9
310 -6 -1 9
311 -5 0 9
312 -5 0 9
313 -6 0 9
314 -6 -1 9
315 -5 1 9
316 -6 -1 9
317 -6 -2 8
318 -5 0 9
319 -5 1 10
320 -6 1 11
321 -8 1 12
322 -7 1 11
323 -8 1 11
324 -9 1 10
325 -9 1 9
326 -9 -1 8
327 -9 -2 7
328 -10 -2 7
329 -8 -2 6
330 -9 -2 6
331 -8 -2 6
332 -8 -2 6
333 -8 -3 6
334 -7 -3 6
335 -6 -3 5
336 -6 -3 6
337 -5 -2 6
338 -5 -3 6
339 -4 -2 7
340 -3 -3 6
341 -4 -3 6
342 -4 -3 7
343 -4 -3 7
344 -3 -2 7
345 -3 -2 9
346 -3 -1 9
347 -3 -1 10
348 -3 -1 11
349 -4 -1 11
350 -4 -1 11
351 -4 -1 11
352 -5 -1 11
353 -5 -1 11
354 -5 -1 11
355 -6 -1 11
356 -6 -1 10
357 -7 -1 10
358 -6 0 10
359 -6 0 10
360 -7 0 10
361 -8 -1 10
362 -8 -1 10
363 -7 1 9
364 -7 0 10
365 -7 -1 10
366 -6 -1 9
367 -6 0 9
368 -6 -1 8
369 -6 -1 8
370 -5 -1 8
371 -5 -1 8
372 -5 -1 9
373 -5 -1 8
374 -5 -1 8
375 -5 -1 9
376 -5 -1 9
377 -5 -1 9
378 -5 -1 9
379 -5 -1 9
380 -5 -1 9
381 -6 -1 9
382 -6 -1 9
383 -6 -1 9
384 -6 -1 9
385 -6 -1 9
386 -6 -1 9
387 -6 -1 9
388 -6 -1 9
389 -6 -1 9
390 -6 -1 9
391 -6 -1 9
392 -6 -1 9
393 -6 -1 9
394 -6 -1 9
395 -6 -1 9
396 -5 -1 8
397 -6 -1 9
398 -6 -1 9
399 -6 -1 9
400 -6 -1 9
401 -6 -1 9
402 -6 -1 9
403 -6 -1 9
404 -6 -1 9
405 -6 -1 9
406 -6 -1 9
407 -6 -1 9
408 -6 -1 9
409 -6 -1 9
410 -5 -1 9
411 -5 0 9
412 -5 -1 9
413 -6 -1 9
414 -6 -1 9
415 -6 0 9
416 -6 0 9
417 -6 -1 9
418 -6 -1 9
419 -6 -1 9
420 -6 0 9
421 -6 -1 9
422 -6 0 9
423 -6 1 9
424 -6 1 8
425 -6 1 8
426 -6 1 8
427 -6 0 8
428 -6 1 8
429 -6 1 7
430 -6 1 7
431 -6 -1 7
432 -5 -1 7
433 -6 -1 8
434 -6 -1 8
435 -6 -1 8
436 -6 -1 8
437 -7 -1 9
438 -7 1 9
439 -6 1 9
440 -6 1 9
441 -6 1 9
442 -6 2 9
443 -6 2 9
444 -6 2 8
445 -6 2 9
446 -6 2 9
447 -5 2 8
448 -5 2 8
449 -5 2 8
450 -5 2 7
451 -5 2 7
452 -5 2 7
453 -5 2 7
454 -5 2 7
455 -5 2 7
456 -5 1 7
457 -6 1 8
458 -6 1 8
459 -5 1 8
460 -6 1 8
461 -6 1 9
462 -6 2 10
463 -6 2 10
464 -6 2 11
465 -7 2 11
466 -7 2 11
467 -6 2 11
468 -7 2 10
469 -7 2 10
470 -7 2 9
471 -7 2 10
472 -6 3 9
473 -6 3 9
474 -6 3 10
475 -5 2 10
476 -6 2 10
477 -6 2 11
478 -5 2 10
479 -5 2 10
480 -5 1 10
481 -6 1 10
482 -5 1 11
483 -5 1 11
484 -5 1 11
485 -4 1 11
486 -4 1 11
487 -5 1 11
488 -4 1 10
489 -4 1 10
490 -4 1 9
491 -4 1 9
492 -4 1 10
493 -4 1 10
494 -4 1 11
495 -4 1 11
496 -4 1 11
497 -3 1 11
498 -3 1 11
499 -4 1 12
500 -4 1 12
501 -5 1 12
502 -5 1 13
503 -6 0 13
504 -6 1 13
505 -5 1 13
506 -4 1 12
507 -5 -1 11
508 -5 -1 10
509 -4 -1 10
510 -3 0 10
511 -3 1 11
512 -3 1 11
513 -3 -1 11
514 -3 -1 9
515 -3 -1 9
516 -3 -1 10
517 -3 -2 10
518 -4 -2 9
519 -4 -2 9
520 -4 -2 9
521 -4 -2 8
522 -3 -2 8
523 -3 -2 8
524 -4 -3 7
525 -4 -3 6
526 -3 -3 6
527 -3 -3 6
528 -3 -3 6
529 -3 -3 7
530 -3 -3 7
531 -4 -4 7
532 -3 -4 6
533 -3 -4 5
534 -2 -4 6
535 -3 -5 6
536 -3 -4 7
537 -3 -4 8
538 -4 -4 9
539 -4 -4 9
540 -4 -4 10
541 -4 -5 10
542 -4 -5 10
543 -4 -5 9
544 -4 -5 9
545 -3 -5 10
546 -3 -4 10
547 -3 -4 11
548 -3 -4 11
549 -2 -3 10
550 -1 -2 10
551 -1 -2 11
552 -1 -2 11
553 1 -2 10
554 1 -2 10
555 1 -2 10
556 1 -2 10
557 1 -3 9
558 0 -2 9
559 1 -2 10
560 -1 -2 10
561 -2 -2 10
562 -1 -1 10
563 -1 -1 10
564 -2 -1 10
565 -3 -2 10
566 -2 -2 11
567 -2 -1 11
568 -3 -1 11
569 -2 -1 11
570 -2 -1 11
571 -1 -1 10
572 -1 -2 10
573 -1 -2 10
574 1 -1 10
575 2 0 11
576 4 1 11
577 3 1 11
578 3 1 11
579 2 0 11
580 1 -1 11
581 0 -1 11
582 -1 -1 11
583 -2 -2 10
584 -3 -2 10
585 -3 -2 10
586 -3 -2 10
587 -4 -2 10
588 -4 -2 9
589 -4 -2 10
590 -4 -2 10
591 -4 -2 10
592 -4 -2 10
593 -4 -2 10
594 -4 -2 10
595 -4 -2 9
596 -5 -2 9
597 -5 -2 9
598 -5 -2 9
599 -5 -2 8
600 -4 -2 8
601 -4 -2 9
602 -4 -1 9
603 -4 -1 9
604 -3 -1 9
605 -3 -1 9
606 -3 -1 9
607 -3 -1 10
608 -3 0 10
609 -3 0 11
610 -3 0 11
611 -2 1 11
612 -2 1 11
613 -2 1 11
614 -1 2 11
615 -1 2 11
616 -1 1 11
617 -1 1 11
618 -1 2 11
619 -1 2 11
620 0 2 11
621 1 2 11
622 -1 2 11
623 -1 2 10
624 0 2 10
625 1 3 10
626 1 3 11
627 -1 3 11
628 -2 3 11
629 -2 3 11
630 -3 3 11
631 -4 2 11
632 -4 2 10
633 -5 2 10
634 -5 2 10
635 -6 1 9
636 -6 1 9
637 -6 1 9
638 -5 1 9
639 -5 2 9
640 -5 1 10
641 -5 1 9
642 -4 1 9
643 -4 2 10
644 -3 2 10
645 -3 2 10
646 -3 2 10
647 -3 2 10
648 -3 2 10
649 -3 1 10
650 -3 1 10
651 -3 1 10
652 -3 1 10
653 -3 2 10
654 -3 2 10
655 -3 2 10
656 -3 2 11
657 -3 2 11
658 -3 2 10
659 -3 2 10
660 -3 1 10
661 -3 2 10
662 -3 2 10
663 -3 2 10
664 -3 2 10
665 -3 2 10
666 -3 2 10
667 -3 2 10
668 -3 2 10
669 -3 2 10
670 -3 2 10
671 -4 2 10
672 -4 2 9
673 -4 2 9
674 -4 2 10
675 -4 3 10
676 -4 3 10
677 -5 3 9
678 -5 3 9
679 -5 3 8
680 -5 3 9
681 -5 3 9
682 -5 3 8
683 -5 4 8
684 -4 3 7
685 -4 3 6
686 -3 4 5
687 -3 4 5
688 -4 4 6
689 -5 4 6
690 -6 3 8
691 -6 4 8
692 -7 5 9
693 -9 5 11
694 -9 6 12
695 -9 6 12
696 -9 5 11
697 -8 5 10
698 -8 5 9
699 -8 5 8
700 -8 7 8
701 -10 8 8
702 -9 9 8
703 -7 9 7
704 -5 9 6
705 -4 9 5
706 -4 8 4
707 -4 7 5
708 -4 6 5
709 -5 6 6
710 -5 6 7
711 -5 6 7
712 -5 7 7
713 -5 7 8
714 -5 7 8
715 -4 8 8
716 -3 8 9
717 -3 7 10
718 -4 6 10
719 -4 6 9
720 -5 6 9
721 -6 7 9
722 -7 8 10
723 -7 8 9
724 -6 8 8
725 -4 7 6
726 -3 6 6
727 -3 5 6
728 -4 5 6
729 -5 4 8
730 -5 4 9
731 -6 4 9
732 -5 5 8
733 -6 5 8
734 -6 6 9
735 -6 7 10
736 -6 6 11
737 -6 5 11
738 -6 4 11
739 -6 4 11
740 -5 3 11
741 -7 2 11
742 -7 2 11
743 -6 2 11
744 -6 2 11
745 -5 3 11
746 -5 3 10
747 -5 2 10
748 -5 2 10
749 -4 1 9
750 -5 1 8
751 -6 0 8
752 -6 0 8
753 -5 1 8
754 -4 1 7
755 -4 0 8
756 -4 -1 8
757 -4 -1 7
758 -4 -1 7
759 -5 -1 8
760 -5 -1 8
761 -6 -1 8
762 -6 -1 8
763 -6 -1 8
764 -5 -1 8
765 -5 -1 8
766 -5 -1 9
767 -6 -1 9
768 -5 0 9
769 -5 1 9
770 -5 0 9
771 -5 0 8
772 -5 0 8
773 -5 0 8
774 -6 -1 8
775 -6 -1 8
776 -7 1 10
777 -7 1 10
778 -10 -1 11
779 -10 -1 12
780 -9 1 12
781 -10 0 11
782 -9 0 11
783 -8 0 11
784 -7 1 10
785 -6 1 9
786 -5 1 8
787 -5 0 8
788 -5 -1 7
789 -4 -1 6
790 -3 -1 6
791 -3 -1 6
792 -4 -2 6
793 -4 -2 6
794 -4 -2 5
795 -4 -3 5
796 -4 -2 5
797 -4 -2 6
798 -5 -2 6
799 -5 -2 6
800 -5 -2 6
801 -6 -2 7
802 -6 -1 8
803 -7 -1 9
804 -7 -1 9
805 -7 -1 10
806 -8 0 11
807 -8 0 11
808 -7 1 11
809 -7 2 12
810 -8 1 12
811 -7 1 11
812 -6 2 11
813 -6 2 11
814 -6 2 10
815 -5 2 9
816 -5 2 9
817 -5 2 9
818 -5 2 8
819 -5 2 8
820 -5 1 8
821 -6 1 8
822 -6 1 8
823 -7 1 7
824 -8 0 7
825 -9 1 7
826 -9 1 7
827 -9 0 6
828 -8 0 7
829 -9 -1 7
830 -8 0 8
831 -7 1 8
832 -7 1 8
833 -6 1 9
834 -6 1 9
835 -6 1 9
836 -6 1 9
837 -6 1 9
838 -6 1 9
839 -6 1 8
840 -6 1 8
841 -6 1 8
842 -6 1 9
843 -6 1 9
844 -6 1 9
845 -6 1 9
846 -6 1 9
847 -6 1 9
848 -6 1 9
849 -6 1 9
850 -6 1 8
851 -6 1 8
852 -6 1 8
853 -6 1 8
854 -6 1 8
855 -6 1 7
856 -6 1 7
857 -7 1 7
858 -8 1 8
859 -9 1 9
860 -9 1 9
861 -8 1 9
862 -7 1 8
863 -7 1 8
864 -8 1 9
865 -9 -1 10
866 -10 -1 10
867 -11 -1 11
868 -12 -1 11
869 -12 -1 11
870 -13 -1 11
871 -12 0 10
872 -12 0 11
873 -13 -1 11
874 -13 -2 8
875 -12 -2 7
876 -11 -1 6
877 -10 -2 6
878 -9 -2 5
879 -7 -2 4
880 -6 -2 3
881 -5 -3 3
882 -4 -3 1
883 -3 -4 1
884 -3 -5 1
885 -2 -6 -1
886 -1 -7 -2
887 1 -7 -1
888 1 -7 -1
889 2 -8 1
890 2 -8 2
891 3 -8 2
892 4 -8 1
893 4 -9 1
894 5 -9 1
895 4 -9 3
896 4 -9 4
897 4 -9 5
898 4 -9 4
899 5 -9 3
900 5 -9 2
901 5 -10 2
902 6 -9 2
903 7 -8 2
904 8 -7 2
905 8 -7 3
906 7 -7 5
907 7 -7 6
908 8 -6 5
909 10 -4 3
910 9 -4 2
911 8 -4 1
912 8 -3 2
913 7 -3 3
914 5 -3 3
915 3 -2 3
916 2 -1 3
917 -2 1 3
918 -4 3 1
919 -4 1 -3
920 -9 -2 -3
921 -8 -2 -1
922 -8 -2 1
923 -10 -3 3
924 -11 -3 4
925 -12 -3 7
926 -11 -4 7
927 -11 -3 9
928 -11 -2 11
929 -10 -2 11
930 -10 -1 12
931 -11 -2 13
932 -11 -3 12
933 -9 -1 12
934 -9 -1 13
935 -8 -1 13
936 -7 0 13
937 -6 0 13
938 -6 0 13
939 -7 1 13
940 -5 1 13
941 -3 1 13
942 -4 1 14
943 -3 0 13
944 -2 1 12
945 -2 1 12
946 -2 1 12
947 -1 1 12
948 0 1 11
949 -1 1 11
950 -3 -1 11
951 -1 -1 11
952 -2 -1 11
953 -4 -3 11
954 -3 -3 14
955 -2 -3 16
956 -3 -3 16
957 -2 0 14
958 -1 2 13
959 -3 1 11
960 -6 -1 11
961 -6 -2 11
962 -5 -1 11
963 -4 -1 11
964 -3 -1 10
965 -3 -2 8
966 -4 -3 6
967 -4 -1 5
968 -4 2 7
969 -3 4 11
970 -3 3 10
971 -5 0 6
972 -5 1 8
973 -3 2 9
974 -2 1 7
975 -4 -1 6
976 -4 -1 8
977 -1 3 9
978 -1 3 10
979 -2 2 10
980 -3 2 11
981 -4 1 9
982 -3 1 7
983 -4 -1 7
984 -3 1 9
985 -2 1 9
986 -3 1 9
987 -3 1 9
988 -2 1 9
989 -3 1 9
990 -3 1 9
991 -4 1 10
992 -4 1 10
993 -4 0 10
994 -4 0 9
995 -4 -1 10
996 -4 -1 10
997 -3 -1 11
998 -3 -1 11
999 -2 -1 9
1000 -1 -1 9
1001 -1 0 9
1002 -1 0 9
1003 -1 1 10
1004 -1 1 11
1005 1 1 10
1006 1 1 9
1007 1 1 7
1008 1 1 9
1009 -1 1 11
1010 -2 -1 11
1011 -3 -1 11
1012 -2 -1 11
1013 -2 0 10
1014 -1 1 11
1015 -2 1 11
1016 -2 1 11
1017 -2 1 11
1018 -3 1 10
1019 -3 0 9
1020 -2 0 8
1021 -2 1 9
1022 -2 1 10
1023 -2 1 11
1024 -3 -1 11
1025 -3 1 12
1026 -4 1 12
1027 -4 1 13
1028 -4 1 13
1029 -4 0 12
1030 -4 1 12
1031 -4 -1 12
1032 -4 -1 11
1033 -3 0 11
1034 -3 -1 10
1035 -2 -1 9
1036 -2 -1 8
1037 -2 -1 7
1038 -2 -2 6
1039 -2 -2 5
1040 -2 -2 4
1041 -3 -3 4
1042 -3 -3 5
1043 -3 -3 6
1044 -3 -3 6
1045 -3 -3 6
1046 -3 -3 7
1047 -3 -2 8
1048 -3 -2 8
1049 -2 -1 9
1050 -2 -1 10
1051 -3 0 10
1052 -3 0 11
1053 -4 1 12
1054 -4 1 12
1055 -4 1 12
1056 -5 1 13
1057 -6 1 13
1058 -5 1 12
1059 -5 1 12
1060 -6 1 12
1061 -6 0 12
1062 -5 1 12
1063 -4 1 11
1064 -5 1 11
1065 -5 0 11
1066 -4 0 10
1067 -3 -1 9
1068 -3 -1 8
1069 -2 -1 7
1070 -2 -1 7
1071 -1 -1 6
1072 -1 -1 6
1073 -2 -2 6
1074 -2 -2 5
1075 -1 -2 5
1076 -2 -2 5
1077 -2 -2 6
1078 -2 -1 7
1079 -3 -1 8
1080 -3 -1 8
1081 -3 1 8
1082 -3 1 9
1083 -3 1 10
1084 -4 2 11
1085 -5 2 11
1086 -5 1 11
1087 -6 2 12
1088 -7 2 12
1089 -7 2 13
1090 -7 2 12
1091 -6 2 11
1092 -5 2 11
1093 -5 2 10
1094 -4 2 10
1095 -4 2 9
1096 -4 2 9
1097 -4 2 9
1098 -3 2 9
1099 -4 2 9
1100 -4 2 9
1101 -4 2 9
1102 -4 2 9
1103 -4 2 9
1104 -5 2 10
1105 -5 2 10
1106 -5 2 10
1107 -5 2 10
1108 -4 2 9
1109 -4 2 9
1110 -4 2 9
1111 -4 2 9
1112 -4 2 9
1113 -4 2 9
1114 -4 2 9
1115 -4 2 9
1116 -3 3 9
1117 -3 2 10
1118 -4 3 11
1119 -4 2 11
1120 -3 2 11
1121 -2 2 10
1122 -2 2 10
1123 -2 2 9
1124 -1 3 9
1125 -1 3 9
1126 -2 2 9
1127 -2 2 9
1128 -2 1 10
1129 -4 1 11
1130 -3 2 12
1131 -2 3 12
1132 -1 3 11
1133 1 3 11
1134 1 2 10
1135 2 2 10
1136 3 2 9
1137 3 2 8
1138 2 2 9
1139 2 3 10
1140 1 3 10
1141 -2 3 10
1142 -2 2 10
1143 -2 2 10
1144 -2 2 10
1145 -3 2 9
1146 -3 2 9
1147 -2 2 9
1148 -2 3 9
1149 -1 3 10
1150 -1 4 11
1151 -1 5 11
1152 -2 6 11
1153 -1 7 12
1154 1 7 11
1155 0 7 10
1156 -2 7 10
1157 -2 7 11
1158 -1 7 9
1159 0 6 8
1160 -1 6 7
1161 -1 5 7
1162 -1 5 8
1163 -1 5 9
1164 -1 5 10
1165 -1 5 11
1166 -1 5 11
1167 -1 5 10
1168 1 4 8
1169 1 4 8
1170 1 4 8
1171 0 4 7
1172 -1 3 7
1173 -1 3 8
1174 -2 2 8
1175 -3 2 8
1176 -4 2 8
1177 -4 2 9
1178 -4 1 11
1179 -3 2 12
1180 -1 3 12
1181 -1 2 12
1182 -2 1 12
1183 -3 0 12
1184 -4 0 12
1185 -5 0 11
1186 -6 0 11
1187 -7 1 11
1188 -6 1 11
1189 -6 2 10
1190 -6 4 11
1191 -5 5 11
1192 -6 5 11
1193 -7 4 10
1194 -6 4 9
1195 -6 3 8
1196 -6 3 8
1197 -6 2 8
1198 -5 3 8
1199 -4 3 9
1200 -4 4 9
1201 -4 4 8
1202 -4 4 8
1203 -4 5 8
1204 -4 5 8
1205 -5 5 7
1206 -4 5 7
1207 -4 6 6
1208 -6 7 6
1209 -7 6 7
1210 -7 5 7
1211 -7 6 7
1212 -6 6 7
1213 -5 7 7
1214 -5 7 7
1215 -5 7 6
1216 -5 8 6
1217 -5 8 6
1218 -5 8 6
1219 -5 8 6
1220 -5 8 6
1221 -6 7 6
1222 -7 6 6
1223 -7 5 6
1224 -7 5 7
1225 -8 5 7
1226 -8 5 7
1227 -8 5 8
1228 -7 5 7
1229 -7 4 7
1230 -7 4 7
1231 -7 4 7
1232 -6 5 8
1233 -6 5 8
1234 -5 6 8
1235 -5 6 8
1236 -5 6 8
1237 -5 5 8
1238 -5 5 7
1239 -5 5 7
1240 -5 4 7
1241 -5 4 7
1242 -5 4 7
1243 -6 5 8
1244 -6 5 8
1245 -6 5 8
1246 -6 5 8
1247 -5 5 8
1248 -5 5 8
1249 -5 5 8
1250 -5 5 8
1251 -5 5 9
1252 -5 5 9
1253 -6 5 9
1254 -5 5 9
1255 -5 5 8
1256 -5 5 9
1257 -5 4 8
1258 -4 4 8
1259 -4 3 9
1260 -4 3 10
1261 -3 4 10
1262 -3 4 10
1263 -3 4 11
1264 -4 3 11
1265 -4 3 10
1266 -3 3 10
1267 -3 2 9
1268 -3 2 9
1269 -2 2 9
1270 -2 2 9
1271 -3 2 9
1272 -2 2 10
1273 -2 2 11
1274 -1 2 11
1275 -2 2 11
1276 -2 1 11
1277 -2 1 10
1278 -2 1 8
1279 -2 1 9
1280 -2 1 11
1281 -2 2 11
1282 -2 2 11
1283 -2 1 11
1284 -2 0 11
1285 -2 -1 11
1286 -2 -1 10
1287 -2 -1 10
1288 -3 -1 9
1289 -3 -2 9
1290 -3 -2 10
1291 -3 -1 10
1292 -3 -1 11
1293 -3 -1 11
1294 -2 -1 11
1295 -2 -1 10
1296 -2 -1 10
1297 -2 -1 10
1298 -2 -1 11
1299 -2 -1 11
1300 -3 -1 10
1301 -5 -1 11
1302 -6 -1 11
1303 -5 -1 11
1304 -5 1 11
1305 -4 1 10
1306 -4 1 9
1307 -3 -1 8
1308 -3 -1 8
1309 -3 -1 8
1310 -3 -1 8
1311 -4 -1 9
1312 -4 -2 9
1313 -4 -2 9
1314 -5 -1 9
1315 -5 -2 9
1316 -5 -2 9
1317 -5 -2 9
1318 -5 -2 10
1319 -4 -3 10
1320 -4 -3 10
1321 -3 -2 10
1322 -3 -2 10
1323 -3 -2 11
1324 -3 -2 11
1325 -3 -1 11
1326 -4 -1 11
1327 -4 1 11
1328 -4 3 12
1329 -5 4 13
1330 -5 4 13
1331 -4 5 12
1332 -2 5 11
1333 -2 4 9
1334 -3 3 9
1335 -4 3 9
1336 -3 3 10
1337 -3 4 10
1338 -4 3 10
1339 -4 3 10
1340 -5 2 10
1341 -5 2 10
1342 -5 2 8
1343 -5 2 8
1344 -5 2 7
1345 -5 2 7
1346 -5 2 8
1347 -5 3 8
1348 -4 4 8
1349 -5 3 8
1350 -5 3 8
1351 -5 3 8
1352 -5 2 8
1353 -5 2 8
1354 -5 2 8
1355 -6 1 9
1356 -6 1 10
1357 -5 2 10
1358 -5 2 10
1359 -5 1 11
1360 -5 1 11
1361 -5 1 11
1362 -5 1 11
1363 -5 1 11
1364 -4 1 11
1365 -5 0 11
1366 -4 1 11
1367 -3 2 10
1368 -3 2 10
1369 -3 2 10
1370 -3 3 10
1371 -3 3 10
1372 -3 3 9
1373 -4 3 9
1374 -5 2 8
1375 -5 1 8
1376 -5 1 8
1377 -5 0 7
1378 -6 0 8
1379 -6 -1 8
1380 -6 -1 8
1381 -5 0 8
1382 -5 0 8
1383 -5 0 9
1384 -5 0 9
1385 -6 -1 9
1386 -6 -1 9
1387 -5 0 9
1388 -5 0 9
1389 -5 -1 10
1390 -5 1 10
1391 -5 0 10
1392 -5 -1 9
1393 -4 0 10
1394 -4 0 10
1395 -4 0 10
1396 -3 1 10
1397 -3 1 10
1398 -2 1 10
1399 -2 1 10
1400 -2 1 10
1401 -2 1 10
1402 -2 1 10
1403 -2 1 10
1404 -2 1 10
1405 -3 1 10
1406 -3 1 10
1407 -3 1 10
1408 -3 1 10
1409 -3 1 10
1410 -3 1 10
1411 -3 1 10
1412 -3 1 10
1413 -4 1 11
1414 -4 1 10
1415 -3 1 9
1416 -4 1 10
1417 -5 1 10
1418 -5 1 10
1419 -5 1 11
1420 -4 1 11
1421 -4 2 12
1422 -3 1 12
1423 -2 2 12
1424 -2 1 12
1425 -2 1 12
1426 -2 1 11
1427 -2 1 11
1428 -2 0 11
1429 -2 -1 11
1430 -1 0 10
1431 0 -1 9
1432 -1 -1 9
1433 -2 -1 8
1434 -2 -1 8
1435 -2 -2 7
1436 -2 -2 6
1437 -2 -2 6
1438 -3 -2 6
1439 -4 -3 6
1440 -5 -3 7
1441 -4 -2 6
1442 -5 -3 6
1443 -7 -3 7
1444 -7 -3 7
1445 -8 -3 8
1446 -7 -2 9
1447 -6 -2 9
1448 -6 -1 10
1449 -5 -1 10
1450 -5 -1 11
1451 -6 -1 11
1452 -6 -1 11
1453 -6 1 12
1454 -5 1 12
1455 -4 2 12
1456 -3 3 12
1457 -3 2 11
1458 -4 1 11
1459 -4 1 10
1460 -4 1 9
1461 -3 1 8
1462 -4 -1 8
1463 -4 -1 8
1464 -4 -1 9
1465 -4 0 9
1466 -4 0 9
1467 -5 0 9
1468 -5 0 10
1469 -5 0 10
1470 -5 0 10
1471 -5 0 9
1472 -5 1 9
1473 -5 1 10
1474 -5 0 10
1475 -5 1 10
1476 -5 1 9
1477 -5 1 9
1478 -5 1 9
1479 -5 1 9
1480 -5 1 9
1481 -5 1 9
1482 -5 1 9
1483 -5 1 9
1484 -5 1 9
1485 -5 2 9
1486 -5 2 8
1487 -5 2 8
1488 -5 2 8
1489 -6 2 8
1490 -5 2 7
1491 -5 2 7
1492 -5 1 6
1493 -4 1 6
1494 -5 1 7
1495 -5 1 7
1496 -5 2 7
1497 -5 3 8
1498 -6 3 9
1499 -7 2 9
1500 -7 2 9
1501 -6 2 8
1502 -6 2 8
1503 -6 1 8
1504 -5 1 8
1505 -5 2 8
1506 -4 2 7
1507 -4 3 7
1508 -4 3 7
1509 -5 3 8
1510 -5 4 8
1511 -5 5 8
1512 -6 4 9
1513 -5 4 9
1514 -4 4 7
1515 -4 4 8
1516 -5 4 9
1517 -6 4 9
1518 -7 4 10
1519 -7 5 10
1520 -8 4 10
1521 -7 5 10
1522 -7 5 10
1523 -8 5 10
1524 -8 5 11
1525 -8 5 11
1526 -8 4 10
1527 -8 4 10
1528 -8 4 11
1529 -8 4 10
1530 -7 3 11
1531 -6 3 11
1532 -6 3 11
1533 -6 3 10
1534 -5 3 10
1535 -5 3 9
1536 -4 3 8
1537 -4 3 10
1538 -4 3 10
1539 -5 2 9
1540 -5 2 9
1541 -5 3 9
1542 -4 3 11
1543 -5 4 11
1544 -6 5 11
1545 -7 4 10
1546 -7 4 9
1547 -6 4 8
1548 -5 5 8
1549 -5 5 9
1550 -5 6 11
1551 -5 5 10
1552 -5 3 7
1553 -5 4 7
1554 -4 4 9
1555 -4 3 8
1556 -2 3 7
1557 -1 3 7
1558 -3 1 8
1559 -3 1 8
1560 -3 -1 8
1561 -6 -3 9
1562 -6 -3 10
1563 -8 -3 11
1564 -10 -4 11
1565 -8 -2 10
1566 -7 -1 9
1567 -7 -2 9
1568 -7 -1 11
1569 -5 2 11
1570 -4 2 10
1571 -4 2 9
1572 -6 1 7
1573 -6 1 6
1574 -7 0 6
1575 -6 -1 5
1576 -6 -2 7
1577 -5 -3 8
1578 -4 -2 9
1579 -5 -2 9
1580 -6 -2 10
1581 -5 -1 10
1582 -8 -3 11
1583 -7 -3 10
1584 -6 -1 9
1585 -6 -1 9
1586 -6 -1 10
1587 -4 1 11
1588 -1 1 12
1589 -4 -1 12
1590 -6 -1 7
1591 -5 1 4
1592 -4 4 6
1593 -4 1 10
1594 -7 -2 14
1595 -7 -2 12
1596 -5 0 7
1597 -5 1 10
1598 -6 -1 10
1599 -7 -2 7
1600 -7 0 7
1601 -5 1 9
1602 -4 1 10
1603 -4 -1 10
1604 -5 -1 10
1605 -6 -1 9
1606 -6 1 9
1607 -5 1 9
1608 -5 0 10
1609 -4 1 10
1610 -5 1 9
1611 -5 -1 9
1612 -5 0 9
1613 -5 0 9
1614 -5 -1 9
1615 -5 0 9
1616 -5 0 9
1617 -5 1 10
1618 -4 1 10
1619 -4 0 10
1620 -4 -1 10
1621 -5 -1 11
1622 -10 -1 14
1623 -11 1 13
1624 -9 1 9
1625 -7 1 8
1626 -7 -2 8
1627 -7 -3 9
1628 -5 -2 9
1629 -3 1 9
1630 -6 2 8
1631 -9 -1 6
1632 -8 -2 4
1633 -3 -1 6
1634 1 1 9
1635 1 1 11
1636 4 -1 12
1637 4 1 12
1638 0 2 12
1639 -2 0 9
1640 -1 1 9
1641 -2 1 10
1642 -2 -2 10
1643 -3 -2 11
1644 -1 -2 9
1645 -2 -2 10
1646 -4 -2 11
1647 -3 -3 9
1648 -2 -3 8
1649 -1 -3 9
1650 1 -3 10
1651 3 -3 10
1652 3 -2 12
1653 1 -1 12
1654 1 1 12
1655 1 1 12
1656 1 0 10
1657 1 1 9
1658 1 1 9
1659 1 1 9
1660 -1 1 10
1661 -1 -1 10
1662 -2 -1 10
1663 -2 0 10
1664 -3 -1 9
1665 -3 -1 8
1666 -4 -2 9
1667 -3 -1 9
1668 -1 2 8
1669 -2 3 10
1670 -2 4 10
1671 -4 4 10
1672 -5 4 11
1673 -6 4 11
1674 -7 4 11
1675 -8 3 10
1676 -6 4 9
1677 -5 4 9
1678 -6 4 8
1679 -7 4 8
1680 -7 6 10
1681 -5 8 11
1682 -7 9 12
1683 -9 10 13
1684 -6 10 12
1685 -2 6 6
1686 -3 3 5
1687 -5 2 5
1688 -4 2 5
1689 -3 3 7
1690 -4 4 9
1691 -6 3 7
1692 -5 5 7
1693 1 8 10
1694 -4 1 11
1695 -7 -2 7
1696 -3 -1 8
1697 -5 -2 11
1698 -7 -1 11
1699 -5 -1 9
1700 -5 -2 8
1701 -6 -2 10
1702 -6 1 11
1703 -6 2 10
1704 -5 3 9
1705 -6 3 8
1706 -8 3 6
1707 -8 3 8
1708 -5 5 7
1709 -5 5 9
1710 -9 3 11
1711 -5 3 8
1712 -3 5 8
1713 -4 5 11
1714 -3 5 10
1715 -2 5 7
1716 -4 5 10
1717 -5 5 10
1718 -4 7 10
1719 -4 7 11
1720 -5 7 10
1721 -3 9 11
1722 -4 9 11
1723 -5 8 11
1724 -6 8 10
1725 -7 8 10
1726 -6 8 9
1727 -5 8 9
1728 -5 7 9
1729 -5 6 8
1730 -4 5 8
1731 -3 4 8
1732 -3 3 8
1733 -3 2 7
1734 -2 2 7
1735 -2 1 7
1736 -3 -1 6
1737 -3 -2 6
1738 -3 -3 6
1739 -3 -3 6
1740 -3 -3 7
1741 -3 -2 6
1742 -2 -2 7
1743 -2 -2 8
1744 -2 -1 9
1745 -3 -1 10
1746 -3 -2 11
1747 -3 -2 10
1748 -2 -3 10
1749 -3 -3 10
1750 -3 -3 11
1751 -3 -2 11
1752 -3 -2 10
1753 -2 -2 10
1754 -2 -2 10
1755 -2 -3 9
1756 -3 -3 10
1757 -3 -3 10
1758 -3 -2 11
1759 -2 -2 10
1760 -2 -2 11
1761 -2 -2 11
1762 -1 -2 11
1763 -2 -2 11
1764 -2 -2 11
1765 -2 -2 10
1766 -2 -2 10
1767 -2 -2 10
1768 -2 -2 10
1769 -2 -3 10
1770 -1 -2 10
1771 -2 -2 10
1772 -2 -2 10
1773 -1 -2 10
1774 -1 -2 11
1775 -1 -1 11
1776 0 0 11
1777 1 1 11
1778 -1 1 11
1779 0 1 10
1780 -1 -1 10
1781 -1 -1 10
1782 -2 -2 10
1783 -1 -1 10
1784 -1 -1 11
1785 -1 -1 11
1786 -1 -1 11
1787 -1 -1 11
1788 -2 -1 11
1789 -3 -2 11
1790 -3 -1 11
1791 -3 -2 10
1792 -4 -2 9
1793 -5 -3 10
1794 -5 -2 10
1795 -6 -2 11
1796 -4 -2 11
1797 -3 -1 10
1798 -2 -1 10
1799 -2 -1 11
1800 -1 -1 11
1801 -1 -1 11
1802 1 -1 11
1803 1 -1 10
1804 1 -1 10
1805 1 -1 10
1806 1 -1 10
1807 1 -2 10
1808 1 -2 10
1809 1 -2 9
1810 2 -1 10
1811 1 -1 10
1812 1 -2 10
1813 1 -2 10
1814 1 -1 9
1815 2 -1 9
1816 2 -1 10
1817 2 0 10
1818 2 1 10
1819 1 1 10
1820 -1 1 10
1821 -1 1 10
1822 -3 1 10
1823 -3 1 10
1824 -3 1 10
1825 -4 1 11
1826 -4 1 11
1827 -4 1 11
1828 -5 1 11
1829 -5 1 11
1830 -5 1 11
1831 -6 1 11
1832 -6 0 11
1833 -6 0 11
1834 -6 1 10
1835 -5 1 10
1836 -5 1 10
1837 -5 1 10
1838 -4 1 10
1839 -4 2 9
1840 -2 2 9
1841 -1 3 10
1842 -1 3 10
1843 1 3 11
1844 1 3 11
1845 2 3 10
1846 1 3 10
1847 2 4 11
1848 2 3 11
1849 -1 1 11
1850 -1 1 10
1851 -1 2 10
1852 -1 2 10
1853 -2 1 10
1854 -2 1 11
1855 -2 2 11
1856 -3 1 10
1857 -3 1 10
1858 -3 1 10
1859 -3 1 10
1860 -3 1 10
1861 -3 1 10
1862 -3 1 10
1863 -3 1 10
1864 -3 2 10
1865 -3 1 10
1866 -3 1 10
1867 -3 1 10
1868 -4 1 10
1869 -4 1 10
1870 -3 2 10
1871 -3 2 10
1872 -3 2 10
1873 -3 2 9
1874 -3 2 9
1875 -4 3 10
1876 -3 3 9
1877 -4 3 9
1878 -4 3 9
1879 -4 3 9
1880 -5 3 9
1881 -5 3 9
1882 -5 4 9
1883 -5 5 8
1884 -6 5 8
1885 -7 3 7
1886 -7 1 6
1887 -7 -1 6
1888 -7 -1 6
1889 -6 -1 6
1890 -6 -1 7
1891 -6 -2 7
1892 -6 -1 7
1893 -6 1 9
1894 -6 1 10
1895 -7 2 11
1896 -7 2 11
1897 -7 3 11
1898 -8 4 11
1899 -8 4 11
1900 -8 3 9
1901 -8 3 7
1902 -9 3 7
1903 -9 3 8
1904 -8 4 7
1905 -6 5 7
1906 -6 5 8
1907 -6 5 8
1908 -6 5 8
1909 -6 5 7
1910 -5 5 7
1911 -5 5 7
1912 -5 5 6
1913 -6 5 7
1914 -7 5 8
1915 -7 6 8
1916 -9 6 8
1917 -10 6 9
1918 -9 6 10
1919 -8 6 8
1920 -6 7 7
1921 -6 7 7
1922 -6 6 8
1923 -6 4 7
1924 -6 4 6
1925 -6 4 6
1926 -6 4 6
1927 -6 4 7
1928 -5 4 8
1929 -6 3 9
1930 -6 3 9
1931 -6 3 9
1932 -6 2 10
1933 -7 1 9
1934 -7 1 8
1935 -8 -1 7
1936 -8 -2 6
1937 -8 -4 6
1938 -8 -4 7
1939 -7 -4 8
1940 -8 -4 9
1941 -8 -3 10
1942 -7 -1 11
1943 -8 1 11
1944 -9 1 11
1945 -9 2 11
1946 -8 3 11
1947 -7 3 11
1948 -7 4 11
1949 -7 5 10
1950 -7 5 8
1951 -7 5 7
1952 -6 5 9
1953 -6 5 8
1954 -6 5 6
1955 -5 4 5
1956 -5 3 5
1957 -4 3 6
1958 -3 3 5
1959 -4 3 5
1960 -7 2 6
1961 -8 2 7
1962 -8 2 7
1963 -8 2 7
1964 -7 2 6
1965 -7 2 6
1966 -7 2 7
1967 -7 3 7
1968 -7 3 8
1969 -8 4 10
1970 -8 5 11
1971 -7 5 10
1972 -8 5 10
1973 -8 5 9
1974 -7 5 7
1975 -8 4 7
1976 -8 3 7
1977 -7 3 6
1978 -6 3 6
1979 -6 2 5
1980 -6 2 5
1981 -6 2 6
1982 -6 2 6
1983 -6 3 7
1984 -7 3 7
1985 -7 3 8
1986 -7 3 8
1987 -7 4 8
1988 -7 4 8
1989 -7 4 7
1990 -7 4 7
1991 -7 4 7
1992 -7 4 7
1993 -7 4 7
1994 -7 4 7
1995 -7 3 7
1996 -6 3 6
1997 -6 3 6
1998 -6 2 6
1999 -7 1 6
2000 -6 1 7
2001 -6 1 8
2002 -6 -1 8
2003 -5 -1 8
2004 -6 -1 10
2005 -6 -1 10
2006 -6 -1 10
2007 -6 1 11
2008 -7 2 11
2009 -7 3 10
2010 -8 2 9
2011 -9 1 8
2012 -9 1 9
2013 -8 1 9
2014 -6 2 8
2015 -3 -1 8
2016 -4 -3 8
2017 -6 -5 10
2018 -9 -4 12
2019 -9 -3 12
2020 -8 -3 11
2021 -6 -2 9
2022 -4 -2 8
2023 -5 -1 8
2024 -7 -1 8
2025 -8 -1 8
2026 -8 -1 8
2027 -9 -1 7
2028 -8 -1 6
2029 -8 -1 6
2030 -8 -1 6
2031 -8 -1 6
2032 -8 -1 5
2033 -7 -2 5
2034 -6 -2 5
2035 -5 -2 5
2036 -4 -1 6
2037 -4 -2 7
2038 -5 -2 8
2039 -5 -1 9
2040 -6 -2 9
2041 -6 -2 8
2042 -5 -2 7
2043 -5 -2 7
2044 -5 -2 8
2045 -5 -1 8
2046 -5 1 8
2047 -5 2 10
2048 -5 4 11
2049 -6 5 12
2050 -8 6 12
2051 -8 5 12
2052 -8 4 11
2053 -8 3 10
2054 -7 2 10
2055 -7 2 10
2056 -6 2 10
2057 -6 3 10
2058 -6 3 10
2059 -6 4 10
2060 -6 4 10
2061 -5 4 9
2062 -5 4 8
2063 -5 4 7
2064 -4 3 6
2065 -4 3 6
2066 -4 3 6
2067 -4 3 6
2068 -5 2 7
2069 -6 2 7
2070 -6 3 8
2071 -7 4 11
2072 -8 4 12
2073 -9 4 12
2074 -9 4 11
2075 -10 4 10
2076 -10 4 8
2077 -9 4 7
2078 -7 3 6
2079 -7 2 5
2080 -6 2 5
2081 -5 3 5
2082 -5 3 6
2083 -5 3 6
2084 -6 3 7
2085 -7 3 7
2086 -7 3 8
2087 -7 3 8
2088 -7 3 9
2089 -7 3 11
2090 -6 3 12
2091 -5 4 11
2092 -5 4 12
2093 -4 4 12
2094 -5 4 12
2095 -4 5 11
2096 -3 5 11
2097 -3 6 11
2098 -4 6 10
2099 -4 5 9
2100 -3 5 8
2101 -3 5 10
2102 -3 4 10
2103 -4 3 10
2104 -5 1 9
2105 -4 1 8
2106 -4 1 9
2107 -5 -1 9
2108 -5 -2 9
2109 -5 -2 9
2110 -4 -1 9
2111 -3 -1 8
2112 -2 -1 8
2113 -3 -1 8
2114 -4 -2 9
2115 -4 -2 9
2116 -4 -1 9
2117 -4 -2 8
2118 -4 -2 9
2119 -3 -2 9
2120 -3 -2 10
2121 -4 -2 10
2122 -4 -2 10
2123 -4 -2 9
2124 -3 -3 9
2125 -3 -3 9
2126 -4 -3 10
2127 -4 -3 10
2128 -4 -3 10
2129 -4 -2 10
2130 -3 -2 11
2131 -3 -2 11
2132 -3 -3 11
2133 -4 -3 10
2134 -3 -3 10
2135 -3 -3 9
2136 -3 -3 8
2137 -3 -3 9
2138 -3 -3 9
2139 -3 -3 10
2140 -3 -3 10
2141 -3 -3 10
2142 -3 -3 10
2143 -3 -3 10
2144 -2 -2 9
2145 -3 -2 9
2146 -3 -3 8
2147 -4 -3 7
2148 -3 -2 6
2149 -3 -2 6
2150 -3 -2 6
2151 -3 -1 6
2152 -3 1 7
2153 -2 2 9
2154 -3 2 10
2155 -5 1 10
2156 -5 0 11
2157 -5 0 12
2158 -5 0 11
2159 -4 1 12
2160 -5 1 12
2161 -5 1 12
2162 -6 1 12
2163 -7 1 12
2164 -7 0 12
2165 -7 1 12
2166 -7 1 12
2167 -7 1 11
2168 -6 1 11
2169 -5 1 11
2170 -5 1 11
2171 -5 1 10
2172 -4 1 9
2173 -3 1 9
2174 -3 1 8
2175 -3 1 7
2176 -2 -1 6
2177 -1 -1 7
2178 -2 -1 7
2179 -1 -2 8
2180 -1 -1 10
2181 -1 -2 9
2182 -1 -2 10
2183 0 -1 10
2184 0 -1 10
2185 -1 -1 11
2186 -2 -1 10
2187 -3 -2 11
2188 -4 -2 10
2189 -5 -2 9
2190 -6 -2 10
2191 -7 -2 9
2192 -7 -2 10
2193 -7 -2 9
2194 -7 -2 9
2195 -5 -2 9
2196 -4 -1 9
2197 -5 -2 10
2198 -6 -2 10
2199 -5 -2 9
2200 -5 -2 9
2201 -5 -2 9
2202 -5 -2 10
2203 -4 -2 10
2204 -4 -2 10
2205 -4 -2 10
2206 -4 -2 10
2207 -4 -2 10
2208 -4 -2 10
2209 -4 -2 10
2210 -4 -2 10
2211 -4 -2 10
2212 -4 -2 10
2213 -5 -2 10
2214 -4 -2 10
2215 -4 -2 10
2216 -4 -2 10
2217 -4 -2 9
2218 -4 -2 9
2219 -4 -2 9
2220 -4 -2 8
2221 -4 -2 8
2222 -4 -2 8
2223 -4 -2 8
2224 -4 -2 8
2225 -5 -1 9
2226 -4 -1 9
2227 -4 -1 10
2228 -5 -1 11
2229 -6 -2 12
2230 -8 -3 11
2231 -8 -3 11
2232 -7 -3 10
2233 -7 -4 9
2234 -8 -5 9
2235 -8 -6 9
2236 -8 -7 8
2237 -8 -8 8
2238 -9 -8 9
2239 -9 -8 9
2240 -9 -9 8
2241 -8 -9 7
2242 -8 -9 6
2243 -7 -10 5
2244 -7 -10 4
2245 -5 -10 4
2246 -4 -10 2
2247 -3 -10 2
2248 0 -9 2
2249 1 -9 1
2250 2 -8 1
2251 5 -7 1
2252 5 -7 1
2253 5 -7 1
2254 7 -5 1
2255 8 -4 1
2256 9 -3 0
2257 9 -2 1
2258 9 -2 1
2259 9 -2 1
2260 8 -1 1
2261 9 -1 1
2262 9 1 1
2263 9 2 1
2264 9 3 2
2265 10 3 2
2266 10 4 2
2267 10 4 1
2268 10 5 1
2269 10 5 1
2270 9 6 1
2271 10 7 1
2272 10 7 1
2273 9 7 1
2274 8 6 1
2275 8 6 1
2276 8 6 1
2277 8 6 2
2278 8 7 3
2279 8 7 2
2280 8 8 2
2281 8 9 2
2282 7 9 2
2283 7 9 2
2284 7 9 2
2285 7 8 2
2286 6 7 2
2287 7 8 2
2288 7 9 2
2289 8 9 2
2290 7 9 3
2291 7 9 3
2292 6 7 3
2293 6 7 2
2294 7 8 2
2295 7 8 3
2296 6 7 3
2297 7 9 3
2298 8 10 4
2299 7 10 4
2300 7 8 2
2301 7 7 1
2302 7 7 1
2303 7 8 2
2304 7 8 3
2305 7 9 3
2306 8 10 3
2307 8 9 4
2308 7 7 3
2309 6 6 2
2310 6 7 2
2311 7 7 2
2312 7 7 2
2313 7 8 1
2314 7 10 2
2315 8 11 3
2316 8 11 3
2317 8 10 2
2318 8 9 2
2319 9 8 2
2320 8 7 1
2321 8 7 1
2322 9 7 1
2323 9 6 1
2324 9 5 2
2325 9 4 2
2326 10 3 3
2327 10 1 3
2328 10 -1 3
2329 7 -5 2
2330 4 -8 1
2331 4 -9 -1
2332 4 -9 -1
2333 3 -9 2
2334 4 -9 3
2335 2 -9 1
2336 2 -8 3
2337 3 -7 5
2338 0 -8 6
2339 1 -8 5
2340 -1 -7 5
2341 -2 -6 7
2342 1 -5 7
2343 -2 -6 7
2344 -2 -6 7
2345 -2 -6 6
2346 -3 -6 7
2347 -2 -5 7
2348 -2 -4 9
2349 -2 -4 11
2350 -2 -3 11
2351 -2 -2 11
2352 -2 -2 12
2353 -1 -1 12
2354 0 0 11
2355 -1 0 11
2356 -1 1 11
2357 -2 1 11
2358 -2 1 11
2359 -2 1 11
2360 -2 1 11
2361 -2 1 11
2362 -3 2 11
2363 -2 2 11
2364 -2 2 10
2365 -2 3 10
2366 -2 3 10
2367 -2 3 10
2368 -2 3 11
2369 -3 4 11
2370 -4 2 10
2371 -5 2 10
2372 -5 2 11
2373 -6 2 12
2374 -5 3 12
2375 -4 3 12
2376 -6 2 12
2377 -6 2 12
2378 -5 2 12
2379 -4 2 11
2380 -3 2 11
2381 -3 1 10
2382 -3 1 9
2383 -2 1 8
2384 -2 0 8
2385 -2 0 9
2386 -2 -1 9
2387 -2 -1 9
2388 -1 -1 9
2389 -1 -1 9
2390 -2 -2 9
2391 -2 -2 10
2392 -2 -2 11
2393 -3 -2 10
2394 -2 -3 9
2395 -2 -3 9
2396 -2 -3 10
2397 -2 -3 10
2398 -2 -3 10
2399 -2 -3 10
2400 -2 -3 10
2401 -2 -4 9
2402 -2 -3 10
2403 -1 -3 9
2404 -2 -3 9
2405 -1 -2 8
2406 -1 -2 7
2407 -1 -2 6
2408 -1 -2 6
2409 -1 -1 7
2410 -2 -2 8
2411 -2 -1 9
2412 -2 -1 10
2413 -2 -1 11
2414 -2 -1 11
2415 -3 1 11
2416 -3 1 12
2417 -3 1 12
2418 -3 1 12
2419 -4 1 12
2420 -4 1 12
2421 -5 1 12
2422 -5 1 12
2423 -4 1 12
2424 -5 1 12
2425 -4 1 11
2426 -4 1 12
2427 -4 1 12
2428 -4 1 12
2429 -4 1 12
2430 -4 1 11
2431 -4 1 11
2432 -4 -1 10
2433 -3 1 10
2434 -2 1 9
2435 -2 0 8
2436 -1 0 7
2437 -2 -1 6
2438 -1 -1 5
2439 -1 -1 4
2440 -2 -1 4
2441 -1 -1 4
2442 -2 -1 5
2443 -3 -1 6
2444 -2 1 7
2445 -4 1 9
2446 -4 1 9
2447 -4 1 11
2448 -5 2 12
2449 -5 1 12
2450 -6 1 12
2451 -6 1 12
2452 -6 2 12
2453 -5 2 12
2454 -5 2 12
2455 -6 2 13
2456 -5 2 12
2457 -5 2 12
2458 -5 2 12
2459 -5 2 12
2460 -5 2 12
2461 -4 2 11
2462 -4 1 11
2463 -5 1 9
2464 -4 1 7
2465 -2 0 6
2466 -2 1 7
2467 -1 1 7
2468 -2 -1 6
2469 -3 -2 6
2470 -2 -2 6
2471 -1 -2 6
2472 -2 -2 8
2473 -2 -2 8
2474 -2 -2 9
2475 -3 -2 10
2476 -3 -2 10
2477 -3 -2 11
2478 -3 -2 10
2479 -3 -2 10
2480 -3 -2 10
2481 -3 -2 10
2482 -3 -2 10
2483 -3 -1 10
2484 -3 -1 9
2485 -3 -2 9
2486 -3 -1 9
2487 -3 -1 9
2488 -3 -1 9
2489 -3 -1 9
2490 -4 -1 9
2491 -4 0 10
2492 -5 -1 10
2493 -5 0 11
2494 -5 1 11
2495 -6 0 11
2496 -6 -1 10
2497 -6 -1 10
2498 -6 -1 10
2499 -5 0 10
2500 -5 1 10
2501 -4 1 10
2502 -4 2 11
2503 -4 1 11
2504 -4 1 11
2505 -5 1 11
2506 -5 1 11
2507 -5 1 10
2508 -5 1 11
2509 -6 1 11
2510 -6 1 11
2511 -6 0 11
2512 -6 0 11
2513 -5 1 11
2514 -5 1 11
2515 -5 -1 10
2516 -6 -1 9
2517 -5 -1 9
2518 -5 1 8
2519 -5 -1 7
