t x y z
0 -4 -9 8
1 -4 -8 8
2 -3 -8 7
3 -3 -8 8
4 -3 -8 8
5 -3 -8 7
6 -3 -8 8
7 -3 -8 8
8 -3 -8 7
9 -3 -8 7
10 -2 -8 7
11 -2 -8 7
12 -2 -8 7
13 -2 -8 7
14 -2 -8 7
15 -3 -8 7
16 -3 -8 7
17 -3 -8 7
18 -3 -8 7
19 -3 -8 7
20 -3 -8 7
21 -3 -8 7
22 -3 -8 7
23 -3 -8 7
24 -3 -8 7
25 -3 -8 7
26 -3 -8 7
27 -3 -8 7
28 -3 -8 7
29 -3 -8 7
30 -3 -8 7
31 -3 -8 7
32 -3 -8 7
33 -3 -8 7
34 -3 -8 7
35 -3 -8 7
36 -2 -8 7
37 -2 -7 7
38 -2 -7 7
39 -2 -7 7
40 -2 -6 7
41 -2 -6 6
42 -1 -6 6
43 -1 -6 6
44 -1 -6 7
45 -2 -7 7
46 -3 -7 8
47 -4 -7 10
48 -4 -7 11
49 -4 -7 11
50 -4 -7 11
51 -4 -7 10
52 -4 -7 10
53 -3 -6 10
54 -3 -6 9
55 -3 -6 9
56 -2 -6 9
57 -2 -6 9
58 -2 -6 9
59 -2 -6 9
60 -2 -6 9
61 -2 -6 8
62 -2 -6 8
63 -2 -6 8
64 -2 -6 8
65 -2 -6 8
66 -2 -6 8
67 -1 -5 8
68 0 -4 8
69 -1 -4 7
70 -2 -5 8
71 -2 -5 10
72 -2 -5 10
73 -3 -5 10
74 -4 -6 11
75 -4 -6 11
76 -4 -6 11
77 -4 -6 11
78 -4 -6 11
79 -3 -6 11
80 -2 -5 9
81 -2 -5 8
82 -2 -5 7
83 -1 -5 7
84 -1 -5 8
85 -1 -5 9
86 -2 -5 9
87 -3 -6 10
88 -4 -6 10
89 -4 -5 10
90 -4 -5 10
91 -4 -5 10
92 -4 -4 10
93 -3 -3 11
94 -3 -3 10
95 -3 -4 8
96 -4 -5 8
97 -4 -5 8
98 -4 -4 9
99 -3 -4 10
100 -3 -4 10
101 -3 -4 10
102 -3 -4 10
103 -3 -4 9
104 -3 -3 8
105 -3 -3 8
106 -2 -3 8
107 -3 -4 9
108 -3 -4 10
109 -4 -4 11
110 -4 -4 11
111 -4 -3 11
112 -4 -3 11
113 -3 -2 11
114 -3 -3 11
115 -4 -3 11
116 -4 -3 11
117 -3 -3 11
118 -2 -2 11
119 -1 -2 10
120 -2 -3 9
121 -2 -4 8
122 -1 -3 9
123 -2 -3 9
124 -2 -3 9
125 -1 -3 9
126 -1 -3 10
127 -2 -4 11
128 -2 -4 11
129 -2 -4 11
130 -3 -4 11
131 -3 -3 11
132 -3 -3 11
133 -3 -3 10
134 -3 -3 9
135 -3 -3 8
136 -2 -3 9
137 -2 -3 9
138 -3 -4 9
139 -3 -4 9
140 -3 -4 9
141 -3 -4 9
142 -3 -3 9
143 -3 -3 10
144 -2 -3 11
145 -2 -3 11
146 -2 -3 11
147 -2 -4 11
148 -3 -4 11
149 -3 -4 11
150 -4 -3 10
151 -5 -3 11
152 -4 -2 11
153 -4 -2 11
154 -4 -2 10
155 -3 -2 9
156 -3 -3 9
157 -3 -3 9
158 -3 -3 9
159 -3 -3 9
160 -3 -3 10
161 -3 -3 10
162 -2 -3 10
163 -2 -3 10
164 -2 -3 10
165 -2 -3 10
166 -2 -4 11
167 -3 -3 11
168 -3 -3 11
169 -3 -3 10
170 -3 -3 10
171 -3 -3 10
172 -3 -3 10
173 -3 -3 10
174 -2 -4 9
175 -2 -4 9
176 -2 -4 9
177 -2 -4 8
178 -2 -5 8
179 -2 -5 8
180 -2 -5 8
181 -2 -5 9
182 -2 -5 9
183 -2 -5 10
184 -2 -5 10
185 -2 -5 11
186 -2 -5 11
187 -3 -5 11
188 -2 -4 11
189 -1 -4 10
190 -1 -3 9
191 -2 -3 8
192 -2 -3 8
193 -3 -3 10
194 -4 -3 10
195 -4 -3 10
196 -4 -3 11
197 -5 -3 11
198 -5 -4 10
199 -4 -4 9
200 -4 -4 8
201 -5 -4 7
202 -4 -4 8
203 -4 -3 8
204 -5 -3 8
205 -5 -3 9
206 -5 -3 10
207 -5 -3 11
208 -5 -3 10
209 -5 -3 10
210 -5 -2 10
211 -4 -1 10
212 -5 -2 10
213 -5 -2 10
214 -5 -3 9
215 -6 -3 10
216 -4 -2 10
217 -4 -3 11
218 -5 -3 12
219 -6 -3 11
220 -8 -4 12
221 -10 -4 11
222 -10 -4 11
223 -11 -4 9
224 -11 -4 7
225 -11 -4 5
226 -11 -5 4
227 -11 -5 3
228 -11 -5 2
229 -11 -5 2
230 -10 -4 1
231 -9 -4 1
232 -8 -4 -1
233 -6 -4 0
234 -4 -4 0
235 -3 -5 1
236 -2 -5 2
237 -2 -6 3
238 -1 -6 3
239 0 -5 3
240 1 -5 3
241 2 -5 3
242 2 -4 2
243 1 -5 2
244 1 -5 3
245 1 -4 5
246 1 -3 6
247 1 -3 8
248 2 -2 10
249 4 -1 12
250 4 0 13
251 3 0 14
252 2 -1 14
253 -1 -1 15
254 -3 -1 14
255 -5 -1 13
256 -7 -2 12
257 -8 -2 11
258 -9 -3 11
259 -10 -3 11
260 -9 -3 10
261 -8 -3 10
262 -7 -2 9
263 -5 -2 9
264 -4 -1 9
265 -4 -2 9
266 -4 -2 9
267 -3 -1 9
268 -3 -2 8
269 -4 -3 9
270 -3 -2 10
271 -3 -2 10
272 -3 -2 10
273 -3 -2 10
274 -3 -2 10
275 -3 -2 10
276 -3 -2 10
277 -3 -2 10
278 -3 -2 10
279 -3 -2 10
280 -3 -2 10
281 -3 -2 10
282 -3 -2 10
283 -3 -2 10
284 -3 -2 10
285 -3 -2 10
286 -3 -2 10
287 -3 -2 10
288 -3 -2 10
289 -3 -2 10
290 -3 -2 10
291 -3 -2 10
292 -3 -2 10
293 -3 -2 10
294 -3 -2 10
295 -3 -2 10
296 -3 -2 10
297 -3 -2 10
298 -3 -2 10
299 -3 -2 10
300 -3 -2 10
301 -3 -2 10
302 -3 -2 10
303 -3 -2 10
304 -3 -2 10
305 -3 -2 10
306 -3 -2 10
307 -3 -2 10
308 -3 -2 10
309 -3 -2 10
310 -3 -2 10
311 -3 -2 9
312 -3 -3 9
313 -2 -2 9
314 -2 -1 10
315 -2 -1 10
316 -2 -1 11
317 -3 -2 11
318 -3 -2 11
319 -3 -2 10
320 -3 -2 10
321 -3 -2 10
322 -3 -2 9
323 -3 -2 9
324 -2 -2 9
325 -2 -2 9
326 -3 -2 8
327 -2 -2 9
328 -2 -2 9
329 -2 -2 9
330 -2 -3 8
331 -2 -2 7
332 -2 -2 8
333 -3 -3 8
334 -3 -3 7
335 -3 -3 7
336 -3 -3 7
337 -3 -3 7
338 -3 -2 7
339 -3 -2 8
340 -4 -3 9
341 -3 -3 10
342 -4 -4 11
343 -5 -4 11
344 -5 -4 11
345 -5 -5 11
346 -5 -5 11
347 -4 -4 11
348 -5 -3 11
349 -5 -3 11
350 -5 -3 11
351 -6 -3 12
352 -5 -4 11
353 -5 -4 11
354 -5 -4 11
355 -5 -4 11
356 -5 -4 10
357 -6 -4 10
358 -6 -3 11
359 -6 -4 11
360 -6 -5 11
361 -8 -6 11
362 -9 -6 10
363 -9 -5 10
364 -12 -5 12
365 -12 -3 12
366 -9 2 11
367 -7 4 9
368 -4 4 7
369 -2 4 5
370 -2 2 3
371 -4 -1 3
372 -5 -2 3
373 -5 -4 3
374 -4 -4 5
375 -5 -5 6
376 -8 -6 7
377 -10 -6 8
378 -8 -5 7
379 -8 -5 6
380 -8 -6 6
381 -6 -5 6
382 -5 -5 6
383 -4 -6 6
384 -5 -6 7
385 -5 -5 7
386 -5 -4 7
387 -4 -3 8
388 -4 -3 7
389 -3 -4 5
390 -2 -4 3
391 -2 -5 2
392 -2 -5 3
393 -3 -6 3
394 -5 -8 1
395 -7 -8 4
396 -6 -9 5
397 -6 -10 5
398 -7 -10 5
399 -4 -9 5
400 -5 -10 5
401 -9 -12 5
402 -10 -12 6
403 -9 -11 7
404 -11 -11 8
405 -11 -11 8
406 -9 -10 8
407 -8 -9 7
408 -7 -10 7
409 -7 -10 7
410 -7 -11 8
411 -9 -11 9
412 -10 -11 9
413 -10 -11 8
414 -8 -10 6
415 -6 -9 4
416 -5 -8 3
417 -5 -7 2
418 -4 -6 3
419 -4 -6 3
420 -4 -6 3
421 -4 -6 3
422 -4 -7 3
423 -5 -7 2
424 -6 -7 3
425 -6 -8 3
426 -5 -9 3
427 -4 -10 2
428 -3 -12 0
429 -2 -12 1
430 1 -12 1
431 0 -12 1
432 -1 -11 1
433 -1 -10 1
434 -1 -9 2
435 -4 -8 4
436 -5 -7 5
437 -5 -6 5
438 -5 -5 5
439 -6 -5 5
440 -5 -5 6
441 -6 -6 6
442 -6 -8 6
443 -5 -8 6
444 -5 -8 7
445 -5 -9 6
446 -5 -9 6
447 -6 -7 6
448 -7 -7 6
449 -10 -6 6
450 -7 -3 6
451 -3 -2 7
452 -3 -1 6
453 -4 -3 6
454 -4 -4 5
455 -4 -5 6
456 -6 -6 7
457 -6 -6 9
458 -4 -6 10
459 -5 -6 11
460 -5 -5 11
461 -5 -4 10
462 -6 -3 10
463 -6 -2 11
464 -6 -1 12
465 -6 0 12
466 -6 0 12
467 -6 -1 12
468 -7 -2 12
469 -7 -3 11
470 -7 -3 11
471 -7 -4 11
472 -6 -3 11
473 -7 -5 12
474 -8 -6 12
475 -7 -5 12
476 -6 -3 12
477 -6 -2 11
478 -5 -2 9
479 -5 -2 9
480 -4 -2 10
481 -2 -2 10
482 -1 -2 9
483 -1 -3 8
484 -1 -3 9
485 -1 -4 10
486 -2 -3 8
487 -3 -3 8
488 -4 -4 8
489 -4 -4 7
490 -3 -3 6
491 -2 -2 6
492 -2 -2 7
493 -2 -2 7
494 -1 -2 7
495 -2 -3 7
496 -1 -3 6
497 1 -3 6
498 -1 -4 6
499 -2 -5 6
500 -2 -5 7
501 -3 -5 8
502 -4 -5 8
503 -4 -5 9
504 -3 -5 11
505 -2 -4 11
506 1 -2 11
507 1 -2 12
508 -1 -2 11
509 -2 -2 11
510 -2 -2 11
511 -3 -3 10
512 -3 -3 10
513 -4 -3 9
514 -5 -3 9
515 -6 -3 9
516 -6 -4 8
517 -7 -4 8
518 -8 -5 7
519 -7 -5 7
520 -7 -4 6
521 -8 -4 6
522 -7 -4 4
523 -8 -4 2
524 -8 -4 1
525 -9 -4 -1
526 -9 -3 -1
527 -8 -2 2
528 -8 -1 4
529 -8 1 6
530 -6 2 7
531 -7 2 9
532 -8 3 11
533 -7 4 12
534 -7 4 12
535 -6 4 12
536 -6 4 12
537 -6 3 12
538 -7 3 12
539 -7 3 11
540 -6 3 11
541 -5 3 12
542 -4 4 12
543 -4 4 12
544 -3 5 11
545 -2 5 11
546 -3 5 11
547 -4 5 10
548 -5 4 9
549 -6 4 8
550 -7 3 7
551 -8 3 7
552 -10 3 7
553 -10 2 7
554 -9 3 7
555 -9 2 6
556 -10 1 6
557 -9 1 6
558 -9 0 6
559 -8 0 6
560 -7 1 6
561 -7 1 7
562 -6 1 7
563 -6 2 8
564 -6 2 9
565 -5 3 10
566 -5 3 11
567 -6 3 10
568 -6 3 9
569 -6 2 10
570 -6 2 9
571 -6 2 8
572 -6 1 8
573 -6 1 7
574 -6 1 7
575 -6 1 7
576 -6 0 7
577 -5 -1 8
578 -5 -1 9
579 -5 -1 9
580 -5 -1 9
581 -4 -1 10
582 -4 -1 11
583 -4 -1 11
584 -5 0 10
585 -5 1 11
586 -5 1 11
587 -5 1 11
588 -5 2 10
589 -5 2 10
590 -5 2 9
591 -5 2 9
592 -5 2 9
593 -5 2 9
594 -5 2 9
595 -5 2 9
596 -5 1 9
597 -6 1 9
598 -6 1 9
599 -6 1 9
600 -6 1 9
601 -5 1 9
602 -5 1 9
603 -6 1 9
604 -6 1 9
605 -6 2 9
606 -6 2 9
607 -6 2 9
608 -6 2 9
609 -6 1 9
610 -6 1 8
611 -6 1 8
612 -6 1 8
613 -6 0 8
614 -6 -1 9
615 -5 0 9
616 -5 0 9
617 -5 1 9
618 -5 1 9
619 -5 1 10
620 -5 2 10
621 -5 1 9
622 -5 1 9
623 -5 1 9
624 -6 1 9
625 -6 1 10
626 -6 1 10
627 -6 1 10
628 -6 1 10
629 -5 2 9
630 -5 2 9
631 -5 2 9
632 -5 2 9
633 -5 3 9
634 -5 3 9
635 -5 3 9
636 -5 4 9
637 -5 4 9
638 -5 4 10
639 -5 3 9
640 -5 2 9
641 -5 1 9
642 -6 1 9
643 -6 1 9
644 -5 2 9
645 -5 2 9
646 -5 3 9
647 -5 3 9
648 -5 3 9
649 -5 3 9
650 -5 3 9
651 -5 3 9
652 -5 3 9
653 -5 2 10
654 -5 3 11
655 -5 3 11
656 -5 2 11
657 -5 2 10
658 -5 2 11
659 -5 2 11
660 -4 2 10
661 -4 2 9
662 -5 3 8
663 -5 3 9
664 -5 3 9
665 -5 4 9
666 -5 4 9
667 -5 4 9
668 -5 4 9
669 -5 5 9
670 -5 5 10
671 -5 5 10
672 -5 5 10
673 -5 5 10
674 -4 5 10
675 -4 4 10
676 -4 3 10
677 -4 3 10
678 -4 3 10
679 -4 2 10
680 -4 2 10
681 -4 2 10
682 -3 2 11
683 -4 2 11
684 -4 2 10
685 -4 1 10
686 -3 1 10
687 -3 1 10
688 -3 1 10
689 -3 1 11
690 -3 1 11
691 -3 1 10
692 -3 0 11
693 -3 1 11
694 -3 1 11
695 -3 1 10
696 -3 1 9
697 -3 1 10
698 -4 1 10
699 -4 0 10
700 -4 -1 10
701 -4 -1 10
702 -4 1 10
703 -4 1 11
704 -3 0 11
705 -4 -1 11
706 -4 -1 11
707 -6 -3 11
708 -8 -3 12
709 -8 -2 13
710 -10 -3 13
711 -11 -4 12
712 -10 -3 11
713 -9 -3 11
714 -8 -2 11
715 -6 -2 10
716 -4 -2 8
717 -3 -1 6
718 -2 -1 5
719 -1 -2 3
720 -2 -3 3
721 -2 -3 2
722 -2 -4 1
723 -2 -4 -1
724 -2 -4 -2
725 -2 -5 -2
726 -2 -4 -2
727 -3 -5 -2
728 -4 -6 -1
729 -5 -5 2
730 -6 -4 5
731 -8 -4 8
732 -8 -4 9
733 -8 -3 10
734 -7 -3 11
735 -7 -3 11
736 -8 -3 11
737 -9 -3 11
738 -10 -4 11
739 -10 -4 11
740 -9 -3 11
741 -8 -3 11
742 -7 -2 11
743 -6 -2 11
744 -5 -1 11
745 -4 1 11
746 -3 1 10
747 -3 1 10
748 -3 1 10
749 -4 1 10
750 -5 2 10
751 -6 2 10
752 -7 2 10
753 -7 2 10
754 -6 3 10
755 -7 2 9
756 -8 1 8
757 -8 1 7
758 -8 1 7
759 -9 1 7
760 -10 -1 6
761 -10 -2 7
762 -9 -1 7
763 -8 -1 7
764 -7 -1 7
765 -6 -1 8
766 -5 1 9
767 -5 1 9
768 -6 0 10
769 -6 1 10
770 -5 1 10
771 -5 -1 9
772 -6 -2 9
773 -6 -2 9
774 -5 -2 9
775 -5 -2 9
776 -4 -2 9
777 -4 -2 9
778 -4 -1 10
779 -4 -1 10
780 -4 -1 10
781 -4 -1 10
782 -4 -1 10
783 -4 -1 10
784 -4 -2 10
785 -4 -2 10
786 -4 -2 10
787 -4 -2 10
788 -4 -1 10
789 -4 -1 10
790 -4 -1 10
791 -4 -1 10
792 -5 -1 10
793 -5 -1 10
794 -5 -1 9
795 -5 -1 9
796 -5 -1 9
797 -5 -1 10
798 -5 -1 10
799 -5 -1 10
800 -5 -1 10
801 -5 -1 9
802 -5 -1 10
803 -5 -1 10
804 -5 -1 10
805 -5 -1 10
806 -5 -1 10
807 -5 -1 9
808 -5 -1 9
809 -5 -1 10
810 -5 -1 10
811 -5 -1 10
812 -5 -1 10
813 -5 -1 10
814 -5 -1 9
815 -5 -1 10
816 -5 -1 10
817 -5 -1 10
818 -5 -1 10
819 -5 -1 10
820 -5 -1 10
821 -6 -1 10
822 -7 0 10
823 -9 1 11
824 -10 2 12
825 -10 1 11
826 -10 -1 8
827 -10 -3 7
828 -10 -5 8
829 -11 -7 7
830 -10 -9 9
831 -10 -11 10
832 -11 -11 10
833 -11 -11 10
834 -9 -11 8
835 -8 -9 6
836 -6 -9 6
837 -5 -9 5
838 -2 -8 3
839 1 -8 3
840 2 -9 1
841 3 -8 -1
842 5 -7 0
843 5 -7 -1
844 5 -7 -2
845 5 -7 -2
846 5 -6 -1
847 5 -6 -2
848 6 -6 -2
849 6 -6 -1
850 5 -7 -2
851 5 -7 -2
852 5 -7 -1
853 6 -8 -2
854 6 -7 -2
855 5 -8 0
856 5 -8 -1
857 5 -8 -1
858 5 -8 1
859 5 -9 1
860 5 -9 0
861 6 -8 1
862 6 -8 1
863 7 -8 2
864 7 -7 2
865 7 -7 2
866 7 -6 2
867 6 -6 2
868 6 -5 2
869 7 -4 3
870 8 -4 3
871 10 -3 3
872 11 -2 3
873 10 -2 4
874 9 -3 6
875 8 -4 5
876 7 -4 4
877 8 -4 4
878 10 -3 4
879 11 -2 3
880 11 -1 1
881 11 -1 -1
882 10 -1 1
883 10 1 1
884 10 0 2
885 7 -1 3
886 5 -1 4
887 6 -1 4
888 7 1 3
889 7 0 2
890 5 -1 -1
891 6 1 -2
892 7 1 -2
893 6 2 -3
894 7 2 -3
895 7 -1 -3
896 7 -2 -3
897 8 -2 -1
898 8 -2 -1
899 6 -3 -1
900 4 -4 2
901 2 -5 2
902 -2 -6 2
903 -5 -8 3
904 -7 -9 3
905 -11 -11 4
906 -11 -11 5
907 -10 -11 7
908 -10 -9 7
909 -10 -7 5
910 -11 -6 5
911 -13 -7 7
912 -13 -8 7
913 -14 -7 4
914 -14 -7 3
915 -14 -6 4
916 -14 -5 4
917 -13 -4 6
918 -12 -4 6
919 -11 -4 3
920 -10 -3 1
921 -10 -3 1
922 -8 -2 1
923 -8 -1 0
924 -9 0 0
925 -10 2 1
926 -8 4 2
927 -8 5 2
928 -9 5 1
929 -10 7 -1
930 -9 8 0
931 -9 9 2
932 -10 9 2
933 -9 9 2
934 -8 10 2
935 -7 10 2
936 -8 10 2
937 -8 11 2
938 -9 11 2
939 -12 10 2
940 -12 11 1
941 -6 11 0
942 -5 11 1
943 -5 10 3
944 -6 10 4
945 -5 10 3
946 -6 10 3
947 -8 8 3
948 -8 7 2
949 -7 8 2
950 -6 8 1
951 -7 8 1
952 -7 8 2
953 -8 9 3
954 -8 10 2
955 -8 10 2
956 -9 10 2
957 -9 11 2
958 -8 10 2
959 -8 10 2
960 -8 10 2
961 -8 9 2
962 -9 9 2
963 -9 9 2
964 -8 9 2
965 -8 9 2
966 -9 8 2
967 -9 7 2
968 -8 6 2
969 -8 6 2
970 -10 5 4
971 -9 5 4
972 -8 6 5
973 -7 6 5
974 -7 5 5
975 -7 5 5
976 -6 5 6
977 -7 4 6
978 -7 4 6
979 -7 3 6
980 -6 3 7
981 -7 3 7
982 -7 3 7
983 -7 2 8
984 -7 2 8
985 -6 3 8
986 -6 3 8
987 -6 2 7
988 -6 2 5
989 -6 2 4
990 -5 2 3
991 -4 2 3
992 -4 1 4
993 -5 0 5
994 -6 -1 8
995 -8 -2 12
996 -11 -4 13
997 -11 -4 16
998 -12 -3 16
999 -13 -2 14
1000 -12 0 12
1001 -10 2 10
1002 -8 2 6
1003 -5 2 4
1004 -4 1 4
1005 -4 0 2
1006 -3 -1 1
1007 -2 -2 -1
1008 -2 -3 -3
1009 -1 -3 -4
1010 1 -3 -5
1011 2 -4 -6
1012 3 -3 -8
1013 2 -2 -8
1014 1 -3 -8
1015 0 -2 -6
1016 -2 1 -3
1017 -6 1 2
1018 -7 1 6
1019 -8 3 9
1020 -9 3 11
1021 -10 1 13
1022 -11 -1 14
1023 -11 -2 14
1024 -13 -5 16
1025 -14 -7 16
1026 -14 -8 16
1027 -13 -8 16
1028 -14 -6 16
1029 -14 -5 15
1030 -12 -3 13
1031 -11 -2 11
1032 -9 -1 9
1033 -7 -1 7
1034 -5 1 5
1035 -4 -1 4
1036 -3 -2 5
1037 -1 -2 3
1038 1 -2 2
1039 2 -2 1
1040 3 -3 -1
1041 3 -3 -2
1042 4 -4 -4
1043 5 -3 -7
1044 6 -3 -7
1045 5 -3 -7
1046 4 -3 -7
1047 3 -2 -5
1048 -1 -1 -2
1049 -1 1 1
1050 -4 0 5
1051 -7 -2 8
1052 -7 -1 10
1053 -9 -1 12
1054 -11 -2 13
1055 -11 -2 13
1056 -11 -3 13
1057 -12 -4 12
1058 -12 -4 11
1059 -12 -4 11
1060 -11 -3 11
1061 -11 -2 11
1062 -11 -1 11
1063 -10 -1 9
1064 -9 -1 8
1065 -8 0 8
1066 -7 2 8
1067 -7 2 8
1068 -8 1 7
1069 -7 1 7
1070 -7 1 7
1071 -7 1 6
1072 -7 1 5
1073 -6 1 6
1074 -6 1 6
1075 -6 1 5
1076 -7 1 5
1077 -7 1 5
1078 -7 1 6
1079 -8 1 7
1080 -7 2 7
1081 -7 2 8
1082 -8 2 9
1083 -8 1 9
1084 -9 1 9
1085 -8 1 9
1086 -9 1 8
1087 -9 1 8
1088 -8 2 8
1089 -8 2 7
1090 -8 2 7
1091 -8 2 7
1092 -8 2 7
1093 -8 2 7
1094 -8 2 7
1095 -8 2 7
1096 -8 2 7
1097 -8 2 6
1098 -8 2 7
1099 -8 2 7
1100 -8 2 7
1101 -8 2 7
1102 -8 2 7
1103 -7 2 7
1104 -7 2 7
1105 -7 2 7
1106 -7 2 7
1107 -7 2 7
1108 -7 2 8
1109 -7 2 8
1110 -7 2 8
1111 -6 2 8
1112 -6 2 9
1113 -6 2 9
1114 -5 2 9
1115 -4 3 8
1116 -5 3 8
1117 -5 3 8
1118 -6 4 7
1119 -6 5 7
1120 -7 5 8
1121 -7 5 8
1122 -7 5 8
1123 -7 5 8
1124 -8 6 8
1125 -8 6 8
1126 -8 6 8
1127 -8 5 8
1128 -8 5 8
1129 -7 5 7
1130 -7 4 6
1131 -7 3 5
1132 -6 3 5
1133 -6 2 5
1134 -6 2 6
1135 -6 3 7
1136 -7 3 8
1137 -8 4 8
1138 -9 4 9
1139 -9 3 8
1140 -9 3 7
1141 -9 3 7
1142 -10 3 6
1143 -10 2 6
1144 -9 2 6
1145 -9 2 6
1146 -8 2 6
1147 -8 2 5
1148 -7 2 5
1149 -7 2 6
1150 -8 2 6
1151 -8 2 7
1152 -8 2 7
1153 -8 2 8
1154 -8 2 7
1155 -9 2 7
1156 -10 2 8
1157 -9 1 9
1158 -8 2 9
1159 -8 2 8
1160 -8 1 8
1161 -7 1 8
1162 -6 1 7
1163 -6 1 6
1164 -6 1 6
1165 -6 1 6
1166 -7 0 6
1167 -7 1 6
1168 -7 1 6
1169 -7 2 6
1170 -7 2 7
1171 -7 3 9
1172 -8 2 9
1173 -8 2 8
1174 -7 3 8
1175 -7 2 10
1176 -8 1 10
1177 -6 1 8
1178 -5 1 6
1179 -5 1 7
1180 -5 1 7
1181 -6 1 8
1182 -6 1 7
1183 -6 1 6
1184 -5 2 6
1185 -4 2 6
1186 -5 2 6
1187 -5 2 7
1188 -6 1 8
1189 -7 1 9
1190 -8 1 10
1191 -8 1 10
1192 -8 1 10
1193 -9 2 10
1194 -10 2 10
1195 -10 2 10
1196 -9 3 10
1197 -8 3 10
1198 -8 2 11
1199 -7 2 11
1200 -5 1 10
1201 -5 0 10
1202 -6 -2 10
1203 -6 -2 10
1204 -6 -2 10
1205 -6 -2 10
1206 -5 -2 10
1207 -5 -2 10
1208 -5 -3 10
1209 -6 -3 10
1210 -6 -3 10
1211 -5 -3 9
1212 -5 -3 9
1213 -5 -4 9
1214 -4 -4 9
1215 -4 -5 10
1216 -5 -5 10
1217 -6 -6 9
1218 -6 -6 9
1219 -5 -6 8
1220 -5 -6 9
1221 -5 -6 9
1222 -4 -5 8
1223 -4 -5 7
1224 -3 -6 7
1225 -3 -6 6
1226 -3 -6 6
1227 -3 -6 7
1228 -2 -6 7
1229 -2 -6 8
1230 -2 -7 8
1231 -2 -7 8
1232 -2 -7 8
1233 -3 -7 8
1234 -3 -8 8
1235 -4 -8 7
1236 -4 -7 7
1237 -3 -7 6
1238 -3 -7 6
1239 -3 -7 5
1240 -3 -7 5
1241 -4 -8 5
1242 -3 -8 5
1243 -3 -8 5
1244 -3 -8 6
1245 -3 -8 6
1246 -3 -8 7
1247 -3 -8 7
1248 -3 -8 7
1249 -3 -8 6
1250 -3 -8 6
1251 -3 -9 6
1252 -3 -9 6
1253 -3 -9 6
1254 -3 -9 7
1255 -3 -9 7
1256 -3 -8 8
1257 -3 -7 8
1258 -3 -6 8
1259 -3 -6 8
1260 -4 -6 8
1261 -4 -7 7
1262 -4 -7 7
1263 -4 -8 7
1264 -5 -8 7
1265 -4 -9 7
1266 -4 -9 8
1267 -4 -9 9
1268 -4 -9 9
1269 -4 -9 8
1270 -3 -8 7
1271 -3 -7 7
1272 -3 -7 6
1273 -3 -7 6
1274 -3 -7 5
1275 -3 -7 6
1276 -3 -7 6
1277 -4 -8 6
1278 -4 -8 6
1279 -4 -8 7
1280 -4 -8 7
1281 -4 -8 7
1282 -4 -8 7
1283 -4 -8 7
1284 -4 -8 8
1285 -4 -8 8
1286 -3 -7 8
1287 -3 -7 9
1288 -3 -7 8
1289 -4 -7 8
1290 -4 -7 8
1291 -4 -7 7
1292 -4 -7 7
1293 -5 -8 6
1294 -4 -9 6
1295 -4 -8 6
1296 -4 -8 6
1297 -4 -8 6
1298 -3 -7 6
1299 -3 -7 6
1300 -3 -7 7
1301 -3 -7 7
1302 -4 -7 7
1303 -4 -8 7
1304 -4 -8 7
1305 -5 -8 8
1306 -5 -7 8
1307 -5 -7 8
1308 -5 -7 8
1309 -4 -7 7
1310 -4 -7 7
1311 -4 -7 7
1312 -4 -7 6
1313 -4 -7 6
1314 -4 -7 7
1315 -4 -7 7
1316 -4 -7 7
1317 -4 -7 7
1318 -4 -7 7
1319 -4 -7 7
1320 -4 -7 7
1321 -4 -7 7
1322 -4 -7 7
1323 -4 -7 7
1324 -4 -7 7
1325 -4 -6 7
1326 -4 -6 7
1327 -4 -6 7
1328 -3 -6 8
1329 -3 -6 9
1330 -3 -6 10
1331 -3 -6 10
1332 -3 -6 9
1333 -4 -6 10
1334 -2 -5 11
1335 -2 -5 11
1336 -3 -5 11
1337 -3 -4 11
1338 -4 -4 12
1339 -5 -4 12
1340 -6 -4 12
1341 -6 -4 12
1342 -7 -3 12
1343 -7 -3 12
1344 -6 -3 12
1345 -6 -3 11
1346 -6 -3 10
1347 -6 -3 8
1348 -6 -3 8
1349 -5 -2 9
1350 -4 -2 8
1351 -3 -2 7
1352 -2 -1 6
1353 -3 -1 5
1354 -4 -2 6
1355 -5 -2 8
1356 -4 -2 9
1357 -3 -3 8
1358 -3 -3 8
1359 -4 -3 8
1360 -3 -3 9
1361 -2 -2 10
1362 -2 -2 9
1363 -2 -2 9
1364 -1 -2 9
1365 -1 -1 10
1366 -3 -2 10
1367 -1 -2 10
1368 -1 -1 10
1369 -1 0 11
1370 -1 -1 11
1371 -1 -1 11
1372 -1 0 10
1373 -2 0 11
1374 -1 1 10
1375 -1 1 10
1376 -1 1 11
1377 -1 0 11
1378 -2 -1 10
1379 -1 -1 10
1380 -1 0 10
1381 -1 0 10
1382 -1 -1 10
1383 -1 -1 10
1384 -1 -1 10
1385 -1 -1 10
1386 -1 -1 10
1387 -4 -2 9
1388 -6 -2 10
1389 -4 -1 11
1390 -6 -2 11
1391 -7 -2 12
1392 -8 -2 12
1393 -7 -1 12
1394 -4 0 13
1395 -3 0 14
1396 -2 1 15
1397 1 3 15
1398 2 3 13
1399 2 3 13
1400 3 3 12
1401 5 3 11
1402 6 3 10
1403 6 2 8
1404 5 1 7
1405 6 0 7
1406 3 -2 6
1407 3 -3 6
1408 3 -3 4
1409 1 -4 4
1410 1 -5 3
1411 1 -5 2
1412 0 -5 1
1413 -1 -6 0
1414 -2 -6 -1
1415 -3 -7 -1
1416 -3 -7 -1
1417 -4 -7 -1
1418 -5 -8 -1
1419 -6 -8 -1
1420 -6 -8 -1
1421 -8 -8 -1
1422 -8 -7 2
1423 -8 -6 3
1424 -8 -6 4
1425 -9 -6 5
1426 -10 -6 5
1427 -11 -6 5
1428 -11 -7 7
1429 -11 -6 8
1430 -10 -4 9
1431 -9 -4 8
1432 -8 -3 8
1433 -8 -3 9
1434 -7 -3 10
1435 -7 -3 10
1436 -8 -3 11
1437 -8 -3 11
1438 -7 -3 11
1439 -6 -2 11
1440 -6 -2 10
1441 -6 -2 9
1442 -6 -2 10
1443 -6 -2 10
1444 -6 -2 9
1445 -7 -2 8
1446 -7 -2 8
1447 -7 -2 8
1448 -7 -3 7
1449 -7 -3 7
1450 -7 -3 8
1451 -7 -3 7
1452 -7 -3 7
1453 -7 -3 8
1454 -7 -3 8
1455 -7 -3 8
1456 -7 -3 8
1457 -7 -3 8
1458 -7 -2 8
1459 -7 -2 8
1460 -6 -2 8
1461 -6 -3 8
1462 -6 -3 8
1463 -6 -3 8
1464 -6 -3 8
1465 -7 -3 8
1466 -7 -3 8
1467 -7 -3 8
1468 -7 -3 8
1469 -7 -3 8
1470 -7 -3 8
1471 -7 -3 8
1472 -7 -2 8
1473 -6 -2 8
1474 -6 -2 8
1475 -6 -2 8
1476 -7 -2 8
1477 -6 -2 8
1478 -6 -2 8
1479 -6 -2 8
1480 -6 -2 8
1481 -6 -2 8
1482 -6 -2 8
1483 -6 -2 8
1484 -6 -2 8
1485 -6 -2 8
1486 -6 -2 9
1487 -6 -2 9
1488 -6 -2 9
1489 -6 -2 9
1490 -6 -2 9
1491 -6 -2 9
1492 -6 -2 9
1493 -6 -2 9
1494 -6 -2 9
1495 -6 -2 8
1496 -6 -2 8
1497 -6 -2 8
1498 -6 -2 8
1499 -6 -2 8
1500 -6 -2 8
1501 -6 -2 8
1502 -6 -2 8
1503 -6 -2 9
1504 -6 -2 9
1505 -6 -2 9
1506 -6 -2 8
1507 -5 -2 8
1508 -4 -2 8
1509 -4 -2 8
1510 -4 -3 8
1511 -4 -3 9
1512 -5 -2 10
1513 -5 -1 11
1514 -5 -1 11
1515 -5 -2 11
1516 -5 -2 10
1517 -5 -2 10
1518 -5 -3 9
1519 -5 -3 9
1520 -5 -3 9
1521 -5 -2 9
1522 -5 -2 10
1523 -6 -1 10
1524 -6 -1 9
1525 -7 -1 7
1526 -8 0 8
1527 -9 1 10
1528 -10 2 11
1529 -8 2 11
1530 -7 2 8
1531 -6 2 6
1532 -6 1 5
1533 -7 1 6
1534 -6 1 7
1535 -6 1 7
1536 -6 0 7
1537 -5 -1 7
1538 -5 -1 6
1539 -6 -2 6
1540 -6 -2 6
1541 -6 -2 6
1542 -7 -2 7
1543 -7 -2 7
1544 -6 -1 6
1545 -7 -1 6
1546 -7 -1 6
1547 -7 -1 6
1548 -6 -1 6
1549 -7 -1 6
1550 -8 -1 6
1551 -8 -1 6
1552 -9 -1 6
1553 -10 -1 6
1554 -9 -1 6
1555 -8 -1 6
1556 -8 -1 5
1557 -8 -1 4
1558 -8 -1 5
1559 -9 -1 5
1560 -10 -2 5
1561 -10 -2 5
1562 -10 -2 5
1563 -11 -2 5
1564 -11 -3 5
1565 -11 -3 5
1566 -11 -4 5
1567 -11 -4 5
1568 -12 -5 4
1569 -12 -4 4
1570 -12 -4 5
1571 -12 -3 6
1572 -11 -1 6
1573 -12 -2 7
1574 -12 -4 6
1575 -12 -6 3
1576 -12 -7 -1
1577 -12 -8 -4
1578 -12 -8 -7
1579 -10 -7 -8
1580 -9 -6 -9
1581 -10 -2 -11
1582 -10 3 -12
1583 -8 7 -13
1584 -9 9 -13
1585 -10 10 -11
1586 -9 10 -4
1587 -4 9 3
1588 3 9 4
1589 5 9 -2
1590 6 7 -7
1591 5 4 -7
1592 6 3 -6
1593 6 3 -8
1594 2 2 -8
1595 -3 -1 -9
1596 -5 1 -8
1597 -6 0 -8
1598 -7 -1 -9
1599 -8 -2 -8
1600 -7 -2 -9
1601 -6 -3 -7
1602 -7 -4 -6
1603 -7 -6 -8
1604 -4 -7 -6
1605 -4 -7 -4
1606 -3 -8 -5
1607 -3 -9 -4
1608 -3 -10 -3
1609 -3 -12 -5
1610 -4 -13 -4
1611 -4 -12 -1
1612 -6 -12 3
1613 -8 -12 5
1614 -9 -11 6
1615 -8 -10 6
1616 -5 -9 6
1617 -4 -10 4
1618 -3 -13 2
1619 -6 -13 2
1620 -7 -11 7
1621 -4 -7 9
1622 2 -6 7
1623 5 -6 4
1624 3 -7 4
1625 2 -7 7
1626 1 -8 10
1627 -1 -10 10
1628 -1 -9 10
1629 -1 -6 9
1630 -1 -4 7
1631 -3 -5 7
1632 -6 -6 6
1633 -7 -8 5
1634 -6 -10 5
1635 -4 -10 5
1636 -3 -8 5
1637 -1 -6 6
1638 -1 -4 6
1639 -2 -5 6
1640 -4 -6 7
1641 -4 -6 8
1642 -5 -6 9
1643 -7 -5 10
1644 -7 -5 11
1645 -5 -5 11
1646 -4 -5 11
1647 -4 -5 11
1648 -4 -5 11
1649 -4 -5 11
1650 -4 -5 10
1651 -3 -5 10
1652 -1 -4 9
1653 1 -4 8
1654 1 -4 8
1655 1 -4 7
1656 1 -4 7
1657 0 -4 8
1658 -1 -5 9
1659 -1 -5 10
1660 -2 -5 11
1661 -3 -6 11
1662 -3 -6 11
1663 -3 -4 11
1664 -3 -4 8
1665 -3 -4 8
1666 -4 -3 10
1667 -3 -2 11
1668 -3 -2 11
1669 -2 -2 10
1670 -2 -3 10
1671 -2 -3 10
1672 -2 -3 11
1673 -2 -3 10
1674 -2 -3 10
1675 -2 -2 10
1676 -2 -2 10
1677 -2 -2 10
1678 -2 -2 10
1679 -2 -2 10
1680 -2 -2 10
1681 -2 -2 10
1682 -2 -2 10
1683 -2 -2 10
1684 -2 -2 10
1685 -2 -2 10
1686 -2 -2 10
1687 -2 -2 10
1688 -2 -2 10
1689 -2 -2 10
1690 -1 -3 10
1691 -1 -2 10
1692 -2 -1 11
1693 -4 -2 11
1694 -2 -3 10
1695 2 -3 10
1696 2 -4 11
1697 -2 -2 13
1698 -3 -2 13
1699 -3 -1 12
1700 -2 -1 10
1701 1 -2 8
1702 2 -1 8
1703 2 0 8
1704 3 0 8
1705 3 -2 7
1706 3 -4 7
1707 1 -2 8
1708 -2 -2 9
1709 -4 -4 8
1710 -6 -3 7
1711 -5 -4 5
1712 -4 -4 4
1713 -7 -4 7
1714 -11 -7 8
1715 -9 -8 7
1716 -2 -4 12
1717 -3 -3 16
1718 -11 -5 15
1719 -11 -4 11
1720 -5 -2 5
1721 -1 -2 -1
1722 2 -3 -2
1723 3 -3 -1
1724 2 -3 3
1725 2 -3 7
1726 1 -3 11
1727 -2 -2 13
1728 -4 -4 14
1729 -6 -6 12
1730 -4 -6 10
1731 -3 -4 9
1732 -4 -2 7
1733 -3 -2 7
1734 -3 -3 11
1735 -5 -5 11
1736 -5 -6 10
1737 -5 -7 12
1738 -2 2 15
1739 2 3 3
1740 10 -2 3
1741 11 1 12
1742 3 -4 4
1743 -2 -8 6
1744 3 -4 10
1745 4 -3 10
1746 3 -5 9
1747 3 -5 9
1748 -1 -6 9
1749 -3 -4 11
1750 1 -3 10
1751 -1 -5 9
1752 -5 -5 9
1753 -5 -5 8
1754 -5 -5 8
1755 -4 -3 10
1756 -1 -2 10
1757 -2 -2 11
1758 -4 -2 13
1759 -8 -5 16
1760 -8 -7 16
1761 -7 -7 15
1762 -7 -6 13
1763 -7 -6 10
1764 -5 -5 3
1765 -3 -5 -2
1766 -4 -6 -1
1767 -4 -5 1
1768 -2 -4 2
1769 -2 -4 4
1770 -4 -3 4
1771 -4 -5 3
1772 -7 -8 4
1773 -9 -9 7
1774 -8 -7 8
1775 -6 -6 9
1776 -6 -6 11
1777 -8 -6 11
1778 -8 -7 11
1779 -7 -6 12
1780 -6 -6 11
1781 -4 -7 7
1782 -6 -9 6
1783 -7 -8 7
1784 -3 -7 6
1785 2 -5 4
1786 -2 -5 7
1787 -6 -6 9
1788 -5 -6 8
1789 -5 -5 9
1790 -5 -4 9
1791 -5 -4 8
1792 -4 -4 8
1793 -5 -3 10
1794 -6 -4 11
1795 -6 -5 11
1796 -5 -4 9
1797 -5 -5 9
1798 -5 -5 8
1799 -5 -6 7
1800 -5 -5 6
1801 -4 -5 7
1802 -4 -5 8
1803 -5 -4 7
1804 -5 -4 8
1805 -5 -3 8
1806 -5 -3 8
1807 -5 -3 6
1808 -3 -3 6
1809 -1 -3 6
1810 -1 -4 6
1811 -2 -6 6
1812 -2 -7 6
1813 -4 -8 9
1814 -5 -8 11
1815 -6 -9 13
1816 -10 -9 14
1817 -9 -7 13
1818 -6 -5 10
1819 -5 -6 6
1820 -4 -7 5
1821 -3 -8 7
1822 -3 -7 10
1823 -2 -7 11
1824 -2 -6 9
1825 -1 -5 9
1826 -2 -5 10
1827 -2 -3 10
1828 -2 -2 7
1829 -2 1 7
1830 -5 3 10
1831 -9 2 11
1832 -8 1 8
1833 -6 2 6
1834 -6 1 7
1835 -7 1 8
1836 -6 1 7
1837 -4 1 7
1838 -3 1 7
1839 -2 1 7
1840 -3 1 8
1841 -3 1 8
1842 -3 0 8
1843 -2 -1 9
1844 -1 1 9
1845 -2 2 11
1846 -3 2 13
1847 -4 3 12
1848 -4 3 12
1849 -5 3 12
1850 -5 3 11
1851 -5 3 10
1852 -4 3 9
1853 -4 2 7
1854 -5 2 7
1855 -4 2 7
1856 -4 2 8
1857 -5 1 9
1858 -6 1 10
1859 -5 1 10
1860 -5 1 10
1861 -5 1 10
1862 -4 0 10
1863 -4 -1 11
1864 -4 -1 11
1865 -4 -1 11
1866 -4 -1 10
1867 -4 -2 9
1868 -3 -2 8
1869 -3 -3 8
1870 -4 -4 8
1871 -5 -4 9
1872 -3 -3 10
1873 -3 -3 10
1874 -4 -4 10
1875 -3 -2 11
1876 -2 -1 12
1877 -4 -3 10
1878 -4 -3 9
1879 -3 -2 9
1880 -4 -3 9
1881 -4 -3 9
1882 -4 -3 10
1883 -5 -4 9
1884 -6 -4 9
1885 -6 -4 9
1886 -8 -5 8
1887 -7 -4 8
1888 -7 -4 7
1889 -7 -4 7
1890 -6 -4 8
1891 -6 -4 9
1892 -5 -4 10
1893 -4 -3 10
1894 -3 -3 10
1895 -2 -3 10
1896 -1 -3 10
1897 -1 -3 9
1898 -1 -3 10
1899 2 -4 10
1900 2 -4 9
1901 3 -4 9
1902 4 -4 8
1903 4 -3 8
1904 4 -3 8
1905 4 -2 8
1906 3 -2 8
1907 1 -1 9
1908 -1 0 9
1909 -3 1 10
1910 -6 -1 11
1911 -6 -1 10
1912 -7 0 11
1913 -8 1 11
1914 -8 1 11
1915 -8 0 11
1916 -9 -1 10
1917 -9 -1 9
1918 -10 -2 9
1919 -11 -2 9
1920 -10 -2 8
1921 -10 -3 8
1922 -10 -3 7
1923 -10 -2 7
1924 -11 -1 7
1925 -10 0 6
1926 -9 0 6
1927 -9 0 6
1928 -8 1 7
1929 -6 2 8
1930 -5 3 9
1931 -4 4 11
1932 -3 4 11
1933 -2 4 11
1934 -2 4 12
1935 -2 3 12
1936 -3 3 11
1937 -3 2 11
1938 -4 2 11
1939 -5 1 11
1940 -6 2 12
1941 -8 1 12
1942 -7 -1 11
1943 -6 -1 9
1944 -5 -2 7
1945 -5 -3 6
1946 -4 -3 6
1947 -4 -3 7
1948 -5 -3 8
1949 -6 -3 8
1950 -5 -3 8
1951 -5 -3 8
1952 -5 -3 8
1953 -5 -3 9
1954 -5 -3 9
1955 -5 -3 9
1956 -5 -3 9
1957 -5 -3 9
1958 -4 -3 9
1959 -5 -3 9
1960 -5 -3 9
1961 -5 -3 9
1962 -6 -3 9
1963 -6 -3 10
1964 -6 -3 10
1965 -6 -3 9
1966 -6 -3 9
1967 -6 -3 9
1968 -6 -3 9
1969 -6 -3 9
1970 -6 -3 9
1971 -6 -3 9
1972 -6 -3 9
1973 -6 -3 9
1974 -5 -3 9
1975 -5 -3 9
1976 -5 -3 9
1977 -5 -3 9
1978 -5 -3 9
1979 -5 -3 9
1980 -5 -3 9
1981 -5 -2 9
1982 -5 -2 9
1983 -5 -2 9
1984 -4 -2 9
1985 -4 -2 9
1986 -4 -2 9
1987 -4 -2 9
1988 -4 -2 9
1989 -4 -2 9
1990 -3 -2 10
1991 -3 -2 10
1992 -3 -1 9
1993 -3 -1 10
1994 -4 -1 10
1995 -4 -1 11
1996 -4 -1 11
1997 -5 -1 11
1998 -5 -1 11
1999 -5 0 11
2000 -5 0 11
2001 -5 0 10
2002 -5 0 10
2003 -5 1 10
2004 -5 1 10
2005 -5 0 9
2006 -5 0 9
2007 -6 -1 9
2008 -5 -1 8
2009 -5 -2 8
2010 -5 -2 7
2011 -5 -2 8
2012 -5 -2 9
2013 -5 -2 9
2014 -5 -2 9
2015 -5 -2 9
2016 -6 -3 9
2017 -5 -3 9
2018 -6 -4 9
2019 -6 -4 10
2020 -7 -4 10
2021 -7 -3 11
2022 -6 -3 11
2023 -5 -3 10
2024 -4 -3 8
2025 -4 -3 7
2026 -4 -4 7
2027 -3 -3 7
2028 -3 -3 8
2029 -3 -3 8
2030 -3 -3 8
2031 -4 -4 9
2032 -6 -3 10
2033 -8 -3 11
2034 -9 -3 12
2035 -8 -2 11
2036 -7 -2 10
2037 -7 -2 9
2038 -6 -2 8
2039 -5 -2 7
2040 -6 -3 6
2041 -7 -3 7
2042 -8 -3 7
2043 -9 -4 7
2044 -10 -4 8
2045 -9 -3 8
2046 -8 -3 8
2047 -7 -4 7
2048 -6 -4 6
2049 -6 -5 7
2050 -6 -5 8
2051 -6 -5 9
2052 -6 -5 10
2053 -6 -5 10
2054 -6 -5 8
2055 -5 -6 7
2056 -5 -6 6
2057 -5 -5 5
2058 -3 -4 6
2059 -3 -4 6
2060 -4 -3 7
2061 -3 -3 8
2062 -2 -2 9
2063 -3 -3 10
2064 -4 -4 9
2065 -4 -5 10
2066 -5 -6 10
2067 -6 -6 10
2068 -6 -7 10
2069 -7 -7 10
2070 -7 -6 10
2071 -7 -6 10
2072 -7 -6 9
2073 -7 -6 9
2074 -8 -5 8
2075 -8 -5 7
2076 -10 -5 8
2077 -11 -5 8
2078 -10 -3 7
2079 -10 -3 5
2080 -9 -2 4
2081 -8 -2 3
2082 -8 -3 3
2083 -9 -3 4
2084 -9 -3 5
2085 -9 -3 5
2086 -8 -3 6
2087 -8 -3 6
2088 -8 -4 5
2089 -8 -4 5
2090 -8 -3 5
2091 -8 -4 6
2092 -9 -4 6
2093 -9 -4 6
2094 -9 -4 6
2095 -11 -5 6
2096 -11 -5 5
2097 -9 -4 5
2098 -9 -3 5
2099 -8 -3 5
2100 -8 -3 6
2101 -8 -4 6
2102 -9 -5 6
2103 -9 -6 7
2104 -10 -7 7
2105 -11 -7 7
2106 -10 -7 6
2107 -9 -6 6
2108 -8 -5 6
2109 -6 -5 6
2110 -6 -4 6
2111 -5 -4 5
2112 -5 -4 5
2113 -4 -4 5
2114 -4 -4 6
2115 -4 -4 7
2116 -4 -4 7
2117 -4 -4 7
2118 -4 -4 7
2119 -4 -4 7
2120 -4 -5 7
2121 -4 -5 8
2122 -4 -5 8
2123 -5 -6 8
2124 -5 -6 8
2125 -6 -6 8
2126 -6 -6 8
2127 -6 -6 7
2128 -6 -6 7
2129 -6 -5 7
2130 -6 -5 6
2131 -5 -4 6
2132 -5 -4 5
2133 -5 -4 4
2134 -7 -5 4
2135 -9 -6 3
2136 -9 -6 3
2137 -8 -6 4
2138 -8 -6 5
2139 -7 -6 5
2140 -8 -7 5
2141 -9 -8 5
2142 -9 -8 5
2143 -8 -7 5
2144 -8 -6 5
2145 -8 -6 5
2146 -7 -5 5
2147 -7 -5 5
2148 -7 -5 5
2149 -8 -5 4
2150 -8 -5 4
2151 -9 -6 4
2152 -9 -5 5
2153 -8 -5 5
2154 -7 -5 5
2155 -7 -5 5
2156 -7 -5 5
2157 -7 -5 4
2158 -6 -6 4
2159 -5 -6 5
2160 -4 -7 5
2161 -4 -8 6
2162 -7 -8 8
2163 -10 -7 10
2164 -10 -6 11
2165 -10 -5 12
2166 -7 -5 12
2167 -5 -6 12
2168 -6 -6 11
2169 -4 -6 9
2170 -4 -6 9
2171 -5 -6 9
2172 -6 -5 9
2173 -5 -3 9
2174 -4 -2 9
2175 -5 -2 9
2176 -5 -2 8
2177 -4 -3 7
2178 -4 -4 7
2179 -4 -5 8
2180 -2 -4 8
2181 -2 -5 10
2182 -2 -5 11
2183 -3 -5 11
2184 -3 -5 10
2185 -4 -4 10
2186 -3 -3 10
2187 -2 -3 10
2188 -2 -3 10
2189 -3 -4 10
2190 -3 -4 10
2191 -3 -5 11
2192 -4 -4 11
2193 -5 -5 10
2194 -4 -5 9
2195 -3 -4 9
2196 -3 -4 10
2197 -3 -5 11
2198 -3 -4 11
2199 -2 -4 12
2200 -3 -3 11
2201 -3 -3 11
2202 -4 -3 10
2203 -4 -3 8
2204 -3 -3 8
2205 -3 -4 8
2206 -4 -4 8
2207 -4 -4 7
2208 -4 -5 7
2209 -4 -6 7
2210 -5 -7 6
2211 -3 -6 5
2212 -2 -5 5
2213 -4 -5 3
2214 -4 -4 3
2215 -3 -3 2
2216 -5 -4 2
2217 -6 -4 3
2218 -4 -2 6
2219 -5 -3 9
2220 -5 -3 10
2221 -5 -3 11
2222 -5 -4 11
2223 -4 -4 11
2224 -3 -3 12
2225 -3 -2 12
2226 -4 -2 12
2227 -3 -2 12
2228 -4 -2 12
2229 -6 -2 13
2230 -7 -3 14
2231 -10 -4 15
2232 -10 -4 15
2233 -9 -3 13
2234 -8 -2 12
2235 -6 -1 12
2236 -5 -1 10
2237 -3 -1 8
2238 -1 -1 7
2239 1 -1 6
2240 2 -2 4
2241 2 -3 4
2242 3 -3 4
2243 3 -4 4
2244 3 -5 4
2245 3 -5 4
2246 4 -5 6
2247 4 -5 8
2248 3 -5 9
2249 4 -5 11
2250 5 -4 11
2251 5 -3 11
2252 4 -2 11
2253 1 -3 11
2254 -4 -4 10
2255 -5 -5 9
2256 -8 -7 8
2257 -8 -7 8
2258 -8 -7 7
2259 -8 -7 7
2260 -8 -8 7
2261 -8 -8 7
2262 -7 -8 7
2263 -5 -7 7
2264 -4 -7 7
2265 -4 -6 8
2266 -3 -6 8
2267 -3 -6 8
2268 -3 -6 8
2269 -3 -6 8
2270 -3 -6 8
2271 -3 -6 8
2272 -3 -6 9
2273 -3 -6 8
2274 -3 -7 9
2275 -3 -7 9
2276 -3 -7 9
2277 -3 -6 9
2278 -3 -6 9
2279 -3 -6 9
2280 -3 -6 8
2281 -2 -6 8
2282 -3 -6 7
2283 -3 -5 7
2284 -3 -5 7
2285 -3 -5 7
2286 -3 -5 7
2287 -3 -5 8
2288 -3 -5 9
2289 -2 -5 10
2290 -2 -5 11
2291 -2 -4 11
2292 -2 -4 11
2293 -3 -5 10
2294 -2 -5 10
2295 -2 -4 10
2296 -3 -4 10
2297 -3 -4 10
2298 -3 -4 10
2299 -4 -4 10
2300 -4 -4 10
2301 -3 -4 10
2302 -3 -4 10
2303 -3 -3 10
2304 -3 -3 10
2305 -3 -3 10
2306 -3 -3 10
2307 -3 -3 10
2308 -2 -3 10
2309 -2 -3 10
2310 -3 -3 10
2311 -3 -3 10
2312 -3 -3 10
2313 -3 -3 10
2314 -3 -3 10
2315 -3 -3 10
2316 -3 -3 10
2317 -3 -3 10
2318 -3 -3 10
2319 -3 -3 10
2320 -3 -3 10
2321 -3 -3 10
2322 -4 -3 11
2323 -5 -4 12
2324 -7 -6 13
2325 -7 -8 13
2326 -8 -9 13
2327 -8 -9 11
2328 -5 -8 8
2329 -4 -9 5
2330 -3 -8 6
2331 -2 -6 6
2332 1 -5 4
2333 2 -5 3
2334 2 -5 2
2335 3 -5 -1
2336 3 -6 -3
2337 2 -7 -5
2338 1 -10 -6
2339 1 -11 -5
2340 2 -11 -5
2341 2 -11 -5
2342 3 -11 -5
2343 2 -11 -3
2344 2 -11 -3
2345 3 -11 -4
2346 2 -11 -5
2347 3 -9 -5
2348 4 -8 -5
2349 4 -7 -6
2350 5 -6 -5
2351 5 -6 -7
2352 6 -5 -8
2353 7 -5 -8
2354 6 -4 -8
2355 6 -4 -8
2356 6 -4 -9
2357 6 -4 -9
2358 6 -3 -9
2359 7 -3 -9
2360 5 -3 -8
2361 6 -2 -8
2362 6 -2 -9
2363 6 -2 -10
2364 6 -1 -10
2365 6 0 -10
2366 6 1 -10
2367 6 2 -11
2368 7 2 -10
2369 5 2 -10
2370 5 2 -9
2371 5 3 -8
2372 4 3 -8
2373 5 4 -8
2374 5 5 -9
2375 4 6 -8
2376 5 6 -7
2377 5 5 -9
2378 5 5 -9
2379 4 6 -8
2380 4 6 -7
2381 5 7 -7
2382 4 7 -6
2383 5 7 -7
2384 5 7 -7
2385 5 5 -8
2386 5 4 -9
2387 6 3 -9
2388 5 2 -10
2389 5 1 -11
2390 5 1 -11
2391 5 1 -9
2392 4 -1 -8
2393 5 -2 -8
2394 5 -3 -9
2395 6 -3 -8
2396 5 -4 -7
2397 5 -5 -8
2398 5 -7 -7
2399 5 -8 -7
2400 4 -8 -7
2401 5 -9 -7
2402 4 -9 -7
2403 4 -9 -7
2404 4 -9 -4
2405 4 -9 -4
2406 3 -9 -4
2407 3 -10 -4
2408 4 -11 -5
2409 1 -11 -4
2410 -1 -12 -2
2411 1 -11 -2
2412 2 -11 -2
2413 1 -10 2
2414 2 -10 3
2415 3 -10 1
2416 1 -11 -1
2417 -1 -11 2
2418 0 -11 4
2419 -2 -11 4
2420 -3 -11 5
2421 -2 -11 6
2422 -2 -11 6
2423 -2 -10 6
2424 -1 -10 6
2425 -1 -9 6
2426 -1 -9 6
2427 -1 -9 6
2428 0 -9 6
2429 1 -10 6
2430 1 -11 7
2431 -1 -12 9
2432 -2 -12 11
2433 -3 -12 11
2434 -5 -11 9
2435 -3 -10 7
2436 -2 -8 7
2437 -3 -7 6
2438 -2 -7 5
2439 -2 -6 6
2440 -3 -5 6
2441 -2 -5 4
2442 -2 -5 4
2443 -2 -6 4
2444 -1 -5 4
2445 -1 -5 3
2446 -2 -6 2
2447 1 -6 2
2448 1 -5 1
2449 -1 -4 0
2450 1 -3 2
2451 -1 -2 2
2452 -1 -1 4
2453 -1 0 7
2454 -4 0 11
2455 -4 1 13
2456 -4 0 15
2457 -5 -1 16
2458 -3 -1 16
2459 -4 -2 16
2460 -6 -4 16
2461 -7 -4 15
2462 -8 -4 14
2463 -8 -3 13
2464 -7 -2 12
2465 -6 -2 11
2466 -4 -1 11
2467 -2 0 10
2468 1 1 7
2469 2 0 6
2470 2 -1 5
2471 1 -2 4
2472 2 -2 3
2473 0 -3 2
2474 -1 -3 0
2475 0 -4 -2
2476 -1 -4 -2
2477 -2 -4 -2
2478 -2 -3 1
2479 -3 -2 3
2480 -4 -2 7
2481 -4 -2 10
2482 -4 -1 11
2483 -4 1 12
2484 -5 0 13
2485 -6 -1 14
2486 -7 -2 14
2487 -8 -2 15
2488 -9 -3 16
2489 -9 -3 16
2490 -9 -2 16
2491 -9 -1 15
2492 -8 -1 14
2493 -7 1 12
2494 -4 1 10
2495 -3 1 8
2496 -2 -1 5
2497 -1 -1 4
2498 -1 -3 3
2499 -1 -4 3
2500 -1 -4 3
2501 1 -4 3
2502 1 -5 2
2503 -2 -6 2
2504 -2 -6 3
2505 -2 -7 4
2506 -3 -8 5
2507 -2 -7 7
2508 -3 -7 9
2509 -6 -9 10
2510 -5 -8 9
2511 -3 -8 9
2512 -3 -8 8
2513 -3 -8 8
2514 -2 -8 8
2515 -2 -7 8
2516 -2 -7 8
2517 -2 -7 8
2518 -2 -7 8
2519 -2 -7 8
2520 -2 -6 7
2521 -2 -6 7
2522 -2 -6 7
2523 -2 -6 7
2524 -2 -6 7
2525 -2 -6 8
2526 -2 -5 8
2527 -2 -5 8
2528 -1 -4 7
2529 -1 -4 6
2530 -1 -4 6
2531 -1 -4 6
2532 -3 -4 6
2533 -5 -4 7
2534 -6 -4 10
2535 -6 -3 11
2536 -6 -3 12
2537 -6 -2 12
2538 -6 -3 12
2539 -6 -3 12
2540 -6 -3 12
2541 -6 -3 12
2542 -6 -2 12
2543 -6 -1 11
2544 -4 1 11
2545 -4 2 11
2546 -4 2 9
2547 -3 1 8
2548 -3 1 9
2549 -4 1 9
2550 -4 0 9
2551 -4 0 10
2552 -4 0 10
2553 -4 -1 10
2554 -4 1 10
2555 -4 1 9
2556 -3 1 8
2557 -3 2 9
2558 -3 2 10
2559 -4 2 9
2560 -3 2 10
2561 -2 1 10
2562 -3 -1 10
2563 -3 -2 10
2564 -3 -1 10
2565 -4 -1 11
2566 -4 -2 11
2567 -4 -2 11
2568 -4 -2 10
2569 -4 -2 10
2570 -4 -2 9
2571 -5 -5 8
2572 -7 -7 9
2573 -5 -6 9
2574 -5 -5 11
2575 -3 -5 13
2576 -3 -4 13
2577 -5 -5 12
2578 -6 -5 11
2579 -6 -4 11
2580 -7 -3 9
2581 -7 -2 5
2582 -7 -2 3
2583 -5 -2 3
2584 -4 -2 4
2585 -4 -3 4
2586 -4 -4 5
2587 -4 -5 7
2588 -3 -6 8
2589 -2 -7 11
2590 6 -9 14
2591 3 -8 10
2592 -2 -6 5
2593 -3 -2 9
2594 -2 -1 11
2595 1 1 10
2596 3 -2 9
2597 0 -4 9
