t x y z
0 -3 -5 7
1 -2 -4 8
2 -1 -4 9
3 -2 -5 10
4 -2 -5 10
5 -2 -5 10
6 -2 -5 10
7 -2 -5 10
8 -2 -4 10
9 -2 -5 9
10 -2 -5 9
11 -2 -5 9
12 -2 -6 10
13 -3 -5 10
14 -3 -5 10
15 -3 -5 10
16 -2 -5 9
17 -2 -4 9
18 -1 -4 8
19 0 -3 7
20 1 -2 7
21 2 -1 7
22 1 -1 7
23 1 -1 7
24 1 -1 8
25 1 -2 9
26 1 -2 9
27 1 -2 9
28 0 -3 9
29 1 -3 9
30 -1 -4 11
31 -2 -5 11
32 1 -4 11
33 2 -3 11
34 2 -3 12
35 3 -2 12
36 2 -2 12
37 1 -2 12
38 -1 -2 12
39 -2 -2 12
40 -2 -3 12
41 -1 -2 11
42 -1 -2 11
43 -1 -2 11
44 -2 -2 11
45 -1 -2 11
46 -1 -1 11
47 -1 -1 11
48 -1 -1 11
49 -1 -1 10
50 -1 -1 10
51 0 -1 10
52 1 -1 10
53 1 -1 10
54 1 -1 10
55 1 -1 10
56 1 -1 10
57 1 -1 11
58 1 0 11
59 1 0 11
60 0 0 11
61 0 0 11
62 -1 0 11
63 -1 0 11
64 -2 -1 11
65 -2 -1 11
66 -2 -1 10
67 -2 -1 10
68 -2 -1 10
69 -2 -1 10
70 -2 -1 10
71 -2 -1 9
72 -2 -2 9
73 -3 -2 10
74 -3 -2 10
75 -3 -2 11
76 -2 -1 11
77 -2 -1 11
78 -2 0 10
79 -1 1 11
80 -1 2 11
81 -2 2 12
82 -1 2 11
83 -1 2 11
84 -1 2 10
85 -1 2 9
86 -1 2 9
87 -1 2 10
88 -2 1 10
89 -2 2 10
90 -2 1 11
91 -2 1 11
92 -2 1 11
93 -1 1 11
94 -1 1 10
95 -1 1 10
96 -1 0 10
97 -1 -1 10
98 -1 -1 10
99 -1 -1 10
100 -1 -1 10
101 -1 0 11
102 -1 0 11
103 -1 0 11
104 -1 0 11
105 -1 0 10
106 -1 0 10
107 -1 0 10
108 -1 0 10
109 -1 0 10
110 -1 0 10
111 -1 0 10
112 -1 0 10
113 -1 0 10
114 -1 1 10
115 -1 1 11
116 -1 1 11
117 -1 1 10
118 -1 1 11
119 -1 1 11
120 -1 1 10
121 -1 1 10
122 -1 1 11
123 -1 1 11
124 -2 1 11
125 -2 1 10
126 -2 0 10
127 -1 0 10
128 -1 0 11
129 -1 -1 11
130 -1 -1 10
131 -1 -1 9
132 -1 -1 9
133 -1 -1 10
134 -1 -1 11
135 -1 -1 11
136 0 -1 10
137 -1 -1 10
138 -1 0 10
139 -1 0 10
140 -1 1 10
141 -1 1 11
142 -2 1 11
143 -3 1 11
144 -3 1 11
145 -2 2 12
146 -1 3 12
147 -2 2 11
148 -3 2 9
149 -3 2 9
150 -3 2 10
151 -2 1 11
152 -2 1 10
153 -2 1 10
154 -2 0 10
155 -2 0 10
156 -2 0 10
157 -2 -1 9
158 -1 -1 8
159 -1 -1 8
160 -1 -2 8
161 -1 -2 9
162 -1 -2 10
163 -1 -2 10
164 -1 -2 11
165 -1 1 13
166 -1 1 13
167 -1 1 11
168 -1 1 10
169 -2 2 11
170 -3 2 11
171 -3 2 11
172 -2 2 9
173 -2 1 8
174 -2 1 8
175 -2 1 8
176 -2 1 9
177 -2 1 10
178 -1 1 11
179 -1 1 11
180 -1 1 11
181 -1 0 11
182 -1 -1 11
183 -2 -1 10
184 -2 1 11
185 -2 2 12
186 -2 2 11
187 -2 2 10
188 -3 1 10
189 -3 1 11
190 -3 1 10
191 -3 -1 9
192 -3 0 9
193 -2 0 9
194 -3 -1 10
195 -2 -1 10
196 -2 -1 9
197 -2 -2 8
198 -2 -2 9
199 -2 -3 9
200 -2 -3 9
201 -2 -3 9
202 -2 -2 11
203 -3 -1 13
204 -2 -1 12
205 0 -1 10
206 -1 -1 10
207 -2 -1 11
208 -2 -1 12
209 -2 -1 11
210 -2 -1 11
211 -2 -2 10
212 -2 -2 9
213 -3 -2 9
214 -4 -2 9
215 -4 -2 9
216 -3 -2 10
217 -3 -2 10
218 -3 -1 10
219 -3 -1 10
220 -2 -1 10
221 -2 -1 10
222 -3 -1 10
223 -3 1 12
224 -3 1 13
225 -3 1 11
226 -3 -1 9
227 -3 -1 8
228 -3 -1 9
229 -3 -1 9
230 -2 -1 9
231 -2 -1 10
232 -2 -2 11
233 -2 -2 11
234 -2 -3 10
235 -3 -3 10
236 -2 -4 9
237 -3 -4 9
238 -3 -4 10
239 -3 -4 10
240 -3 -4 10
241 -3 -4 9
242 -3 -3 10
243 -3 -3 11
244 -2 -3 11
245 -2 -3 10
246 -1 -2 10
247 -1 -2 11
248 -1 -2 11
249 -1 -2 11
250 -1 -2 10
251 0 -2 11
252 -1 -2 11
253 1 -2 11
254 1 -2 10
255 1 -2 10
256 0 -3 10
257 0 -2 10
258 1 -2 10
259 1 -2 11
260 -1 -2 10
261 0 -2 9
262 2 -1 9
263 1 -2 10
264 0 -2 9
265 1 -2 9
266 1 -1 10
267 -1 -2 10
268 -2 -2 9
269 -2 -2 10
270 -2 -2 9
271 -2 -2 9
272 -2 -2 9
273 -3 -2 9
274 -3 -2 10
275 -3 -1 10
276 -3 0 11
277 -2 1 11
278 -2 1 11
279 -1 1 11
280 -1 1 11
281 -1 0 11
282 -1 -1 11
283 -1 -1 11
284 -2 -1 12
285 -2 0 12
286 -3 -1 12
287 -3 -1 12
288 -4 -1 12
289 -4 -1 12
290 -5 -2 11
291 -5 -2 11
292 -5 -2 11
293 -6 -3 11
294 -6 -3 10
295 -6 -3 9
296 -6 -3 9
297 -6 -4 8
298 -5 -4 7
299 -5 -4 7
300 -5 -4 6
301 -5 -4 6
302 -5 -4 5
303 -4 -4 5
304 -4 -4 5
305 -3 -4 5
306 -3 -4 5
307 -2 -4 5
308 -1 -4 4
309 1 -4 4
310 2 -4 4
311 3 -3 4
312 4 -3 5
313 4 -3 6
314 4 -3 7
315 5 -3 8
316 5 -3 8
317 5 -2 9
318 5 -2 11
319 4 -2 12
320 3 -2 12
321 3 -2 13
322 3 -1 13
323 2 -2 13
324 1 -2 13
325 0 -2 13
326 -1 -2 12
327 -3 -2 12
328 -4 -2 11
329 -5 -2 11
330 -5 -2 11
331 -4 -2 11
332 -4 -2 11
333 -3 -2 10
334 -3 -2 10
335 -2 -2 10
336 -1 -2 10
337 -1 -2 10
338 -1 -2 10
339 -1 -2 10
340 -1 -2 10
341 0 -2 10
342 1 -2 10
343 1 -2 10
344 0 -2 10
345 0 -2 10
346 -1 -2 10
347 -1 -2 11
348 -1 -2 11
349 -1 -2 11
350 -1 -2 11
351 0 -2 11
352 0 -2 11
353 0 -2 10
354 0 -2 10
355 1 -2 10
356 1 -2 10
357 1 -2 10
358 1 -2 10
359 1 -2 10
360 0 -2 10
361 1 -2 10
362 0 -2 10
363 0 -2 10
364 -1 -2 11
365 0 -1 11
366 0 -1 10
367 1 -1 9
368 1 -1 9
369 1 -1 8
370 1 -2 7
371 0 -2 7
372 0 -2 8
373 0 -2 8
374 0 -3 9
375 1 -2 9
376 1 -2 11
377 0 -2 11
378 1 -1 11
379 1 -1 11
380 1 1 11
381 -1 1 10
382 -1 1 10
383 -1 1 9
384 0 2 9
385 0 2 10
386 0 3 11
387 -1 3 12
388 -1 3 12
389 -2 2 12
390 -2 2 11
391 -2 2 11
392 -2 2 11
393 -3 2 11
394 -2 2 10
395 -2 2 10
396 -2 2 10
397 -2 3 9
398 -2 3 8
399 -2 2 8
400 -2 2 7
401 -2 2 6
402 -2 2 7
403 -2 2 7
404 -3 2 8
405 -4 1 8
406 -4 1 7
407 -4 2 7
408 -5 2 7
409 -5 2 8
410 -6 2 7
411 -5 2 8
412 -5 3 8
413 -5 3 9
414 -5 3 8
415 -4 4 8
416 -5 4 8
417 -6 5 8
418 -6 5 9
419 -7 4 10
420 -7 3 10
421 -7 4 10
422 -7 3 10
423 -8 3 10
424 -9 3 11
425 -8 3 11
426 -7 3 11
427 -6 3 11
428 -6 4 11
429 -6 4 11
430 -5 4 11
431 -5 3 11
432 -5 2 11
433 -4 2 12
434 -4 1 12
435 -5 -1 12
436 -5 -1 12
437 -5 0 11
438 -6 0 10
439 -7 0 9
440 -7 1 8
441 -7 2 7
442 -7 3 9
443 -6 4 11
444 -6 4 12
445 -6 4 13
446 -5 4 13
447 -3 4 12
448 -3 4 12
449 -3 3 13
450 -4 2 12
451 -5 1 12
452 -5 1 11
453 -4 1 11
454 -3 1 11
455 -2 2 9
456 -2 2 9
457 -3 1 9
458 -3 -1 10
459 -4 -1 11
460 -4 -3 12
461 -5 -4 12
462 -6 -5 12
463 -5 -5 13
464 -4 -4 12
465 -4 -4 12
466 -4 -4 11
467 -4 -3 11
468 -3 -2 9
469 -1 -1 7
470 0 1 6
471 1 1 5
472 2 1 5
473 1 1 5
474 2 1 5
475 4 2 5
476 3 1 5
477 1 -1 5
478 1 -1 5
479 1 -1 6
480 1 -2 7
481 2 -2 7
482 1 -4 8
483 0 -5 9
484 -1 -5 9
485 -1 -4 9
486 -1 -4 9
487 0 -4 9
488 1 -4 9
489 1 -4 9
490 1 -4 10
491 2 -4 10
492 2 -4 10
493 3 -3 10
494 3 -3 10
495 3 -3 10
496 3 -4 10
497 3 -3 10
498 3 -3 10
499 2 -3 11
500 1 -3 11
501 -1 -3 11
502 -3 -4 10
503 -4 -4 10
504 -5 -4 10
505 -6 -4 10
506 -6 -5 10
507 -5 -5 9
508 -4 -4 9
509 -4 -4 9
510 -3 -4 9
511 -3 -3 8
512 -3 -3 8
513 -3 -3 7
514 -3 -3 7
515 -3 -3 7
516 -3 -3 7
517 -4 -3 8
518 -3 -3 8
519 -2 -2 9
520 -2 -2 9
521 -2 -2 9
522 -1 -2 10
523 -1 -2 11
524 -1 -2 11
525 1 -2 11
526 2 -1 11
527 2 -1 12
528 2 -1 12
529 3 -1 12
530 3 -1 12
531 3 -1 12
532 4 -1 12
533 3 -1 12
534 3 -1 12
535 3 -1 11
536 3 0 11
537 3 0 11
538 3 0 11
539 2 0 11
540 2 0 11
541 2 0 10
542 1 0 10
543 1 0 10
544 -1 0 10
545 -2 0 10
546 -2 0 11
547 -2 1 10
548 -3 0 10
549 -4 -1 11
550 -4 -1 10
551 -3 -1 10
552 -3 -1 10
553 -4 -1 10
554 -3 0 11
555 -3 1 11
556 -2 1 11
557 -1 1 10
558 -1 1 11
559 1 1 11
560 2 1 11
561 2 1 11
562 2 2 11
563 2 3 11
564 2 3 11
565 1 3 9
566 -1 2 9
567 -1 1 8
568 -1 -1 8
569 -1 -2 8
570 -1 -3 9
571 1 -3 8
572 1 -3 8
573 2 -3 9
574 3 -3 10
575 2 -3 11
576 2 -3 12
577 1 -3 12
578 2 -2 12
579 2 -1 12
580 2 -1 11
581 2 -1 11
582 2 -1 11
583 2 0 11
584 1 0 10
585 1 0 10
586 1 0 10
587 1 0 10
588 1 0 10
589 1 -1 10
590 0 -1 10
591 -1 -1 10
592 0 -1 10
593 0 -1 10
594 -1 -1 11
595 -1 -1 11
596 0 -1 11
597 0 -1 11
598 0 -1 11
599 0 -1 11
600 0 -1 11
601 0 -1 10
602 0 -1 10
603 0 -1 10
604 0 -1 11
605 0 -1 11
606 0 -1 11
607 0 -1 11
608 0 -1 11
609 0 -1 11
610 0 -1 10
611 0 -1 10
612 0 -1 10
613 0 -1 10
614 0 -1 11
615 1 -1 11
616 1 -1 11
617 1 -1 11
618 1 -1 11
619 1 -1 10
620 1 -1 10
621 1 -1 10
622 0 -1 11
623 0 -1 11
624 0 -1 10
625 0 -1 10
626 0 -1 10
627 0 -1 10
628 0 -1 10
629 0 -1 10
630 1 -1 10
631 1 -1 11
632 2 -1 11
633 2 -1 10
634 2 -1 10
635 2 -1 10
636 2 -1 10
637 2 -1 10
638 2 -1 10
639 2 -1 10
640 2 -1 10
641 2 -1 10
642 1 -1 10
643 1 -1 10
644 -1 -1 10
645 -1 -1 10
646 -1 0 11
647 -1 1 11
648 -2 1 11
649 -2 1 11
650 -2 1 11
651 -3 1 11
652 -3 1 11
653 -3 0 11
654 -3 0 11
655 -2 0 10
656 -2 0 10
657 -2 0 10
658 -2 0 10
659 -2 0 10
660 -2 0 10
661 -3 0 11
662 -3 0 10
663 -2 1 10
664 -2 1 11
665 -2 1 11
666 -2 1 11
667 -2 1 11
668 -1 1 11
669 -1 1 11
670 -1 1 10
671 0 1 10
672 0 0 10
673 1 -1 10
674 1 -1 10
675 0 -1 11
676 1 0 11
677 1 1 11
678 1 1 11
679 1 1 11
680 1 0 10
681 2 0 10
682 2 0 11
683 2 1 10
684 2 1 10
685 2 1 10
686 2 1 10
687 1 1 10
688 1 1 10
689 1 1 11
690 1 1 11
691 1 1 11
692 1 1 11
693 0 1 11
694 0 1 11
695 0 0 10
696 1 -1 10
697 1 -1 10
698 1 -1 10
699 1 -2 10
700 1 -2 11
701 0 -2 11
702 0 -1 11
703 1 -1 10
704 1 -2 10
705 1 -1 10
706 1 -1 11
707 1 -1 11
708 1 -1 11
709 1 -1 10
710 1 -2 10
711 1 -2 9
712 1 -2 10
713 1 -1 11
714 1 -1 11
715 1 -1 11
716 1 -1 10
717 1 -1 10
718 1 -1 10
719 1 -1 10
720 2 -1 11
721 2 0 11
722 2 0 11
723 2 0 11
724 2 0 10
725 2 0 10
726 1 1 11
727 1 1 11
728 1 1 11
729 0 1 11
730 -1 1 11
731 -1 1 11
732 -1 1 11
733 -1 1 10
734 -1 1 10
735 -1 1 10
736 -1 1 10
737 1 1 10
738 1 1 10
739 1 1 11
740 1 0 11
741 1 -1 11
742 1 -1 11
743 1 -1 11
744 1 -1 11
745 2 -1 11
746 2 0 11
747 1 -1 11
748 1 -1 10
749 1 -1 9
750 2 -1 9
751 2 -1 9
752 2 -1 9
753 2 -2 9
754 2 -2 10
755 3 -1 10
756 3 -1 11
757 3 -1 11
758 3 -1 11
759 4 -1 11
760 3 -1 12
761 2 -1 12
762 1 -1 12
763 1 -1 11
764 1 1 11
765 1 1 10
766 -1 1 9
767 -1 1 9
768 -1 1 10
769 2 1 10
770 2 1 10
771 1 0 9
772 1 0 9
773 2 -1 10
774 2 -1 10
775 2 -1 11
776 1 -1 11
777 -1 -2 12
778 -1 -2 13
779 -2 -2 13
780 -3 -2 14
781 -4 -3 14
782 -5 -3 14
783 -4 -3 13
784 -3 -2 12
785 -2 -2 11
786 -1 -2 11
787 0 -2 10
788 1 -2 8
789 2 -2 7
790 3 -2 5
791 2 -2 4
792 2 -2 3
793 2 -3 2
794 2 -3 3
795 1 -4 3
796 -1 -4 4
797 -2 -5 4
798 -2 -5 4
799 -2 -5 4
800 -3 -5 5
801 -3 -4 4
802 -3 -4 5
803 -3 -3 6
804 -3 -3 6
805 -3 -3 7
806 -3 -3 8
807 -2 -3 10
808 -1 -2 11
809 0 -2 12
810 2 -2 12
811 2 -2 13
812 2 -3 13
813 2 -3 13
814 3 -3 13
815 3 -2 13
816 2 -2 13
817 2 -2 12
818 2 -1 12
819 3 -1 11
820 4 0 11
821 4 1 11
822 4 0 10
823 4 0 10
824 3 -1 10
825 2 -1 10
826 2 -1 10
827 1 -1 10
828 0 -1 11
829 -1 -1 10
830 -2 -1 11
831 -3 -1 11
832 -4 -2 11
833 -5 -2 10
834 -5 -3 10
835 -4 -3 10
836 -3 -3 10
837 -2 -2 11
838 -1 -2 11
839 1 -2 11
840 1 -2 10
841 1 -2 10
842 1 -2 10
843 1 -2 10
844 1 -2 10
845 1 -2 10
846 2 -2 10
847 2 -2 10
848 1 -2 11
849 1 -2 11
850 1 -1 11
851 1 -1 10
852 1 0 9
853 1 1 8
854 1 0 8
855 1 1 7
856 1 0 7
857 0 -1 7
858 1 -1 7
859 1 -2 9
860 2 -3 11
861 2 -3 12
862 3 -3 12
863 4 -3 12
864 4 -3 12
865 4 -2 12
866 3 -2 12
867 3 -2 11
868 2 -2 11
869 1 -2 10
870 1 -1 10
871 1 -1 10
872 1 -1 10
873 1 -1 10
874 2 -1 10
875 2 -1 10
876 2 -1 10
877 2 -1 11
878 2 -1 11
879 2 -1 11
880 2 -1 11
881 1 -1 10
882 1 -2 10
883 2 -2 10
884 2 -2 11
885 2 -2 11
886 2 -2 11
887 1 -3 12
888 1 -3 12
889 1 -3 13
890 1 -4 14
891 -1 -5 15
892 -3 -7 15
893 -3 -9 14
894 -4 -9 13
895 -4 -9 11
896 -5 -8 7
897 -4 -8 4
898 1 -8 1
899 4 -7 -4
900 6 -8 -6
901 4 -9 -7
902 3 -10 -7
903 3 -9 -7
904 3 -8 -7
905 3 -8 -6
906 3 -7 -6
907 4 -6 -7
908 3 -6 -8
909 3 -6 -8
910 3 -5 -8
911 3 -5 -7
912 3 -5 -6
913 4 -5 -6
914 6 -3 -7
915 5 -2 -7
916 -1 -3 -6
917 -5 -5 -5
918 -3 -6 -3
919 5 -4 -3
920 8 -5 -1
921 6 -6 -4
922 5 -6 -8
923 8 -4 -8
924 10 -4 -7
925 6 -6 -5
926 2 -8 -4
927 1 -8 -1
928 -1 -4 3
929 -3 1 3
930 -4 4 2
931 -1 7 -1
932 5 9 -5
933 4 7 -10
934 4 4 -10
935 6 2 -9
936 7 1 -12
937 9 -2 -14
938 9 -3 -12
939 7 -2 -11
940 8 1 -9
941 8 -1 -5
942 -2 -3 -1
943 -6 -5 4
944 -5 -4 7
945 -8 -5 11
946 -9 -7 12
947 -5 -7 11
948 -3 -7 9
949 -6 -8 7
950 -11 -9 8
951 -12 -7 6
952 -12 -5 1
953 -12 -4 2
954 -12 -3 7
955 -12 -4 10
956 -11 -4 10
957 -8 -3 10
958 -7 0 11
959 -9 2 11
960 -8 2 11
961 -8 3 9
962 -11 2 8
963 -12 -1 10
964 -9 1 10
965 -11 1 10
966 -12 2 11
967 -11 3 11
968 -11 3 10
969 -11 2 11
970 -11 1 13
971 -9 2 11
972 -7 1 10
973 -8 -2 8
974 -9 -3 6
975 -8 -2 8
976 -8 -2 9
977 -9 -1 9
978 -7 1 8
979 -7 2 9
980 -10 2 10
981 -11 3 12
982 -12 2 13
983 -12 1 13
984 -11 2 12
985 -11 2 12
986 -9 3 12
987 -8 4 12
988 -7 3 11
989 -6 2 11
990 -7 1 11
991 -6 1 11
992 -5 1 11
993 -5 1 12
994 -4 1 11
995 -3 0 10
996 -3 -1 10
997 -3 -1 8
998 -2 -2 8
999 -3 -2 7
1000 -2 -1 7
1001 -2 -1 6
1002 -2 0 4
1003 -2 1 3
1004 -1 1 3
1005 0 2 2
1006 -1 1 1
1007 -1 -1 2
1008 1 -1 2
1009 1 -1 3
1010 0 -2 4
1011 -1 -2 7
1012 -1 -1 9
1013 0 -1 10
1014 1 1 11
1015 0 1 12
1016 -1 1 12
1017 -1 1 13
1018 -1 2 13
1019 -1 1 14
1020 -1 1 14
1021 -2 0 15
1022 -2 0 15
1023 -2 1 15
1024 -2 1 14
1025 -2 1 13
1026 -1 1 11
1027 -1 1 9
1028 1 1 6
1029 1 0 2
1030 1 -1 -2
1031 0 -2 -3
1032 -1 -3 -4
1033 -2 -3 -3
1034 -3 -4 -2
1035 -3 -4 -1
1036 -3 -4 1
1037 -4 -4 3
1038 -4 -4 5
1039 -5 -4 7
1040 -4 -3 9
1041 -3 -2 10
1042 -1 -2 11
1043 2 -3 12
1044 3 -3 12
1045 4 -3 13
1046 3 -4 14
1047 2 -4 14
1048 1 -4 14
1049 1 -4 14
1050 -1 -4 14
1051 -2 -3 13
1052 -3 -3 13
1053 -4 -4 13
1054 -5 -4 13
1055 -5 -5 12
1056 -5 -5 12
1057 -4 -4 12
1058 -3 -4 11
1059 -3 -4 11
1060 0 -3 7
1061 3 -2 4
1062 4 -2 3
1063 4 -2 2
1064 4 -2 2
1065 3 -3 3
1066 2 -3 3
1067 1 -4 3
1068 1 -4 3
1069 0 -4 2
1070 -1 -4 2
1071 -2 -4 2
1072 -3 -4 2
1073 -2 -3 3
1074 -1 -2 4
1075 0 -1 7
1076 -1 -1 11
1077 -1 -1 13
1078 -1 -1 14
1079 -2 -1 15
1080 -2 -2 16
1081 -3 -2 16
1082 -2 -1 15
1083 -2 1 14
1084 -1 1 13
1085 -1 2 12
1086 -2 2 11
1087 -1 2 10
1088 -1 2 9
1089 0 3 8
1090 1 3 8
1091 2 3 8
1092 3 3 7
1093 2 3 7
1094 1 1 7
1095 0 1 7
1096 0 -1 7
1097 0 -1 8
1098 1 -2 10
1099 0 -2 11
1100 -1 -2 12
1101 -1 -2 12
1102 -2 -3 12
1103 -2 -2 12
1104 -2 -2 13
1105 -2 -2 13
1106 -2 -2 12
1107 -1 -3 11
1108 -2 -3 11
1109 -2 -3 11
1110 -1 -3 10
1111 -1 -2 10
1112 -2 -3 10
1113 -2 -3 10
1114 -2 -2 10
1115 -1 -2 10
1116 0 -2 10
1117 0 -2 10
1118 1 -2 10
1119 1 -1 10
1120 1 -1 10
1121 1 -1 10
1122 1 -1 10
1123 1 -1 10
1124 1 -1 10
1125 0 -1 10
1126 -1 -1 10
1127 -2 -1 10
1128 -2 -1 10
1129 -2 -2 10
1130 -3 -2 10
1131 -3 -2 10
1132 -3 -3 10
1133 -4 -3 10
1134 -4 -3 10
1135 -4 -3 10
1136 -4 -3 10
1137 -4 -3 10
1138 -3 -3 9
1139 -3 -2 9
1140 -3 -2 9
1141 -3 -2 11
1142 -4 -2 11
1143 -3 -2 12
1144 -3 -2 12
1145 -3 -2 11
1146 -3 -2 11
1147 -2 -2 10
1148 -1 -2 10
1149 -1 -3 10
1150 -1 -3 11
1151 -1 -3 11
1152 -1 -4 10
1153 -1 -4 9
1154 -1 -5 8
1155 -1 -5 8
1156 -1 -5 8
1157 -2 -5 9
1158 -3 -6 10
1159 -3 -5 10
1160 -3 -5 10
1161 -4 -5 10
1162 -4 -5 10
1163 -4 -5 9
1164 -4 -5 9
1165 -4 -5 9
1166 -5 -5 8
1167 -5 -5 8
1168 -4 -5 7
1169 -4 -5 7
1170 -3 -5 7
1171 -3 -5 8
1172 -3 -5 8
1173 -2 -6 8
1174 -2 -6 8
1175 -3 -6 8
1176 -4 -6 9
1177 -6 -6 11
1178 -6 -5 11
1179 -4 -4 11
1180 -5 -4 11
1181 -5 -4 11
1182 -5 -4 10
1183 -4 -4 9
1184 -3 -4 8
1185 -2 -4 7
1186 -2 -4 7
1187 -2 -4 8
1188 -3 -3 9
1189 -4 -3 10
1190 -4 -3 10
1191 -4 -3 11
1192 -5 -2 10
1193 -5 -2 10
1194 -4 -2 8
1195 -4 -2 7
1196 -4 -2 7
1197 -3 -2 8
1198 -3 -2 9
1199 -3 -2 10
1200 -3 -2 11
1201 -3 -2 11
1202 -3 -2 10
1203 -4 -2 10
1204 -3 -2 10
1205 -3 -2 10
1206 -4 -2 10
1207 -4 -2 10
1208 -4 -2 10
1209 -4 -2 11
1210 -4 -2 11
1211 -4 -2 10
1212 -4 -2 10
1213 -3 -3 10
1214 -3 -3 10
1215 -3 -3 10
1216 -2 -3 10
1217 -2 -4 10
1218 -2 -4 10
1219 -2 -4 10
1220 -3 -5 11
1221 -3 -6 11
1222 -3 -6 10
1223 -3 -7 10
1224 -3 -7 10
1225 -2 -8 10
1226 -2 -8 10
1227 -1 -8 9
1228 -1 -8 9
1229 -1 -8 9
1230 -2 -8 8
1231 -1 -8 8
1232 -1 -7 7
1233 -1 -7 7
1234 -1 -7 7
1235 -1 -7 7
1236 0 -7 7
1237 1 -8 7
1238 1 -8 7
1239 1 -8 8
1240 1 -8 8
1241 1 -8 8
1242 1 -7 8
1243 1 -7 8
1244 1 -7 8
1245 2 -7 8
1246 2 -7 8
1247 2 -7 9
1248 2 -7 9
1249 1 -7 9
1250 1 -7 9
1251 1 -6 8
1252 0 -6 8
1253 0 -6 8
1254 -1 -6 7
1255 -1 -6 7
1256 -2 -6 7
1257 -2 -7 7
1258 -2 -7 7
1259 -2 -7 7
1260 -2 -8 7
1261 -2 -8 8
1262 -2 -8 8
1263 -2 -8 9
1264 -2 -8 8
1265 -2 -8 8
1266 -1 -8 8
1267 -1 -8 8
1268 -1 -8 8
1269 -1 -8 8
1270 -1 -8 8
1271 -2 -8 8
1272 -2 -8 8
1273 -2 -8 7
1274 -1 -8 7
1275 -2 -8 7
1276 -2 -8 7
1277 -2 -8 7
1278 -2 -8 8
1279 -2 -8 8
1280 -2 -8 8
1281 -2 -8 8
1282 -2 -8 8
1283 -2 -8 7
1284 -2 -8 7
1285 -2 -8 7
1286 -1 -8 7
1287 -1 -8 8
1288 -1 -8 8
1289 -1 -8 8
1290 -1 -8 7
1291 -1 -8 7
1292 -1 -8 7
1293 -1 -8 7
1294 -1 -8 7
1295 -1 -8 7
1296 -1 -8 8
1297 -1 -8 7
1298 -2 -8 7
1299 -1 -8 7
1300 -1 -8 7
1301 -1 -8 7
1302 -2 -8 7
1303 -2 -8 7
1304 -2 -8 7
1305 -2 -9 7
1306 -1 -9 7
1307 -1 -9 7
1308 -1 -9 7
1309 -1 -9 6
1310 -1 -8 6
1311 1 -8 6
1312 1 -8 6
1313 1 -8 5
1314 2 -8 5
1315 2 -8 5
1316 2 -7 5
1317 2 -7 6
1318 2 -8 6
1319 3 -8 6
1320 4 -8 7
1321 4 -8 8
1322 5 -8 9
1323 5 -7 9
1324 5 -6 10
1325 4 -6 10
1326 3 -5 10
1327 4 -4 8
1328 5 -4 7
1329 5 -3 9
1330 5 -3 10
1331 5 -2 10
1332 3 -1 10
1333 -2 -2 10
1334 -2 -2 10
1335 0 -3 9
1336 1 -4 10
1337 1 -5 12
1338 1 -5 13
1339 2 -4 14
1340 2 -4 13
1341 1 -4 12
1342 1 -4 11
1343 1 -3 11
1344 1 -4 11
1345 0 -4 11
1346 2 -3 11
1347 2 -2 11
1348 1 -2 11
1349 1 -2 11
1350 2 -3 11
1351 -1 -4 12
1352 -2 -5 12
1353 0 -4 12
1354 -1 -4 12
1355 -2 -4 11
1356 -1 -4 10
1357 0 -3 10
1358 0 -3 8
1359 0 -2 7
1360 0 -2 7
1361 1 -2 7
1362 2 -2 7
1363 3 -1 6
1364 3 -2 6
1365 3 -2 7
1366 4 -2 6
1367 4 -2 7
1368 3 -1 8
1369 3 1 9
1370 5 2 10
1371 5 3 11
1372 4 2 11
1373 3 2 12
1374 3 2 11
1375 3 2 10
1376 2 2 9
1377 2 2 9
1378 2 2 9
1379 2 2 10
1380 2 2 10
1381 2 2 10
1382 2 2 10
1383 2 2 10
1384 1 2 10
1385 -1 1 11
1386 -1 1 11
1387 -1 1 10
1388 -1 1 10
1389 -2 0 11
1390 -3 0 11
1391 -3 -1 11
1392 -3 -1 11
1393 -3 -1 11
1394 -3 -1 12
1395 -2 -1 12
1396 -2 -1 12
1397 -2 -1 12
1398 -1 -1 13
1399 1 0 13
1400 1 0 13
1401 1 -1 13
1402 2 -1 13
1403 2 -1 12
1404 3 -1 12
1405 3 -1 11
1406 3 -1 11
1407 4 -1 11
1408 4 -2 10
1409 4 -2 8
1410 5 -2 7
1411 4 -2 7
1412 4 -3 6
1413 3 -3 5
1414 3 -3 5
1415 2 -3 4
1416 1 -4 3
1417 -1 -4 3
1418 -2 -4 3
1419 -3 -5 3
1420 -4 -5 3
1421 -4 -5 3
1422 -4 -5 3
1423 -5 -5 4
1424 -5 -5 5
1425 -6 -4 6
1426 -7 -4 7
1427 -7 -4 7
1428 -6 -4 8
1429 -6 -3 9
1430 -6 -3 10
1431 -6 -2 11
1432 -5 -2 11
1433 -5 -2 11
1434 -6 -1 12
1435 -5 -1 12
1436 -5 -1 12
1437 -5 -1 12
1438 -4 -1 12
1439 -3 0 12
1440 -2 0 12
1441 -1 0 12
1442 1 0 12
1443 1 0 12
1444 2 0 12
1445 2 1 11
1446 2 1 11
1447 1 1 11
1448 1 1 10
1449 -1 0 10
1450 -1 0 10
1451 -1 0 10
1452 -2 -1 10
1453 -2 0 10
1454 -2 0 10
1455 -2 -1 10
1456 -2 -1 10
1457 -2 -1 10
1458 -2 -1 11
1459 -2 0 11
1460 -2 0 11
1461 -2 0 11
1462 -2 1 11
1463 -1 1 11
1464 -1 1 11
1465 -1 1 11
1466 -1 1 10
1467 -1 1 10
1468 -1 1 10
1469 0 1 9
1470 0 1 10
1471 2 -1 8
1472 1 -2 8
1473 -1 -3 8
1474 -1 -4 9
1475 -1 -4 9
1476 -1 -4 9
1477 -2 -5 10
1478 -2 -5 10
1479 -2 -4 10
1480 -2 -4 11
1481 -2 -4 11
1482 -2 -3 11
1483 -2 -3 11
1484 -2 -3 11
1485 -2 -3 11
1486 -2 -3 11
1487 -2 -3 10
1488 -2 -3 10
1489 -2 -2 11
1490 -2 -2 10
1491 -2 -2 10
1492 -2 -2 10
1493 -2 -2 10
1494 -3 -2 10
1495 -3 -2 9
1496 -3 -2 9
1497 -3 -2 9
1498 -2 -2 9
1499 -2 -2 9
1500 -2 -2 10
1501 -2 -2 10
1502 -2 -2 11
1503 -2 -2 11
1504 -2 -1 10
1505 -1 -1 10
1506 -1 -1 9
1507 -1 -1 9
1508 -1 -1 9
1509 -1 -1 9
1510 -1 -1 9
1511 -1 -1 10
1512 -2 0 11
1513 -1 1 11
1514 -1 1 11
1515 -1 1 11
1516 0 1 11
1517 1 1 11
1518 1 1 11
1519 0 1 10
1520 -1 1 10
1521 -1 1 10
1522 -1 1 10
1523 -1 1 10
1524 -2 1 10
1525 -2 2 9
1526 -2 2 7
1527 -2 2 7
1528 -2 1 7
1529 -2 1 8
1530 -2 1 7
1531 -3 1 7
1532 -3 2 8
1533 -3 3 7
1534 -3 3 7
1535 -3 4 7
1536 -3 5 7
1537 -4 5 7
1538 -5 4 7
1539 -6 4 7
1540 -5 3 8
1541 -6 3 10
1542 -7 2 11
1543 -9 1 11
1544 -10 -1 12
1545 -9 -1 12
1546 -9 1 12
1547 -10 0 12
1548 -10 1 11
1549 -10 1 11
1550 -11 1 11
1551 -11 1 11
1552 -10 2 11
1553 -10 2 11
1554 -11 3 11
1555 -11 3 12
1556 -11 3 11
1557 -10 3 8
1558 -10 3 6
1559 -10 3 5
1560 -9 3 4
1561 -7 3 4
1562 -5 4 5
1563 -4 4 4
1564 -5 4 3
1565 -6 4 4
1566 -7 4 5
1567 -9 4 5
1568 -9 4 3
1569 -8 4 3
1570 -7 4 4
1571 -6 3 1
1572 -7 2 -1
1573 -3 1 2
1574 4 -4 -1
1575 -3 -9 -4
1576 -10 -12 -3
1577 -11 -12 -1
1578 -8 -12 2
1579 -8 -11 4
1580 -8 -11 4
1581 -8 -11 4
1582 -7 -11 3
1583 -6 -10 2
1584 -6 -10 3
1585 -6 -10 3
1586 -5 -9 2
1587 -4 -9 -2
1588 -5 -10 -1
1589 -5 -9 1
1590 -5 -8 0
1591 -6 -8 -3
1592 -6 -8 -7
1593 -5 -7 -6
1594 -3 -7 -7
1595 0 -7 -10
1596 2 -8 -9
1597 3 -9 -11
1598 2 -7 -11
1599 -1 -5 -9
1600 -2 -4 -9
1601 -5 -5 -11
1602 -5 -5 -11
1603 -3 -4 -12
1604 -2 -4 -13
1605 -2 -3 -14
1606 -2 -3 -15
1607 -1 -1 -15
1608 -1 -1 -14
1609 -2 -3 -13
1610 -1 -5 -12
1611 1 -8 -11
1612 3 -10 -10
1613 2 -11 -5
1614 -4 -11 -1
1615 -6 -8 5
1616 -3 -6 10
1617 -2 -7 9
1618 -3 -9 9
1619 -5 -11 9
1620 -4 -11 6
1621 -2 -11 5
1622 -1 -12 4
1623 -2 -12 4
1624 -2 -13 2
1625 -2 -12 1
1626 -1 -12 1
1627 -2 -11 0
1628 -1 -9 2
1629 -1 -7 3
1630 -2 -6 4
1631 -5 -7 4
1632 -6 -8 4
1633 -6 -8 2
1634 -5 -7 1
1635 -4 -6 1
1636 -3 -5 2
1637 -4 -6 3
1638 -6 -7 3
1639 -7 -7 3
1640 -8 -6 5
1641 -9 -6 6
1642 -9 -6 7
1643 -10 -5 6
1644 -11 -4 5
1645 -11 -4 5
1646 -10 -6 4
1647 -9 -7 3
1648 -9 -8 4
1649 -10 -9 6
1650 -10 -8 4
1651 -8 -6 1
1652 -10 -7 0
1653 -11 -8 -2
1654 -10 -9 -1
1655 -9 -10 1
1656 -9 -10 0
1657 -9 -10 1
1658 -8 -11 3
1659 -6 -10 4
1660 -4 -8 6
1661 -5 -7 6
1662 -7 -7 6
1663 -7 -7 8
1664 -6 -7 8
1665 -7 -7 8
1666 -7 -8 8
1667 -6 -7 8
1668 -5 -7 7
1669 -4 -7 7
1670 -4 -7 7
1671 -5 -8 7
1672 -6 -8 8
1673 -6 -8 8
1674 -3 -7 9
1675 -3 -7 11
1676 -6 -8 11
1677 -4 -6 9
1678 1 -4 9
1679 -2 -6 12
1680 -3 -6 12
1681 1 -5 11
1682 2 -4 11
1683 1 -4 11
1684 1 -4 11
1685 2 -3 10
1686 2 -4 9
1687 1 -4 11
1688 -1 -4 11
1689 -2 -4 10
1690 -2 -3 9
1691 -2 -2 10
1692 -2 -2 9
1693 -1 -2 7
1694 -1 -3 7
1695 -1 -3 8
1696 -1 -3 8
1697 -1 -3 8
1698 0 -3 9
1699 1 -3 9
1700 1 -3 9
1701 1 -3 9
1702 2 -2 9
1703 2 -2 9
1704 1 -3 9
1705 1 -3 9
1706 1 -3 8
1707 1 -3 9
1708 -1 -3 10
1709 -1 -3 10
1710 -1 -4 10
1711 -1 -4 11
1712 -2 -4 10
1713 -1 -4 10
1714 -1 -4 10
1715 -2 -4 10
1716 -2 -3 9
1717 -3 -3 10
1718 -3 -3 10
1719 -3 -4 9
1720 -3 -3 9
1721 -3 -3 10
1722 -4 -4 10
1723 -4 -4 11
1724 -4 -4 11
1725 -3 -3 11
1726 -3 -3 10
1727 -2 -2 10
1728 -2 -3 10
1729 -2 -3 11
1730 -1 -3 11
1731 1 -3 11
1732 3 -3 11
1733 4 -3 11
1734 4 -3 10
1735 5 -2 9
1736 5 -2 9
1737 5 -2 8
1738 5 -2 7
1739 5 -2 7
1740 3 -3 7
1741 3 -2 8
1742 3 -2 8
1743 3 -2 8
1744 3 -2 8
1745 1 -2 9
1746 -2 -3 9
1747 -2 -2 9
1748 -3 -2 10
1749 -3 -2 10
1750 -3 -2 11
1751 -3 -2 11
1752 -3 -2 11
1753 -3 -2 11
1754 -3 -2 11
1755 -3 -2 11
1756 -4 -2 11
1757 -5 -2 11
1758 -6 -2 12
1759 -6 -2 12
1760 -6 -2 11
1761 -5 -2 11
1762 -5 -2 11
1763 -5 -2 11
1764 -5 -2 11
1765 -5 -1 11
1766 -4 -1 11
1767 -4 -1 11
1768 -4 -1 10
1769 -3 -1 10
1770 -3 -1 9
1771 -3 -1 9
1772 -3 -1 10
1773 -3 -1 10
1774 -2 -1 10
1775 -2 0 11
1776 -1 0 11
1777 -1 -1 11
1778 1 0 11
1779 1 0 11
1780 1 -1 11
1781 1 -1 11
1782 -1 -1 11
1783 -1 -1 11
1784 -1 -1 11
1785 -2 -1 11
1786 -2 -2 11
1787 -3 -2 11
1788 -3 -2 11
1789 -2 -1 11
1790 -3 -1 11
1791 -3 -2 11
1792 -3 -2 11
1793 -3 -1 11
1794 -3 -1 11
1795 -3 -1 11
1796 -2 -2 10
1797 -2 -2 10
1798 -2 -2 11
1799 -2 -2 11
1800 -2 -3 11
1801 -1 -3 11
1802 -1 -4 10
1803 -1 -4 10
1804 -1 -4 10
1805 -1 -4 9
1806 -1 -5 9
1807 0 -5 9
1808 1 -4 8
1809 0 -5 7
1810 -1 -5 7
1811 -1 -5 7
1812 -1 -5 7
1813 -1 -5 7
1814 -2 -5 7
1815 -2 -5 7
1816 -3 -6 8
1817 -4 -6 8
1818 -3 -6 9
1819 -3 -6 9
1820 -3 -6 10
1821 -2 -6 10
1822 -2 -6 10
1823 -2 -6 10
1824 -2 -6 10
1825 -2 -6 10
1826 -2 -6 10
1827 -2 -6 10
1828 -2 -6 9
1829 -2 -5 9
1830 -2 -5 9
1831 -1 -5 9
1832 -1 -5 9
1833 -1 -5 9
1834 -1 -5 9
1835 -1 -5 9
1836 -2 -5 9
1837 -2 -5 9
1838 -2 -5 9
1839 -1 -5 9
1840 -1 -5 9
1841 -1 -5 9
1842 -1 -5 9
1843 -1 -5 9
1844 -1 -5 10
1845 -1 -5 10
1846 0 -5 10
1847 0 -4 10
1848 0 -4 10
1849 0 -4 10
1850 0 -4 9
1851 1 -3 9
1852 0 -3 9
1853 -1 -3 10
1854 -1 -3 10
1855 -1 -3 9
1856 -1 -2 9
1857 -1 -2 11
1858 -2 -2 11
1859 -2 -2 11
1860 -2 -2 11
1861 -2 -3 11
1862 -2 -3 11
1863 -3 -3 11
1864 -3 -4 11
1865 -3 -4 10
1866 -3 -4 9
1867 -2 -4 9
1868 -2 -3 9
1869 -2 -3 9
1870 -2 -3 10
1871 -2 -3 10
1872 -2 -3 10
1873 -2 -2 10
1874 -2 -2 10
1875 -3 -2 11
1876 -4 -2 11
1877 -3 -2 10
1878 -3 -2 10
1879 -3 -2 10
1880 -4 -2 10
1881 -4 -2 10
1882 -4 -2 9
1883 -3 -2 9
1884 -4 -2 9
1885 -4 -2 9
1886 -4 -2 9
1887 -4 -2 10
1888 -4 -2 10
1889 -4 -3 10
1890 -4 -3 11
1891 -4 -3 11
1892 -4 -3 11
1893 -4 -2 11
1894 -4 -2 11
1895 -3 -1 10
1896 -2 -1 10
1897 -1 -1 10
1898 -2 -1 11
1899 -3 -1 11
1900 -4 -1 11
1901 -3 -1 11
1902 -2 -1 10
1903 -2 -1 8
1904 -2 -1 8
1905 -2 -1 8
1906 -2 -1 8
1907 -2 -1 9
1908 -2 -1 9
1909 -3 -1 10
1910 -3 -2 10
1911 -4 -2 11
1912 -4 -2 11
1913 -4 -3 11
1914 -4 -3 11
1915 -4 -3 11
1916 -5 -2 12
1917 -5 -2 13
1918 -6 -1 14
1919 -7 1 14
1920 -6 1 12
1921 -7 1 11
1922 -7 1 11
1923 -7 3 12
1924 -9 4 11
1925 -9 4 10
1926 -7 3 6
1927 -4 1 3
1928 -3 -2 4
1929 -2 -4 5
1930 -1 -4 5
1931 -2 -2 6
1932 -4 -1 7
1933 -5 0 8
1934 -6 2 9
1935 -6 2 9
1936 -6 2 9
1937 -6 1 9
1938 -6 2 8
1939 -5 2 7
1940 -6 1 7
1941 -5 2 8
1942 -5 2 9
1943 -6 2 9
1944 -6 2 10
1945 -7 1 11
1946 -7 -1 11
1947 -7 -1 10
1948 -6 -1 10
1949 -5 -1 10
1950 -5 -1 10
1951 -5 -1 10
1952 -4 -1 9
1953 -4 -1 9
1954 -4 -1 9
1955 -4 -1 9
1956 -4 -1 8
1957 -4 -1 7
1958 -4 -1 7
1959 -4 -1 8
1960 -5 -1 8
1961 -4 -2 8
1962 -4 -2 8
1963 -4 -2 7
1964 -4 -2 7
1965 -4 -3 8
1966 -3 -3 8
1967 -3 -3 10
1968 -4 -3 11
1969 -4 -3 11
1970 -5 -3 11
1971 -5 -3 11
1972 -4 -3 11
1973 -4 -3 10
1974 -3 -3 10
1975 -3 -2 11
1976 -2 -2 11
1977 -2 -1 11
1978 -2 -1 11
1979 -2 -1 10
1980 -2 -1 10
1981 -2 -1 9
1982 -2 -2 9
1983 -1 -2 9
1984 -1 -2 9
1985 -2 -2 8
1986 -3 -2 7
1987 -4 -1 8
1988 -4 -1 11
1989 -5 -1 11
1990 -6 -2 12
1991 -7 -2 12
1992 -6 -2 11
1993 -5 -2 11
1994 -5 -2 11
1995 -5 -2 10
1996 -3 -1 8
1997 -3 0 9
1998 -5 -1 11
1999 -3 -1 10
2000 -2 1 10
2001 -1 2 12
2002 -2 2 13
2003 -2 3 11
2004 -1 4 11
2005 -1 4 11
2006 -1 4 10
2007 1 4 8
2008 -2 2 10
2009 -2 1 11
2010 -1 2 11
2011 1 2 11
2012 -1 1 12
2013 -2 -1 12
2014 -1 1 12
2015 1 2 12
2016 1 2 13
2017 0 1 13
2018 2 1 12
2019 3 2 12
2020 2 1 12
2021 0 -2 11
2022 0 -2 9
2023 2 -1 8
2024 1 0 10
2025 -1 0 10
2026 -2 1 9
2027 -2 1 9
2028 -3 1 9
2029 -3 -1 8
2030 -4 -2 7
2031 -3 -2 8
2032 -2 -1 8
2033 -1 -2 8
2034 -2 -3 9
2035 -2 -4 9
2036 -3 -4 8
2037 -3 -4 9
2038 -3 -3 8
2039 -2 -3 6
2040 -2 -3 7
2041 -2 -3 6
2042 -3 -3 5
2043 -3 -3 5
2044 -4 -2 5
2045 -4 -2 4
2046 -5 -2 4
2047 -4 -1 5
2048 -4 -1 6
2049 -3 1 7
2050 -1 3 9
2051 -2 2 11
2052 -3 1 11
2053 -1 2 12
2054 -1 2 13
2055 -2 1 14
2056 -2 2 14
2057 -2 1 15
2058 -2 1 15
2059 -3 1 15
2060 -3 1 14
2061 -3 1 14
2062 -4 1 13
2063 -4 1 13
2064 -5 1 13
2065 -6 1 13
2066 -6 1 13
2067 -6 1 12
2068 -5 1 12
2069 -5 1 12
2070 -4 1 12
2071 -3 1 11
2072 -2 1 9
2073 0 1 6
2074 2 1 3
2075 3 1 2
2076 4 1 2
2077 4 -1 3
2078 3 -1 4
2079 3 -2 6
2080 2 -3 7
2081 2 -3 9
2082 2 -3 9
2083 3 -3 10
2084 2 -4 11
2085 2 -4 11
2086 2 -4 10
2087 2 -4 11
2088 1 -4 11
2089 1 -4 10
2090 1 -4 10
2091 -1 -3 10
2092 -2 -3 10
2093 -4 -3 10
2094 -6 -4 10
2095 -7 -4 10
2096 -8 -4 10
2097 -7 -4 9
2098 -6 -4 9
2099 -6 -4 9
2100 -5 -4 9
2101 -4 -5 9
2102 -4 -4 9
2103 -3 -4 9
2104 -2 -4 10
2105 -2 -4 10
2106 -2 -4 10
2107 -2 -4 10
2108 -2 -3 10
2109 -1 -2 10
2110 -1 0 9
2111 0 1 8
2112 0 1 8
2113 0 -1 7
2114 1 -2 6
2115 1 -2 5
2116 1 -3 5
2117 0 -4 5
2118 1 -4 4
2119 2 -5 4
2120 0 -6 7
2121 -2 -5 11
2122 -2 -5 12
2123 -2 -4 13
2124 0 -2 15
2125 1 -3 14
2126 1 -3 14
2127 -1 -3 13
2128 -1 -3 12
2129 -1 -3 11
2130 -1 -2 11
2131 -1 -2 11
2132 0 -2 11
2133 1 -1 11
2134 1 -1 11
2135 1 -1 10
2136 1 -1 10
2137 1 -1 10
2138 0 -1 10
2139 0 -1 10
2140 1 -1 10
2141 1 0 10
2142 0 -1 10
2143 -1 -1 10
2144 -1 -1 10
2145 -1 -1 10
2146 -1 -1 10
2147 -1 -1 10
2148 -1 -1 11
2149 -1 -1 11
2150 -1 -1 11
2151 -1 -1 11
2152 -1 -1 11
2153 -1 -1 11
2154 -1 -1 11
2155 -1 -1 10
2156 -1 -1 11
2157 -1 -1 11
2158 -1 -1 11
2159 -1 -1 10
2160 -1 -1 10
2161 -1 -1 10
2162 -1 -1 11
2163 -1 0 10
2164 -1 0 10
2165 -1 0 10
2166 -1 -1 10
2167 -1 -1 11
2168 -1 -1 11
2169 -1 -1 11
2170 -1 -1 11
2171 -1 -2 11
2172 0 -2 12
2173 1 -3 12
2174 1 -4 13
2175 -1 -6 13
2176 -1 -8 13
2177 -1 -10 12
2178 -2 -11 11
2179 -3 -11 10
2180 -3 -11 8
2181 -3 -10 6
2182 -2 -9 3
2183 -1 -7 -1
2184 -1 -7 -2
2185 1 -5 -3
2186 2 -4 -4
2187 2 -3 -5
2188 2 -3 -6
2189 2 -3 -7
2190 3 -3 -8
2191 2 -3 -9
2192 2 -3 -9
2193 2 -3 -10
2194 2 -4 -10
2195 1 -4 -10
2196 1 -4 -10
2197 1 -4 -11
2198 1 -4 -11
2199 1 -3 -11
2200 1 -3 -10
2201 1 -2 -10
2202 2 -2 -10
2203 2 -2 -10
2204 1 -2 -11
2205 2 -2 -11
2206 2 -2 -11
2207 2 -2 -11
2208 2 -1 -11
2209 1 -1 -11
2210 2 -1 -11
2211 3 0 -11
2212 3 0 -11
2213 3 -1 -11
2214 2 0 -11
2215 2 1 -11
2216 2 1 -10
2217 1 2 -10
2218 2 2 -11
2219 3 3 -11
2220 3 3 -11
2221 3 2 -11
2222 3 2 -11
2223 2 2 -11
2224 1 2 -9
2225 1 3 -8
2226 2 4 -9
2227 3 5 -10
2228 4 5 -11
2229 3 5 -11
2230 3 5 -11
2231 2 5 -11
2232 2 6 -11
2233 3 6 -10
2234 3 7 -9
2235 2 7 -9
2236 3 7 -10
2237 3 7 -9
2238 3 6 -9
2239 2 5 -10
2240 3 4 -9
2241 3 3 -8
2242 2 1 -8
2243 2 -3 -8
2244 4 -5 -7
2245 4 -7 -4
2246 2 -8 1
2247 2 -8 5
2248 3 -8 9
2249 2 -9 12
2250 -2 -9 13
2251 -2 -8 14
2252 -1 -6 14
2253 -2 -6 15
2254 -3 -6 15
2255 -3 -5 13
2256 -2 -5 12
2257 -2 -5 11
2258 -1 -4 9
2259 -2 -4 6
2260 -1 -4 4
2261 0 -4 3
2262 -1 -3 2
2263 -1 -3 2
2264 1 -3 2
2265 -1 -3 3
2266 -1 -4 3
2267 -1 -3 4
2268 -1 -3 5
2269 -1 -3 7
2270 1 -2 8
2271 -1 -2 9
2272 -1 -2 10
2273 -1 -1 11
2274 -1 -1 12
2275 -1 0 13
2276 -2 1 13
2277 -1 1 14
2278 -1 1 14
2279 -1 -1 14
2280 -2 -1 14
2281 -2 -1 14
2282 -3 -1 13
2283 -3 -1 13
2284 -2 -1 13
2285 -2 1 13
2286 -2 1 13
2287 -2 0 13
2288 -1 1 12
2289 -1 0 12
2290 -1 -1 12
2291 -1 -1 11
2292 0 -2 11
2293 0 -2 9
2294 1 -2 7
2295 2 -2 5
2296 3 -2 4
2297 3 -2 3
2298 2 -3 3
2299 1 -3 4
2300 1 -3 4
2301 -1 -3 4
2302 -2 -3 4
2303 -2 -4 4
2304 -2 -4 4
2305 -3 -4 5
2306 -3 -3 5
2307 -3 -4 6
2308 -3 -4 6
2309 -2 -3 7
2310 -1 -2 9
2311 -1 -1 10
2312 -1 -1 11
2313 -1 0 12
2314 1 1 12
2315 1 1 13
2316 1 1 13
2317 1 0 13
2318 1 -1 12
2319 1 -1 12
2320 1 -1 12
2321 1 0 12
2322 1 0 12
2323 0 0 12
2324 -1 1 12
2325 -1 1 12
2326 -1 1 12
2327 -1 0 13
2328 -1 0 13
2329 -2 -1 13
2330 -2 -1 13
2331 -2 -1 13
2332 -2 -1 13
2333 -2 -1 12
2334 -1 -1 11
2335 -1 -1 10
2336 -1 -1 9
2337 -1 -2 8
2338 1 -2 7
2339 0 -2 6
2340 1 -3 4
2341 1 -3 3
2342 0 -4 2
2343 -1 -4 3
2344 -1 -5 4
2345 -2 -5 6
2346 -2 -5 7
2347 -3 -6 8
2348 -2 -6 8
2349 -2 -6 9
2350 -2 -6 9
2351 -2 -6 10
2352 -2 -5 10
2353 -2 -4 10
2354 -1 -3 10
2355 1 -2 10
2356 2 -2 8
2357 1 -2 7
2358 1 -4 7
2359 1 -5 6
2360 -1 -6 6
2361 -1 -7 6
2362 -1 -8 6
2363 -1 -8 7
2364 -1 -9 8
2365 -1 -9 9
2366 1 -9 9
2367 2 -8 9
2368 2 -8 9
2369 3 -7 9
2370 3 -7 9
2371 4 -6 9
2372 3 -6 10
2373 2 -6 11
2374 3 -6 10
2375 3 -6 10
2376 3 -6 10
2377 2 -6 10
2378 2 -6 10
2379 2 -6 10
2380 2 -6 9
2381 2 -6 10
2382 2 -6 10
2383 2 -6 9
2384 3 -5 9
2385 3 -5 9
2386 3 -6 10
2387 3 -6 10
2388 3 -6 11
2389 3 -6 11
2390 4 -7 12
2391 4 -7 12
2392 4 -6 12
2393 5 -5 11
2394 5 -4 10
2395 6 -4 7
