t x y z
0 4 -5 10
1 3 -4 10
2 1 -3 9
3 2 -4 11
4 3 -4 11
5 2 -4 10
6 2 -4 9
7 2 -4 10
8 2 -3 9
9 1 -2 8
10 0 -1 7
11 -1 -1 6
12 1 -1 6
13 1 -1 6
14 2 -1 7
15 3 -1 8
16 4 -2 8
17 4 -2 8
18 3 -2 8
19 2 -2 8
20 3 -2 9
21 5 -2 9
22 4 -2 10
23 3 -2 10
24 4 -1 10
25 5 -1 10
26 6 0 10
27 5 1 10
28 5 1 9
29 6 2 8
30 7 2 7
31 7 3 6
32 8 4 6
33 8 6 7
34 7 8 11
35 7 9 13
36 8 9 13
37 8 7 13
38 7 6 11
39 7 5 8
40 6 5 5
41 6 5 3
42 6 6 2
43 5 8 2
44 5 10 3
45 5 11 4
46 6 11 6
47 6 11 8
48 7 11 9
49 9 9 9
50 9 8 7
51 8 8 5
52 7 9 4
53 5 8 4
54 5 8 4
55 5 7 4
56 5 7 4
57 5 7 4
58 5 7 5
59 4 8 5
60 4 10 7
61 5 11 8
62 8 11 11
63 10 10 12
64 9 10 12
65 7 11 11
66 6 11 9
67 5 12 7
68 5 12 5
69 4 11 3
70 4 11 2
71 3 10 1
72 3 9 -1
73 4 9 -1
74 4 10 -1
75 4 10 1
76 4 10 2
77 4 10 3
78 4 10 4
79 5 10 5
80 6 11 5
81 6 11 5
82 5 10 5
83 6 9 5
84 6 8 5
85 7 7 4
86 6 7 3
87 6 7 2
88 5 7 3
89 6 8 5
90 9 9 6
91 12 10 7
92 12 11 10
93 10 11 11
94 6 11 11
95 5 10 11
96 5 10 8
97 6 11 6
98 5 11 5
99 4 11 4
100 3 11 5
101 4 11 6
102 4 11 6
103 5 11 6
104 4 11 6
105 4 12 6
106 4 12 5
107 3 13 5
108 3 12 4
109 1 11 3
110 -3 9 3
111 -4 7 3
112 -2 8 3
113 1 10 -1
114 4 10 -3
115 8 9 -3
116 11 8 -1
117 12 6 1
118 11 6 3
119 9 7 5
120 6 8 8
121 5 8 10
122 6 8 11
123 6 8 10
124 6 10 8
125 6 11 8
126 4 11 8
127 3 11 9
128 3 11 10
129 2 11 9
130 -1 11 9
131 -2 11 9
132 -2 11 8
133 -2 10 7
134 -2 10 6
135 -2 9 5
136 -2 9 4
137 -2 9 4
138 0 9 4
139 2 10 4
140 3 10 6
141 5 10 7
142 4 9 7
143 3 8 8
144 3 7 9
145 4 8 9
146 4 8 8
147 5 7 8
148 5 6 8
149 5 5 7
150 4 4 6
151 3 4 5
152 1 3 5
153 -1 3 5
154 -2 4 6
155 -2 5 7
156 -1 5 8
157 1 6 9
158 1 7 10
159 1 9 11
160 2 10 11
161 3 11 11
162 3 11 11
163 2 11 10
164 1 10 9
165 1 9 7
166 1 9 6
167 3 8 6
168 5 8 6
169 6 7 6
170 6 6 6
171 5 6 6
172 4 6 6
173 3 6 6
174 2 7 7
175 1 8 7
176 1 9 8
177 2 9 10
178 3 7 11
179 4 6 10
180 4 5 8
181 3 5 6
182 3 4 6
183 2 4 6
184 1 5 7
185 -1 5 8
186 -2 5 9
187 -2 6 9
188 -3 8 9
189 -2 10 11
190 -1 11 11
191 2 11 12
192 4 10 12
193 4 10 11
194 3 9 10
195 1 9 8
196 1 8 7
197 1 8 7
198 2 8 6
199 4 8 6
200 5 7 6
201 6 7 6
202 6 6 6
203 5 5 6
204 3 5 6
205 2 4 6
206 1 3 6
207 1 3 7
208 2 3 8
209 2 4 11
210 1 5 11
211 -1 6 12
212 -1 8 12
213 1 10 11
214 2 10 11
215 3 10 10
216 3 8 9
217 3 7 6
218 3 5 5
219 4 4 4
220 4 3 4
221 4 3 5
222 4 4 6
223 4 5 8
224 2 7 9
225 1 8 11
226 1 9 11
227 -1 9 11
228 -1 7 11
229 2 7 10
230 3 8 7
231 3 9 6
232 3 9 8
233 3 8 10
234 2 7 10
235 1 7 9
236 2 7 8
237 3 7 7
238 3 7 7
239 4 7 7
240 4 7 8
241 3 7 8
242 3 8 9
243 2 8 9
244 2 8 10
245 2 7 10
246 3 7 8
247 2 6 8
248 1 5 8
249 -1 4 8
250 -1 4 7
251 -1 4 6
252 1 4 6
253 0 5 8
254 0 5 10
255 1 6 10
256 2 6 10
257 1 6 12
258 1 5 12
259 1 3 13
260 2 4 13
261 1 4 12
262 -3 4 11
263 -4 4 11
264 -3 4 11
265 -3 4 10
266 -2 5 9
267 -2 5 7
268 0 6 6
269 0 6 6
270 -2 5 8
271 -2 4 8
272 0 3 8
273 0 3 9
274 -2 3 10
275 -2 3 11
276 -1 3 11
277 1 3 9
278 -1 3 9
279 -1 2 8
280 -1 2 8
281 -1 2 9
282 -1 2 9
283 -2 2 9
284 -3 2 9
285 -2 2 10
286 0 2 11
287 1 2 10
288 -1 2 10
289 -1 3 10
290 2 2 11
291 1 3 10
292 1 3 9
293 2 3 10
294 3 3 9
295 3 4 10
296 4 4 10
297 4 4 10
298 4 4 11
299 4 4 11
300 3 5 12
301 3 5 12
302 1 5 12
303 1 5 12
304 1 5 12
305 0 5 12
306 -1 5 12
307 -1 5 12
308 -3 5 12
309 -3 4 11
310 -3 4 11
311 -2 3 11
312 -3 3 11
313 -3 2 11
314 -2 2 9
315 -2 1 9
316 -2 1 8
317 -2 0 7
318 -2 -1 7
319 -1 -2 7
320 -1 -2 6
321 -1 -2 6
322 1 -2 6
323 1 -3 7
324 2 -3 7
325 2 -3 7
326 2 -3 8
327 2 -3 9
328 2 -3 9
329 2 -3 9
330 3 -3 9
331 3 -3 8
332 3 -2 8
333 4 -3 7
334 4 -3 7
335 3 -2 6
336 3 -2 7
337 3 -1 7
338 4 -1 7
339 4 -1 7
340 4 0 8
341 4 1 8
342 4 2 9
343 4 2 9
344 4 2 10
345 4 3 11
346 4 3 11
347 4 4 11
348 5 4 11
349 5 4 12
350 5 5 12
351 5 5 12
352 5 5 12
353 3 6 12
354 1 6 12
355 -2 6 12
356 -4 6 11
357 -5 6 11
358 -5 5 11
359 -1 4 10
360 2 4 10
361 -1 5 9
362 1 5 9
363 3 5 10
364 3 4 9
365 2 5 9
366 1 5 10
367 2 4 10
368 2 4 10
369 1 5 9
370 1 5 10
371 2 4 9
372 1 4 9
373 2 4 9
374 2 4 9
375 2 5 9
376 1 5 8
377 1 5 7
378 1 5 6
379 2 5 4
380 2 5 3
381 2 5 4
382 3 5 5
383 3 6 6
384 3 6 7
385 4 6 8
386 5 7 9
387 5 7 9
388 5 8 8
389 6 8 7
390 7 8 6
391 7 9 7
392 9 9 7
393 9 8 8
394 7 8 11
395 6 8 11
396 7 8 11
397 6 8 11
398 5 8 10
399 5 8 8
400 4 7 7
401 4 6 6
402 3 6 5
403 3 6 4
404 3 7 3
405 3 6 2
406 4 5 3
407 5 5 4
408 5 4 5
409 5 4 4
410 5 5 4
411 4 6 5
412 3 7 6
413 3 7 7
414 4 7 8
415 6 6 8
416 5 6 6
417 5 6 6
418 5 6 5
419 6 6 5
420 6 6 7
421 7 7 8
422 8 7 9
423 8 7 9
424 6 6 10
425 6 6 10
426 7 6 9
427 7 6 8
428 8 6 7
429 10 5 7
430 10 4 8
431 8 4 8
432 8 4 8
433 7 4 8
434 7 4 8
435 7 3 8
436 7 3 8
437 7 3 8
438 7 3 8
439 8 3 8
440 7 3 8
441 7 3 8
442 8 3 9
443 7 3 9
444 7 3 8
445 7 2 9
446 7 2 8
447 5 2 8
448 6 1 10
449 6 1 10
450 6 2 9
451 6 2 9
452 6 3 9
453 6 3 9
454 6 3 9
455 5 3 9
456 4 3 8
457 4 3 9
458 4 2 10
459 5 2 10
460 5 2 10
461 5 3 9
462 5 3 9
463 5 4 9
464 4 4 9
465 4 4 9
466 4 3 10
467 3 3 11
468 3 3 11
469 3 3 10
470 4 3 9
471 6 3 9
472 5 3 9
473 4 2 10
474 3 2 10
475 3 2 10
476 3 2 10
477 3 2 10
478 4 2 10
479 4 2 9
480 3 2 9
481 4 2 10
482 3 1 10
483 3 1 10
484 4 1 10
485 4 1 9
486 4 1 9
487 4 1 10
488 4 1 10
489 3 2 10
490 3 2 10
491 3 2 10
492 4 2 9
493 4 2 9
494 4 2 10
495 4 2 10
496 4 2 10
497 4 2 10
498 4 2 10
499 4 2 10
500 4 1 10
501 4 1 10
502 4 1 10
503 4 2 10
504 4 2 10
505 4 2 10
506 4 2 10
507 4 2 10
508 4 1 10
509 4 1 10
510 4 1 10
511 4 1 10
512 4 2 9
513 4 2 9
514 3 2 10
515 4 3 10
516 4 3 9
517 4 3 9
518 4 3 9
519 4 3 10
520 4 2 10
521 3 2 10
522 3 2 10
523 3 2 10
524 3 3 10
525 3 3 9
526 3 3 9
527 4 3 10
528 4 2 9
529 4 2 10
530 4 2 10
531 4 2 10
532 4 2 10
533 4 2 10
534 4 2 9
535 4 2 10
536 3 2 10
537 3 2 10
538 3 2 10
539 3 2 10
540 4 2 10
541 4 2 10
542 4 2 9
543 3 2 10
544 3 3 10
545 2 3 10
546 3 3 9
547 4 2 10
548 5 2 9
549 4 3 10
550 4 4 11
551 5 6 11
552 6 9 11
553 6 9 12
554 6 10 12
555 6 10 13
556 4 9 13
557 3 9 12
558 3 9 11
559 4 8 10
560 5 8 8
561 6 8 7
562 6 7 6
563 5 7 5
564 4 6 6
565 4 6 6
566 4 5 6
567 4 4 5
568 3 4 6
569 3 3 5
570 3 3 5
571 1 3 5
572 1 2 5
573 2 2 6
574 2 2 6
575 2 3 6
576 1 4 8
577 1 5 10
578 2 6 11
579 1 6 12
580 0 5 12
581 1 4 13
582 3 5 12
583 4 6 12
584 3 7 13
585 1 7 14
586 1 8 14
587 4 9 12
588 4 10 11
589 1 9 10
590 1 9 9
591 2 7 7
592 2 6 7
593 -1 6 7
594 -1 5 6
595 0 4 5
596 -1 3 6
597 0 2 5
598 1 1 4
599 2 0 3
600 2 -1 3
601 2 -1 5
602 3 -1 6
603 2 -1 7
604 1 -1 8
605 0 -2 9
606 1 -2 11
607 1 -2 11
608 2 -2 11
609 2 -1 11
610 3 -1 11
611 4 -1 10
612 5 -1 10
613 6 -1 10
614 7 -2 10
615 6 -2 9
616 6 -2 9
617 5 -1 10
618 4 -1 11
619 3 1 11
620 2 1 11
621 1 2 11
622 -2 2 11
623 -4 3 11
624 -7 3 11
625 -8 2 10
626 -9 2 10
627 -8 1 9
628 -6 0 8
629 -5 -1 6
630 -4 -1 6
631 -4 1 6
632 -6 2 6
633 -5 2 7
634 -4 3 8
635 -4 4 7
636 -2 4 8
637 -1 5 9
638 1 6 10
639 3 6 10
640 5 6 11
641 7 5 11
642 8 5 12
643 8 5 13
644 8 5 13
645 9 4 13
646 9 4 13
647 9 4 12
648 9 4 12
649 8 4 11
650 7 5 9
651 7 5 8
652 6 5 8
653 5 6 9
654 5 6 9
655 4 6 10
656 3 6 10
657 2 6 10
658 1 7 10
659 -2 7 10
660 -4 7 10
661 -6 7 10
662 -8 7 10
663 -9 6 10
664 -6 5 10
665 -3 4 10
666 -1 4 9
667 1 4 9
668 3 3 9
669 4 4 10
670 3 4 10
671 3 4 10
672 2 4 10
673 2 4 10
674 2 4 10
675 2 4 9
676 1 4 9
677 1 4 8
678 1 5 8
679 1 5 7
680 2 5 6
681 2 5 5
682 3 5 5
683 3 5 4
684 3 5 4
685 3 6 4
686 4 6 6
687 4 7 8
688 5 7 9
689 5 7 9
690 5 8 8
691 5 8 8
692 6 8 8
693 6 9 7
694 6 9 6
695 7 9 7
696 8 9 7
697 8 8 9
698 7 8 9
699 6 8 9
700 6 8 9
701 5 8 8
702 5 8 7
703 5 8 6
704 5 8 5
705 4 9 5
706 5 9 6
707 5 9 6
708 5 8 6
709 6 9 6
710 6 9 6
711 6 9 6
712 5 9 6
713 5 9 6
714 5 9 6
715 5 9 6
716 6 9 5
717 6 9 5
718 6 10 5
719 6 10 5
720 6 10 5
721 6 9 5
722 6 9 4
723 5 9 3
724 5 8 2
725 4 8 2
726 5 7 1
727 5 6 1
728 5 6 1
729 4 6 2
730 4 7 2
731 4 8 3
732 4 11 4
733 4 12 4
734 3 11 5
735 1 11 8
736 3 11 10
737 6 11 8
738 6 11 7
739 4 11 7
740 3 11 6
741 3 10 5
742 4 10 5
743 4 10 4
744 2 11 3
745 0 11 4
746 1 10 7
747 3 10 8
748 5 10 6
749 4 11 5
750 1 12 3
751 -1 12 1
752 -2 11 -2
753 -1 9 -2
754 1 9 -1
755 2 9 1
756 2 9 2
757 -1 11 2
758 -4 12 3
759 -5 13 4
760 -5 14 5
761 -6 13 6
762 -6 12 7
763 -3 11 8
764 2 11 7
765 3 11 6
766 2 12 6
767 -1 12 5
768 -2 11 5
769 1 11 5
770 3 11 4
771 5 12 4
772 2 11 3
773 -2 11 4
774 -3 10 4
775 -2 10 2
776 0 11 1
777 0 11 -1
778 -1 11 2
779 -2 11 3
780 -3 11 6
781 -3 11 7
782 -3 11 9
783 -4 11 11
784 -5 10 11
785 -5 10 11
786 -4 10 10
787 -3 10 9
788 -3 9 10
789 0 8 11
790 2 7 11
791 4 10 11
792 2 10 11
793 -1 10 11
794 -2 9 12
795 3 8 12
796 5 8 11
797 6 9 11
798 6 10 12
799 6 11 12
800 5 11 11
801 3 10 11
802 2 9 11
803 3 8 11
804 3 8 10
805 3 7 9
806 2 7 9
807 1 6 8
808 2 5 8
809 2 4 8
810 2 4 7
811 2 5 7
812 1 5 5
813 2 4 3
814 2 3 2
815 4 2 3
816 4 1 5
817 2 1 7
818 2 1 8
819 3 1 8
820 2 2 10
821 2 1 11
822 5 0 11
823 4 1 11
824 2 1 11
825 3 2 11
826 4 2 11
827 3 2 11
828 3 1 12
829 5 1 12
830 4 1 13
831 4 1 14
832 5 1 14
833 4 1 13
834 4 1 13
835 6 1 12
836 6 1 11
837 4 1 11
838 4 1 10
839 4 -1 7
840 4 -1 6
841 4 -2 5
842 4 -3 5
843 3 -3 4
844 3 -3 2
845 3 -4 0
846 2 -4 1
847 2 -5 3
848 3 -6 3
849 3 -6 4
850 3 -6 5
851 2 -5 5
852 0 -5 5
853 1 -5 6
854 -1 -4 5
855 -1 -4 6
856 -1 -3 7
857 -1 -2 6
858 0 -2 6
859 2 -2 7
860 2 -1 8
861 3 0 9
862 3 1 10
863 4 2 11
864 5 2 11
865 5 3 12
866 6 3 12
867 7 2 12
868 7 2 13
869 8 2 13
870 8 3 13
871 7 2 11
872 8 2 11
873 8 2 11
874 7 3 10
875 7 3 9
876 7 3 8
877 6 3 8
878 7 3 8
879 7 3 7
880 6 4 8
881 6 4 9
882 4 4 10
883 3 5 11
884 2 4 11
885 1 5 11
886 -1 5 11
887 -2 5 11
888 -4 4 11
889 -5 4 11
890 -5 4 11
891 -5 3 11
892 -5 3 11
893 -2 2 10
894 3 1 10
895 3 1 10
896 -1 3 9
897 0 3 10
898 5 1 11
899 4 1 10
900 2 2 9
901 2 2 11
902 3 2 11
903 2 2 10
904 2 2 10
905 3 2 10
906 3 2 10
907 2 2 9
908 2 3 8
909 1 3 8
910 1 3 7
911 2 3 5
912 2 3 5
913 2 3 5
914 3 3 4
915 3 4 5
916 4 4 6
917 5 5 8
918 5 5 8
919 6 6 9
920 6 6 10
921 5 7 10
922 5 7 9
923 5 8 8
924 5 8 7
925 5 9 7
926 6 9 8
927 7 9 10
928 7 9 11
929 8 9 12
930 10 8 13
931 11 7 13
932 12 8 13
933 12 8 14
934 13 8 14
935 13 8 13
936 13 6 13
937 13 6 14
938 13 6 14
939 12 5 15
940 11 5 14
941 10 5 13
942 9 4 12
943 7 3 10
944 7 2 8
945 6 2 8
946 3 2 7
947 2 2 6
948 3 2 3
949 4 2 2
950 3 2 1
951 -2 2 0
952 -5 1 -1
953 -5 1 -3
954 -6 -1 -5
955 -6 -3 -5
956 -6 -4 -5
957 -6 -5 -6
958 -6 -5 -7
959 -5 -5 -7
960 -5 -5 -6
961 -6 -5 -5
962 -8 -5 -5
963 -10 -6 -6
964 -10 -7 -7
965 -9 -7 -8
966 -7 -7 -9
967 -5 -6 -7
968 -6 -6 -5
969 -8 -5 -4
970 -10 -4 -5
971 -10 -3 -6
972 -8 -2 -5
973 -6 -2 -3
974 -4 -1 1
975 -1 2 3
976 1 3 3
977 1 4 1
978 1 4 -3
979 0 1 -5
980 -2 -2 -6
981 -3 -4 -8
982 -2 -5 -9
983 1 -3 -8
984 3 0 -6
985 2 4 4
986 4 6 13
987 7 7 13
988 8 8 12
989 12 8 13
990 12 7 9
991 11 9 8
992 14 10 14
993 14 7 14
994 9 7 10
995 9 8 7
996 11 10 6
997 12 9 5
998 12 7 5
999 12 7 5
1000 13 6 3
1001 14 8 2
1002 12 7 3
1003 11 6 5
1004 13 6 5
1005 12 8 2
1006 11 8 -1
1007 10 5 2
1008 12 3 3
1009 12 2 5
1010 11 2 7
1011 11 3 5
1012 11 3 2
1013 11 3 1
1014 11 3 1
1015 10 3 1
1016 11 2 -1
1017 10 2 1
1018 10 2 2
1019 10 2 3
1020 10 2 3
1021 10 2 2
1022 9 3 2
1023 10 3 3
1024 11 2 3
1025 11 2 3
1026 11 3 3
1027 11 3 3
1028 12 4 4
1029 13 5 4
1030 12 6 4
1031 11 7 3
1032 11 7 3
1033 12 8 3
1034 11 8 3
1035 9 9 3
1036 9 9 4
1037 9 9 5
1038 7 9 5
1039 8 8 6
1040 9 8 6
1041 7 7 5
1042 6 7 4
1043 6 6 3
1044 6 6 2
1045 5 6 1
1046 4 5 2
1047 5 5 4
1048 5 5 6
1049 5 5 7
1050 5 5 8
1051 5 6 7
1052 6 6 7
1053 6 6 6
1054 5 6 6
1055 5 7 7
1056 4 7 8
1057 4 8 8
1058 3 7 6
1059 -1 5 8
1060 -2 4 9
1061 -1 4 9
1062 1 4 9
1063 2 5 8
1064 2 5 8
1065 1 4 8
1066 1 4 8
1067 2 3 9
1068 2 3 10
1069 2 2 10
1070 3 3 9
1071 3 4 8
1072 2 5 8
1073 1 4 7
1074 1 3 7
1075 2 3 9
1076 3 3 10
1077 1 3 9
1078 -1 3 9
1079 1 2 10
1080 2 2 11
1081 2 3 11
1082 1 3 10
1083 1 3 11
1084 0 3 11
1085 1 3 12
1086 4 2 14
1087 4 2 16
1088 2 2 16
1089 2 3 16
1090 3 3 15
1091 2 4 14
1092 1 5 13
1093 2 4 12
1094 1 4 11
1095 0 4 8
1096 1 3 3
1097 2 2 -2
1098 1 -1 -2
1099 -1 -1 -1
1100 -3 -2 -1
1101 -3 -3 -1
1102 -2 -4 1
1103 -2 -4 1
1104 -3 -4 2
1105 -2 -4 2
1106 -1 -3 2
1107 -2 -2 2
1108 -1 -1 3
1109 0 0 3
1110 1 1 4
1111 2 2 6
1112 2 3 8
1113 2 4 10
1114 3 5 11
1115 4 5 11
1116 5 6 13
1117 6 6 15
1118 6 6 16
1119 6 5 16
1120 6 5 16
1121 6 5 16
1122 5 5 15
1123 5 5 15
1124 4 5 14
1125 4 5 15
1126 4 5 15
1127 5 5 15
1128 6 6 14
1129 5 6 12
1130 5 6 10
1131 5 5 9
1132 5 3 5
1133 6 2 3
1134 4 2 -1
1135 1 1 -3
1136 1 -2 -4
1137 3 -3 -4
1138 2 -4 -3
1139 1 -4 -3
1140 1 -5 -3
1141 2 -5 -2
1142 1 -4 -1
1143 -1 -3 1
1144 1 -3 2
1145 1 -2 3
1146 -1 -1 4
1147 1 1 5
1148 2 2 6
1149 2 3 8
1150 3 4 10
1151 4 5 12
1152 5 4 13
1153 5 5 14
1154 4 5 15
1155 5 4 16
1156 4 4 16
1157 3 4 15
1158 3 4 13
1159 3 4 12
1160 4 4 11
1161 2 4 11
1162 -1 5 9
1163 2 4 9
1164 2 4 9
1165 2 4 9
1166 1 4 9
1167 1 4 9
1168 1 4 10
1169 1 4 10
1170 1 5 9
1171 2 5 9
1172 2 5 8
1173 4 4 6
1174 4 4 6
1175 3 3 6
1176 3 3 6
1177 3 3 4
1178 3 3 4
1179 2 3 6
1180 4 3 7
1181 5 3 6
1182 6 5 7
1183 6 6 9
1184 4 7 11
1185 3 8 12
1186 3 8 12
1187 4 8 12
1188 4 8 11
1189 5 8 11
1190 5 8 10
1191 5 8 9
1192 5 8 8
1193 5 7 7
1194 5 7 6
1195 5 7 5
1196 5 8 5
1197 5 8 5
1198 5 9 5
1199 5 9 5
1200 6 10 4
1201 6 10 4
1202 7 11 4
1203 6 11 4
1204 4 11 4
1205 4 10 4
1206 4 9 4
1207 5 9 3
1208 6 9 3
1209 6 8 3
1210 5 9 4
1211 4 9 5
1212 3 9 4
1213 3 9 4
1214 4 8 4
1215 5 8 4
1216 5 9 4
1217 6 9 4
1218 5 9 5
1219 5 9 5
1220 6 8 5
1221 6 7 5
1222 6 7 5
1223 6 8 5
1224 7 8 5
1225 7 8 5
1226 6 9 5
1227 5 10 4
1228 3 10 4
1229 3 10 5
1230 3 10 5
1231 4 10 5
1232 6 10 5
1233 7 11 5
1234 7 11 4
1235 7 11 3
1236 7 10 0
1237 7 11 -4
1238 6 12 -7
1239 3 12 -6
1240 1 13 -4
1241 -1 13 -2
1242 -2 13 0
1243 -3 12 3
1244 -3 12 5
1245 -2 11 8
1246 2 9 11
1247 5 6 11
1248 6 4 11
1249 6 5 10
1250 5 8 10
1251 3 11 11
1252 1 11 11
1253 1 11 10
1254 2 11 7
1255 3 11 6
1256 5 11 6
1257 7 11 5
1258 9 11 4
1259 9 10 4
1260 9 8 3
1261 9 8 3
1262 7 8 2
1263 6 8 2
1264 5 8 3
1265 5 7 4
1266 4 7 5
1267 4 7 6
1268 3 5 8
1269 3 4 8
1270 4 4 9
1271 4 4 10
1272 4 5 11
1273 4 5 10
1274 5 5 10
1275 4 5 10
1276 2 6 10
1277 1 6 11
1278 1 6 12
1279 1 6 12
1280 1 5 12
1281 0 4 11
1282 -1 4 11
1283 -2 3 11
1284 -2 1 11
1285 -2 1 11
1286 -2 1 11
1287 -2 0 10
1288 -3 -1 10
1289 -3 -2 10
1290 -3 -3 10
1291 -3 -3 11
1292 -4 -2 12
1293 -5 -1 13
1294 -5 1 14
1295 -5 2 14
1296 -5 3 13
1297 -4 4 12
1298 -4 4 11
1299 -3 5 11
1300 -3 5 10
1301 -2 5 10
1302 -2 5 10
1303 -1 4 9
1304 1 4 8
1305 1 3 8
1306 2 3 7
1307 2 2 6
1308 3 2 7
1309 3 1 9
1310 3 1 10
1311 3 1 11
1312 3 1 11
1313 2 1 11
1314 2 1 11
1315 2 1 11
1316 3 1 10
1317 4 1 10
1318 4 1 9
1319 4 1 10
1320 4 1 10
1321 4 2 11
1322 4 2 11
1323 4 2 11
1324 4 1 10
1325 4 1 10
1326 4 0 10
1327 4 0 10
1328 4 1 11
1329 4 1 11
1330 4 1 11
1331 4 1 10
1332 4 1 10
1333 4 1 10
1334 4 1 10
1335 4 1 10
1336 4 1 10
1337 4 1 10
1338 4 1 10
1339 4 1 10
1340 4 0 10
1341 4 0 10
1342 3 -1 10
1343 3 -1 10
1344 3 -1 10
1345 3 -1 10
1346 3 -1 10
1347 3 0 10
1348 3 0 10
1349 3 0 10
1350 3 0 10
1351 3 0 10
1352 3 0 10
1353 3 0 11
1354 3 0 10
1355 3 -1 10
1356 3 0 10
1357 3 0 10
1358 3 0 10
1359 3 0 10
1360 2 0 10
1361 2 0 10
1362 3 0 10
1363 3 0 10
1364 3 0 10
1365 3 0 10
1366 3 -1 10
1367 3 -1 10
1368 3 -1 10
1369 3 -1 10
1370 3 -1 10
1371 3 -1 10
1372 3 -1 10
1373 2 -1 10
1374 2 -1 10
1375 3 -1 10
1376 3 0 10
1377 3 0 9
1378 3 0 9
1379 3 0 9
1380 3 -1 9
1381 3 -1 9
1382 3 -1 10
1383 3 -1 10
1384 4 -1 10
1385 4 -1 10
1386 4 -2 10
1387 4 -2 10
1388 4 -2 9
1389 3 -2 9
1390 2 -2 9
1391 2 -2 9
1392 1 -3 8
1393 1 -3 8
1394 1 -2 8
1395 -2 -2 8
1396 -3 -1 8
1397 -3 1 9
1398 -3 2 11
1399 -3 3 12
1400 -2 5 12
1401 -1 6 13
1402 0 7 13
1403 1 9 13
1404 2 10 12
1405 2 11 12
1406 2 11 12
1407 2 11 10
1408 3 10 7
1409 5 9 6
1410 6 9 5
1411 7 9 6
1412 8 8 6
1413 9 9 5
1414 8 11 5
1415 6 11 6
1416 5 10 7
1417 5 9 6
1418 3 8 6
1419 2 6 7
1420 2 5 7
1421 2 4 8
1422 2 3 8
1423 2 2 7
1424 2 2 7
1425 1 2 7
1426 1 3 6
1427 2 4 5
1428 3 7 4
1429 4 10 5
1430 5 11 7
1431 5 11 8
1432 4 11 7
1433 3 11 6
1434 4 11 5
1435 4 10 5
1436 4 10 4
1437 5 9 5
1438 6 9 5
1439 6 9 5
1440 5 9 6
1441 3 8 7
1442 2 9 11
1443 5 9 11
1444 6 8 11
1445 4 7 11
1446 3 6 11
1447 3 4 11
1448 4 3 11
1449 4 4 11
1450 4 6 11
1451 4 8 10
1452 3 8 9
1453 -1 7 9
1454 -2 6 8
1455 2 6 8
1456 5 7 7
1457 3 7 8
1458 -1 7 7
1459 -1 6 6
1460 2 6 7
1461 3 5 8
1462 2 5 7
1463 1 5 8
1464 2 4 7
1465 2 3 6
1466 0 4 8
1467 1 4 10
1468 2 3 11
1469 2 4 11
1470 1 4 9
1471 -1 4 9
1472 0 4 9
1473 1 3 9
1474 -1 3 10
1475 -3 4 11
1476 -2 5 11
1477 -1 5 11
1478 1 4 11
1479 3 4 12
1480 3 4 12
1481 3 4 12
1482 4 4 12
1483 4 4 12
1484 4 4 12
1485 5 3 12
1486 5 3 11
1487 4 3 11
1488 5 2 11
1489 5 2 10
1490 5 1 10
1491 6 1 9
1492 6 1 9
1493 5 0 8
1494 5 -1 8
1495 5 -1 7
1496 5 -2 7
1497 6 -2 7
1498 6 -3 7
1499 5 -2 7
1500 4 -3 7
1501 5 -3 7
1502 4 -3 6
1503 2 -2 6
1504 1 -3 6
1505 -1 -3 6
1506 -1 -3 5
1507 -2 -3 5
1508 -2 -3 6
1509 -2 -4 6
1510 -1 -4 6
1511 -2 -3 6
1512 -3 -2 8
1513 -2 -3 8
1514 -2 -2 8
1515 -3 -2 8
1516 -2 -1 9
1517 -2 -1 9
1518 -2 0 10
1519 -2 1 10
1520 -2 1 11
1521 -2 1 11
1522 -1 2 11
1523 -1 3 11
1524 -2 3 11
1525 -1 3 12
1526 1 3 12
1527 -1 4 12
1528 -1 4 12
1529 1 4 12
1530 1 5 12
1531 1 5 11
1532 1 5 11
1533 3 5 11
1534 3 5 11
1535 3 5 11
1536 4 5 11
1537 5 4 11
1538 5 4 11
1539 4 4 11
1540 5 4 10
1541 5 4 10
1542 6 3 10
1543 5 4 9
1544 -1 5 8
1545 1 5 10
1546 2 4 11
1547 -1 4 9
1548 1 4 10
1549 2 4 10
1550 -1 4 10
1551 -1 5 9
1552 1 4 9
1553 2 4 9
1554 0 4 9
1555 -1 5 9
1556 0 4 9
1557 1 4 9
1558 1 4 8
1559 2 4 7
1560 2 4 7
1561 2 4 6
1562 2 5 6
1563 2 5 6
1564 3 5 6
1565 3 5 6
1566 5 5 7
1567 6 6 7
1568 5 6 8
1569 6 7 8
1570 7 7 8
1571 6 7 9
1572 6 7 10
1573 6 7 9
1574 6 8 7
1575 6 8 7
1576 6 9 8
1577 6 9 8
1578 6 9 9
1579 6 9 10
1580 6 8 11
1581 5 8 11
1582 5 7 11
1583 4 6 12
1584 4 6 12
1585 2 6 12
1586 -1 6 11
1587 -3 5 11
1588 -6 5 11
1589 -7 6 10
1590 -7 6 9
1591 -5 8 7
1592 -4 8 6
1593 -3 9 5
1594 -1 8 4
1595 1 8 5
1596 0 8 10
1597 1 8 11
1598 2 7 9
1599 2 6 6
1600 3 5 7
1601 3 4 6
1602 3 3 7
1603 2 3 9
1604 1 3 11
1605 -3 2 11
1606 -2 1 8
1607 1 1 7
1608 0 1 8
1609 -2 1 10
1610 -1 1 11
1611 -1 1 10
1612 -1 1 10
1613 -1 1 9
1614 -2 1 7
1615 -3 1 6
1616 -3 1 8
1617 -4 1 10
1618 -7 2 12
1619 -7 3 12
1620 -6 2 12
1621 -4 2 12
1622 -4 2 12
1623 -3 0 11
1624 -3 -1 11
1625 -4 -1 11
1626 -5 -1 11
1627 -4 0 11
1628 -6 1 12
1629 -4 2 12
1630 4 -1 11
1631 11 -3 10
1632 11 -4 11
1633 11 -3 11
1634 11 -2 10
1635 9 -1 10
1636 9 1 10
1637 11 2 7
1638 10 1 6
1639 9 2 8
1640 9 2 6
1641 9 2 4
1642 8 3 3
1643 7 4 3
1644 8 5 1
1645 7 6 1
1646 7 6 1
1647 8 6 1
1648 10 6 -2
1649 9 4 -3
1650 4 -1 -3
1651 2 -5 -2
1652 5 -6 -2
1653 5 -7 0
1654 4 -8 3
1655 5 -8 3
1656 7 -8 1
1657 9 -8 -2
1658 10 -8 -2
1659 9 -8 -1
1660 10 -8 -2
1661 11 -8 -2
1662 10 -8 1
1663 8 -8 2
1664 6 -8 3
1665 7 -9 4
1666 9 -8 4
1667 10 -8 4
1668 11 -8 3
1669 10 -8 3
1670 8 -8 1
1671 7 -8 0
1672 7 -8 -1
1673 7 -8 -1
1674 7 -8 -1
1675 7 -8 -2
1676 6 -8 -2
1677 6 -8 -3
1678 5 -8 -3
1679 5 -9 -3
1680 6 -9 -4
1681 7 -9 -4
1682 6 -9 -4
1683 5 -9 -4
1684 3 -9 -5
1685 2 -8 -5
1686 2 -8 -6
1687 1 -8 -7
1688 -2 -8 -6
1689 -3 -9 -6
1690 -2 -9 -7
1691 -1 -9 -7
1692 -1 -9 -7
1693 -1 -10 -7
1694 1 -10 -7
1695 1 -10 -7
1696 1 -10 -6
1697 -1 -10 -6
1698 -1 -10 -6
1699 0 -10 -5
1700 1 -10 -5
1701 0 -10 -5
1702 0 -10 -5
1703 1 -10 -5
1704 2 -11 -5
1705 2 -10 -5
1706 2 -10 -5
1707 2 -10 -5
1708 2 -10 -5
1709 2 -10 -5
1710 2 -10 -5
1711 2 -10 -5
1712 1 -10 -6
1713 -1 -10 -6
1714 -1 -10 -5
1715 -1 -10 -5
1716 0 -10 -5
1717 -1 -10 -5
1718 -2 -10 -5
1719 -3 -10 -4
1720 -5 -11 -3
1721 -4 -11 -2
1722 -2 -11 -3
1723 1 -11 -4
1724 3 -11 -5
1725 3 -11 -5
1726 2 -11 -4
1727 1 -10 -3
1728 2 -10 -2
1729 3 -11 -1
1730 3 -11 -1
1731 4 -10 0
1732 5 -9 2
1733 6 -9 1
1734 5 -8 -2
1735 5 -8 -1
1736 5 -7 -1
1737 7 -6 -1
1738 8 -5 -1
1739 9 -3 2
1740 10 -2 3
1741 11 -2 2
1742 11 -2 2
1743 11 -3 1
1744 11 -4 1
1745 12 -5 2
1746 12 -5 1
1747 12 -5 2
1748 12 -5 4
1749 11 -5 6
1750 9 -5 7
1751 7 -6 8
1752 4 -6 8
1753 3 -7 8
1754 3 -7 9
1755 3 -7 10
1756 4 -7 11
1757 3 -6 11
1758 4 -5 10
1759 4 -4 8
1760 5 -3 5
1761 4 -2 3
1762 4 -2 1
1763 5 -2 1
1764 7 -2 0
1765 8 -2 1
1766 8 -2 3
1767 9 -2 6
1768 9 -3 8
1769 10 -4 8
1770 9 -4 8
1771 8 -4 8
1772 8 -3 9
1773 11 -1 9
1774 12 2 6
1775 10 4 5
1776 6 4 4
1777 6 4 1
1778 8 4 -2
1779 11 4 -1
1780 12 4 1
1781 13 4 2
1782 12 3 -1
1783 11 4 1
1784 8 5 4
1785 8 7 7
1786 7 10 10
1787 2 11 11
1788 -2 9 11
1789 0 7 11
1790 3 6 12
1791 6 6 12
1792 8 5 13
1793 10 3 12
1794 8 2 11
1795 5 1 11
1796 4 1 11
1797 3 1 11
1798 3 2 11
1799 3 3 11
1800 3 3 11
1801 2 4 11
1802 -1 5 11
1803 -4 5 9
1804 -4 4 7
1805 -3 4 6
1806 -3 4 6
1807 -3 4 6
1808 -3 4 6
1809 -2 4 4
1810 -2 5 5
1811 -2 5 5
1812 -3 6 5
1813 -4 6 6
1814 -3 6 6
1815 -3 6 8
1816 -4 6 9
1817 -5 7 11
1818 -4 7 14
1819 0 7 15
1820 4 7 16
1821 5 5 16
1822 4 5 16
1823 2 6 16
1824 -1 8 15
1825 -1 10 14
1826 -1 10 13
1827 -1 11 13
1828 1 11 10
1829 3 10 5
1830 1 8 4
1831 -3 8 2
1832 -5 6 1
1833 -6 4 2
1834 -6 2 3
1835 -4 1 5
1836 -4 1 4
1837 -3 0 2
1838 -1 -2 2
1839 3 -4 3
1840 4 -4 5
1841 4 -4 8
1842 3 -5 10
1843 2 -5 10
1844 1 -4 9
1845 1 -4 8
1846 0 -4 9
1847 0 -3 10
1848 2 -3 11
1849 -1 -3 11
1850 -4 -2 10
1851 -3 -2 11
1852 -4 -2 11
1853 -3 -2 12
1854 -3 -2 12
1855 -3 -1 11
1856 -2 -1 11
1857 1 -1 10
1858 1 -1 10
1859 2 -1 11
1860 3 -2 11
1861 4 -2 10
1862 5 -2 9
1863 7 -2 8
1864 7 -2 7
1865 7 -2 7
1866 7 -3 8
1867 6 -3 8
1868 6 -2 8
1869 7 -3 9
1870 6 -3 9
1871 5 -3 9
1872 5 -2 9
1873 5 -2 8
1874 5 -1 6
1875 5 -1 5
1876 5 -1 5
1877 4 -1 5
1878 4 -1 5
1879 5 -1 6
1880 4 1 7
1881 4 1 8
1882 4 2 9
1883 4 3 9
1884 4 3 9
1885 3 4 9
1886 3 4 11
1887 3 4 12
1888 3 4 12
1889 2 4 13
1890 1 4 13
1891 0 4 13
1892 -2 4 13
1893 -2 4 13
1894 -2 3 13
1895 -1 3 12
1896 1 3 11
1897 1 3 10
1898 -1 3 10
1899 -2 4 10
1900 -2 4 10
1901 -2 4 10
1902 -2 4 10
1903 -3 4 10
1904 -2 4 11
1905 0 4 11
1906 2 5 10
1907 1 5 10
1908 2 5 10
1909 2 5 9
1910 3 5 9
1911 3 5 10
1912 4 5 10
1913 5 4 9
1914 6 4 9
1915 7 4 10
1916 7 4 10
1917 6 4 9
1918 4 4 10
1919 3 4 10
1920 1 4 10
1921 1 4 9
1922 3 3 10
1923 2 4 10
1924 -1 4 10
1925 -1 5 10
1926 1 4 10
1927 0 4 9
1928 1 3 10
1929 -1 3 10
1930 -2 4 10
1931 -2 4 10
1932 -1 4 9
1933 -1 4 10
1934 -1 4 10
1935 1 4 9
1936 1 4 8
1937 1 4 7
1938 2 4 6
1939 2 5 6
1940 2 5 5
1941 2 5 5
1942 3 5 5
1943 3 4 6
1944 4 4 9
1945 4 5 11
1946 3 6 11
1947 3 6 11
1948 4 5 11
1949 4 6 11
1950 4 6 10
1951 3 7 10
1952 3 7 9
1953 3 7 8
1954 4 6 8
1955 3 6 9
1956 3 7 10
1957 2 7 10
1958 2 7 10
1959 2 7 10
1960 2 7 10
1961 2 7 9
1962 2 7 9
1963 3 7 9
1964 3 7 8
1965 3 8 7
1966 3 8 6
1967 1 8 6
1968 1 8 7
1969 2 8 8
1970 3 8 8
1971 4 7 8
1972 4 7 9
1973 4 6 9
1974 4 6 10
1975 3 5 10
1976 2 5 10
1977 2 6 8
1978 1 7 8
1979 0 8 8
1980 2 9 9
1981 3 10 9
1982 4 10 7
1983 4 10 6
1984 3 10 6
1985 3 10 5
1986 3 10 5
1987 4 11 5
1988 4 11 4
1989 4 11 2
1990 4 9 3
1991 5 8 4
1992 7 7 6
1993 7 8 7
1994 6 8 5
1995 4 7 6
1996 4 6 7
1997 3 5 8
1998 3 5 7
1999 2 5 6
2000 1 5 6
2001 1 5 6
2002 -1 6 6
2003 1 9 6
2004 2 11 6
2005 2 12 7
2006 3 12 8
2007 3 12 9
2008 3 12 9
2009 2 11 9
2010 1 11 9
2011 1 11 7
2012 1 11 5
2013 2 11 4
2014 3 11 4
2015 4 10 4
2016 4 11 4
2017 5 11 3
2018 4 11 2
2019 2 9 2
2020 1 7 4
2021 3 7 4
2022 4 8 2
2023 4 9 3
2024 4 10 6
2025 6 9 9
2026 6 8 10
2027 5 7 9
2028 3 6 7
2029 2 6 8
2030 2 6 8
2031 2 6 7
2032 2 7 6
2033 2 9 5
2034 1 11 5
2035 1 11 7
2036 1 12 7
2037 2 12 6
2038 3 12 5
2039 3 12 4
2040 3 11 3
2041 2 11 3
2042 1 10 1
2043 1 9 -1
2044 1 9 -2
2045 3 9 -1
2046 4 10 3
2047 5 10 6
2048 6 11 9
2049 6 11 10
2050 5 10 10
2051 4 10 8
2052 3 9 6
2053 3 8 6
2054 3 7 6
2055 3 7 5
2056 3 7 6
2057 3 7 6
2058 4 8 7
2059 4 8 7
2060 4 9 7
2061 4 10 7
2062 5 11 7
2063 5 12 6
2064 5 12 5
2065 4 13 4
2066 3 14 5
2067 3 15 6
2068 3 15 6
2069 3 14 5
2070 1 13 5
2071 -2 11 5
2072 -2 8 5
2073 -1 5 5
2074 2 4 4
2075 5 4 3
2076 6 7 2
2077 2 10 -1
2078 -2 11 -2
2079 -2 11 -1
2080 1 11 0
2081 4 11 1
2082 5 10 2
2083 5 9 2
2084 5 8 2
2085 5 7 1
2086 6 7 2
2087 5 6 1
2088 4 6 -1
2089 4 6 -1
2090 3 6 -1
2091 4 7 -1
2092 5 8 -1
2093 6 9 -1
2094 5 10 -1
2095 4 11 -1
2096 4 11 -1
2097 5 11 -2
2098 5 11 -3
2099 4 11 -2
2100 3 11 -2
2101 3 10 -1
2102 3 11 1
2103 4 11 2
2104 5 11 2
2105 5 11 2
2106 4 11 2
2107 4 11 2
2108 4 11 2
2109 4 11 2
2110 5 10 2
2111 5 10 2
2112 5 9 3
2113 5 9 3
2114 4 9 3
2115 4 9 3
2116 5 9 4
2117 5 9 4
2118 5 9 4
2119 6 8 4
2120 6 8 4
2121 6 9 4
2122 6 9 4
2123 5 10 4
2124 5 10 5
2125 6 9 5
2126 6 9 4
2127 6 8 3
2128 6 8 2
2129 5 8 3
2130 4 7 3
2131 4 7 3
2132 3 8 3
2133 3 9 4
2134 4 9 5
2135 4 10 6
2136 4 10 6
2137 4 10 6
2138 4 10 5
2139 5 10 5
2140 5 10 4
2141 5 10 4
2142 5 10 4
2143 5 10 4
2144 5 11 3
2145 5 11 2
2146 5 11 1
2147 5 11 0
2148 5 10 1
2149 6 10 2
2150 5 10 3
2151 4 10 4
2152 2 10 4
2153 0 9 4
2154 -1 10 5
2155 -1 10 6
2156 -2 9 7
2157 -1 9 7
2158 2 8 7
2159 5 8 6
2160 6 8 5
2161 7 8 4
2162 8 9 5
2163 11 10 8
2164 13 11 8
2165 13 11 7
2166 12 11 5
2167 11 10 3
2168 9 9 2
2169 4 8 5
2170 -2 8 8
2171 -5 8 9
2172 -5 7 8
2173 -5 6 8
2174 -4 5 8
2175 -2 4 8
2176 0 3 7
2177 1 2 7
2178 2 1 7
2179 3 1 5
2180 1 1 4
2181 -1 1 3
2182 -2 1 1
2183 -1 2 0
2184 3 6 -1
2185 4 11 -3
2186 -3 13 -2
2187 -8 15 6
2188 -6 15 11
2189 2 15 12
2190 7 14 12
2191 7 14 13
2192 7 14 14
2193 8 12 14
2194 8 11 14
2195 8 11 15
2196 12 12 14
2197 14 12 13
2198 13 12 11
2199 4 13 6
2200 -8 12 1
2201 -4 9 -9
2202 -2 4 -12
2203 -6 5 -10
2204 -6 9 -6
2205 -5 11 0
2206 -4 11 5
2207 2 11 8
2208 7 11 9
2209 8 10 7
2210 6 10 6
2211 4 10 5
2212 3 9 5
2213 3 8 6
2214 4 9 6
2215 3 10 7
2216 3 10 9
2217 4 10 11
2218 5 10 11
2219 8 10 12
2220 8 10 11
2221 5 10 6
2222 -2 9 1
2223 -5 7 -2
2224 -3 5 -4
2225 1 4 -3
2226 3 4 1
2227 3 4 5
2228 4 5 8
2229 3 7 10
2230 0 9 11
2231 -2 10 11
2232 -2 10 10
2233 -2 10 10
2234 -3 10 9
2235 -2 9 9
2236 -1 9 8
2237 2 9 8
2238 5 8 8
2239 8 8 9
2240 10 7 8
2241 9 7 7
2242 9 8 7
2243 8 10 6
2244 6 9 7
2245 6 6 9
2246 7 7 9
2247 6 9 7
2248 4 9 5
2249 2 7 5
2250 1 6 7
2251 1 5 7
2252 2 4 6
2253 2 4 5
2254 2 4 5
2255 2 4 4
2256 1 5 4
2257 1 7 4
2258 2 11 4
2259 4 12 5
2260 4 13 6
2261 4 13 7
2262 4 12 7
2263 4 11 6
2264 2 11 5
2265 2 10 4
2266 2 9 5
2267 2 9 7
2268 2 8 10
2269 3 8 11
2270 2 8 13
2271 2 8 14
2272 4 8 15
2273 9 8 16
2274 9 10 16
2275 5 11 16
2276 2 12 14
2277 1 11 12
2278 4 11 10
2279 5 9 7
2280 4 8 5
2281 3 7 5
2282 2 6 4
2283 1 6 3
2284 1 4 3
2285 -1 3 5
2286 -1 2 5
2287 -1 0 4
2288 1 -2 4
2289 3 -3 6
2290 3 -3 8
2291 1 -3 9
2292 -1 -3 8
2293 1 -4 7
2294 2 -4 6
2295 1 -4 7
2296 2 -4 7
2297 2 -4 8
2298 1 -4 8
2299 2 -4 8
2300 2 -4 7
2301 0 -3 6
2302 -2 -2 4
2303 -2 -1 2
2304 -2 -1 2
2305 -3 1 3
2306 -1 1 4
2307 1 3 5
2308 3 3 6
2309 4 4 8
2310 5 4 11
2311 7 5 11
2312 8 6 12
2313 9 6 13
2314 10 5 13
2315 11 3 13
2316 11 3 14
2317 10 3 13
2318 11 3 13
2319 11 3 12
2320 8 3 12
2321 7 4 12
2322 7 4 14
2323 8 4 14
2324 9 3 14
2325 11 3 14
2326 11 4 14
2327 9 5 13
2328 8 5 11
2329 8 5 8
2330 6 5 5
2331 5 4 2
2332 4 3 -1
2333 2 2 -3
2334 -1 2 -4
2335 1 -1 -2
2336 3 -3 -1
2337 3 -3 2
2338 5 -4 5
2339 7 -4 6
2340 8 -4 6
2341 8 -4 6
2342 9 -4 6
2343 10 -4 6
2344 11 -3 6
2345 11 -3 5
2346 11 -3 4
2347 11 -3 5
2348 10 -2 6
2349 9 -2 6
2350 9 -2 7
2351 8 -2 8
2352 6 -1 11
2353 4 0 11
2354 2 1 11
2355 -1 1 11
2356 -2 1 12
2357 -4 0 12
2358 -3 -2 12
2359 -1 -2 12
2360 -1 -3 11
2361 -1 -3 10
2362 3 -4 8
2363 4 -3 8
2364 3 -3 10
2365 4 -3 8
2366 5 -4 7
2367 5 -3 6
2368 5 -3 7
2369 4 -3 8
2370 4 -2 8
2371 2 -1 9
2372 2 -1 10
2373 3 1 8
2374 5 2 7
2375 5 2 6
2376 4 2 5
2377 4 1 5
2378 4 -1 4
2379 4 -2 3
2380 4 -2 4
2381 5 -2 4
2382 7 -1 5
2383 8 1 7
2384 8 2 9
2385 6 4 11
2386 5 5 12
2387 6 5 12
2388 6 6 11
2389 5 7 10
2390 5 8 10
2391 6 10 11
2392 7 10 11
2393 7 10 11
2394 7 10 9
2395 7 10 7
2396 8 10 6
2397 8 10 7
2398 7 10 8
2399 6 9 9
2400 6 9 9
2401 7 8 7
2402 7 8 7
2403 7 8 6
2404 6 8 6
2405 6 8 6
2406 6 8 5
2407 6 8 6
2408 6 9 6
2409 6 9 6
2410 5 9 5
2411 5 9 5
2412 5 9 5
2413 5 9 4
2414 5 9 4
2415 5 9 4
2416 6 9 5
2417 6 9 5
2418 5 8 5
2419 5 7 4
2420 5 8 4
2421 5 8 3
2422 5 8 3
2423 5 7 4
2424 6 8 7
2425 6 8 12
2426 4 8 13
2427 2 7 13
2428 2 7 11
2429 3 6 9
2430 2 6 8
2431 1 5 8
2432 2 4 7
2433 4 2 5
2434 6 1 4
2435 6 2 7
2436 8 4 10
2437 8 7 16
2438 5 8 16
2439 2 9 16
2440 5 9 13
2441 5 7 11
2442 5 5 11
2443 5 5 13
2444 2 5 14
2445 2 4 12
2446 2 1 11
2447 1 -2 9
2448 2 -3 4
2449 4 -4 -2
2450 7 -6 -3
2451 5 -7 -1
2452 4 -8 -2
2453 6 -9 -2
2454 6 -9 -2
2455 3 -8 -2
2456 1 -6 -4
2457 -1 -4 -7
2458 -3 -1 -12
2459 -3 -2 -12
2460 1 -5 -9
2461 3 -8 -6
2462 3 -7 -9
2463 2 -5 -11
2464 -2 -2 -11
2465 -5 1 -10
2466 -5 1 -9
2467 -3 -1 -9
2468 1 -4 -9
2469 1 -5 -10
2470 -2 -4 -11
2471 -4 -2 -10
2472 -6 2 -9
2473 -7 3 -9
2474 -5 3 -10
2475 -4 2 -10
2476 -4 1 -9
2477 -5 2 -9
2478 -6 2 -9
2479 -6 3 -8
2480 -7 4 -9
2481 -6 4 -10
2482 -4 4 -9
2483 -2 3 -10
2484 -3 4 -11
2485 -3 4 -11
2486 -4 4 -8
2487 -8 3 -2
2488 -8 3 -2
2489 -5 3 -9
2490 -3 3 -13
2491 -5 5 -13
2492 -7 5 -11
2493 -7 5 -10
2494 -6 4 -9
2495 -6 3 -9
2496 -6 2 -8
2497 -5 2 -7
2498 -5 2 -8
2499 -6 3 -9
2500 -6 4 -9
2501 -5 5 -9
2502 -5 5 -9
2503 -6 5 -7
2504 -5 4 -7
2505 -4 1 -8
2506 -3 -2 -7
2507 -4 -4 -5
2508 -3 -5 -5
2509 -2 -5 -5
2510 -3 -5 -5
2511 -3 -5 -6
2512 -2 -5 -6
2513 1 -5 -3
2514 -1 -5 -1
2515 0 -6 0
2516 4 -5 2
2517 5 -3 5
2518 2 -1 6
2519 -1 2 5
2520 5 4 10
2521 9 3 15
2522 6 1 15
2523 4 3 13
2524 7 7 16
2525 4 10 16
2526 1 10 16
2527 4 11 16
2528 3 11 16
2529 1 12 16
2530 2 12 15
2531 2 12 13
2532 1 11 11
2533 1 10 8
2534 2 7 7
2535 2 6 7
2536 1 6 5
2537 -1 5 4
2538 -1 3 3
2539 -1 2 2
2540 -1 0 3
2541 -2 -2 3
2542 -3 -3 3
2543 -1 -3 4
2544 1 -3 5
2545 1 -4 5
2546 2 -4 5
2547 3 -5 7
2548 3 -5 9
2549 1 -5 9
2550 1 -5 9
2551 2 -5 9
2552 3 -5 9
2553 3 -5 8
2554 2 -4 7
2555 1 -4 6
2556 1 -4 5
2557 2 -4 4
2558 2 -3 3
2559 0 -3 3
2560 1 -2 3
2561 2 -1 3
2562 1 1 3
2563 1 2 4
2564 2 3 5
2565 2 4 6
2566 4 5 9
2567 5 6 10
2568 5 7 12
2569 6 7 14
2570 6 7 15
2571 5 7 15
2572 6 6 15
2573 5 6 15
2574 4 6 15
2575 5 6 14
2576 5 6 14
2577 4 6 13
2578 4 6 13
2579 5 6 14
2580 6 6 15
2581 6 6 15
2582 5 6 14
2583 5 6 13
2584 5 6 12
2585 5 5 11
2586 5 5 9
2587 4 4 7
2588 3 3 4
2589 2 2 2
2590 2 0 -1
2591 1 -1 -1
2592 -1 -2 -2
2593 -1 -3 -2
2594 1 -4 -2
2595 1 -4 -1
2596 0 -4 0
2597 1 -5 1
2598 1 -4 2
2599 -2 -3 2
2600 -2 -2 3
2601 -1 -2 3
2602 0 -1 4
2603 1 1 6
2604 1 2 7
2605 2 2 8
2606 3 3 10
2607 3 5 11
2608 4 5 12
2609 4 5 13
2610 5 6 13
2611 6 5 14
2612 6 5 14
2613 6 5 14
2614 6 4 14
2615 5 4 14
2616 6 4 13
2617 6 4 12
2618 4 5 12
2619 3 5 13
2620 5 4 13
2621 4 4 13
2622 3 4 14
2623 5 4 15
2624 5 5 15
2625 4 5 14
2626 4 5 13
2627 4 5 11
2628 4 5 9
2629 4 4 7
2630 4 3 6
2631 1 3 3
2632 0 2 0
2633 2 -1 -1
2634 1 -3 -1
2635 -1 -4 0
2636 1 -5 3
2637 1 -5 5
2638 0 -5 5
2639 2 -5 5
2640 5 -6 6
2641 5 -6 9
2642 2 -5 9
2643 1 -5 9
2644 4 -5 9
2645 4 -5 9
2646 3 -4 9
2647 2 -3 9
2648 2 -2 9
2649 2 -2 9
2650 3 -1 9
2651 4 -1 8
2652 4 -1 7
2653 4 -1 6
2654 4 -2 4
2655 4 -4 4
2656 3 -4 3
2657 3 -4 4
2658 3 -5 4
2659 4 -5 5
2660 4 -5 6
2661 3 -4 7
2662 4 -3 8
2663 4 -3 8
2664 5 -1 9
2665 6 1 10
2666 7 2 11
2667 7 2 10
2668 5 4 11
2669 7 5 11
2670 8 5 10
2671 7 6 10
2672 5 7 10
2673 4 8 9
2674 4 9 9
2675 5 9 10
2676 4 9 9
2677 3 10 8
2678 4 10 7
2679 5 11 6
2680 5 11 6
2681 5 11 7
2682 5 11 8
2683 5 11 9
2684 6 10 9
2685 6 10 8
2686 6 9 6
2687 6 9 6
2688 6 9 5
2689 6 9 4
2690 5 9 5
2691 5 9 5
2692 5 9 5
2693 5 9 5
2694 5 9 5
2695 5 9 5
2696 5 9 5
2697 5 10 4
2698 4 9 4
2699 4 9 3
2700 5 9 3
2701 4 9 3
2702 4 9 3
2703 4 9 3
2704 4 9 3
2705 4 9 3
2706 5 9 3
2707 5 9 3
2708 5 9 3
2709 5 9 4
2710 5 9 4
2711 5 9 4
2712 6 9 4
2713 6 9 4
2714 6 9 4
2715 6 9 5
2716 6 9 5
2717 6 9 5
2718 6 9 4
2719 6 9 4
2720 6 9 4
2721 5 9 4
2722 5 9 5
2723 5 9 4
2724 5 9 4
2725 5 9 4
2726 5 9 4
2727 5 9 4
2728 5 9 4
2729 5 9 4
2730 5 9 4
2731 5 9 4
2732 5 9 4
2733 5 9 4
2734 5 9 4
2735 5 9 4
2736 5 9 4
2737 5 9 4
2738 5 9 4
2739 5 9 4
2740 5 9 4
2741 5 9 4
2742 5 9 4
2743 5 9 4
2744 5 9 4
2745 5 9 4
2746 5 9 4
2747 5 9 4
2748 5 9 5
2749 5 9 5
2750 5 8 8
2751 6 7 12
2752 8 6 13
2753 9 6 12
2754 9 6 11
2755 8 8 11
2756 6 10 11
2757 5 11 11
2758 4 11 10
2759 3 11 8
2760 2 11 7
2761 2 10 6
2762 3 9 6
2763 4 7 7
2764 3 6 6
2765 2 5 5
2766 1 3 6
2767 -1 3 8
2768 -1 2 8
2769 1 2 7
2770 -1 2 6
2771 -2 2 8
2772 -3 3 11
2773 -4 4 13
2774 -3 5 15
2775 6 7 16
2776 13 8 16
2777 13 9 15
2778 13 11 13
2779 15 11 8
2780 15 11 1
2781 13 11 -5
2782 11 11 -7
2783 8 12 -7
2784 2 11 -9
