t x y z
0 -4 -2 5
1 -5 -2 6
2 -6 -3 6
3 -6 -3 7
4 -6 -3 8
5 -6 -3 9
6 -5 -3 9
7 -4 -2 9
8 -4 -1 9
9 -3 -1 9
10 -3 -1 10
11 -3 -1 10
12 -3 -1 10
13 -3 -1 10
14 -5 -2 11
15 -5 -3 11
16 -4 -2 11
17 -5 -2 11
18 -5 -2 11
19 -6 -2 11
20 -7 -2 11
21 -7 -2 10
22 -7 -2 10
23 -6 -2 10
24 -6 -1 9
25 -5 -1 9
26 -4 1 9
27 -4 1 9
28 -4 1 9
29 -4 0 9
30 -4 0 9
31 -4 0 9
32 -4 -1 9
33 -4 -1 9
34 -4 -1 9
35 -4 -1 9
36 -5 -1 9
37 -5 0 9
38 -5 1 10
39 -5 1 10
40 -5 1 9
41 -6 1 9
42 -6 1 9
43 -5 1 9
44 -5 1 9
45 -5 1 10
46 -5 1 10
47 -6 1 10
48 -6 1 10
49 -6 1 10
50 -5 1 10
51 -5 1 10
52 -5 0 9
53 -4 -1 9
54 -4 -1 9
55 -3 -1 9
56 -4 -1 9
57 -4 -1 9
58 -5 -1 9
59 -5 -1 10
60 -5 -1 10
61 -5 0 10
62 -5 -1 9
63 -5 0 10
64 -4 1 10
65 -4 0 11
66 -4 -1 10
67 -4 -1 10
68 -4 -1 10
69 -4 1 11
70 -3 -1 10
71 -3 -1 9
72 -4 -2 9
73 -4 -1 9
74 -4 -1 9
75 -4 -1 9
76 -4 -1 10
77 -4 -1 10
78 -4 -1 10
79 -4 -1 11
80 -4 -1 11
81 -5 -1 11
82 -5 -1 11
83 -5 -1 11
84 -5 0 11
85 -5 1 11
86 -3 2 11
87 -3 1 10
88 -3 -2 9
89 -5 -3 8
90 -5 -2 9
91 -4 -2 10
92 -3 -1 10
93 -3 -2 9
94 -3 -2 9
95 -4 -2 8
96 -4 -2 8
97 -4 -3 8
98 -4 -3 8
99 -3 -3 9
100 -3 -2 9
101 -3 -2 10
102 -3 -2 11
103 -3 -2 11
104 -3 -2 11
105 -4 -1 11
106 -4 1 12
107 -3 1 12
108 -2 -2 11
109 -3 -2 11
110 -3 -2 11
111 -3 -2 11
112 -3 -2 10
113 -2 -2 9
114 -1 -2 9
115 -2 -2 9
116 -2 -2 9
117 -3 -2 9
118 -3 -2 9
119 -3 -2 8
120 -3 -3 8
121 -3 -3 7
122 -2 -3 7
123 -2 -3 8
124 -2 -3 9
125 -3 -2 10
126 -4 -2 10
127 -6 -3 11
128 -6 -3 11
129 -6 -3 11
130 -5 -3 11
131 -5 -3 10
132 -5 -3 10
133 -4 -3 9
134 -4 -3 8
135 -4 -3 8
136 -4 -3 8
137 -4 -4 8
138 -4 -4 8
139 -4 -4 8
140 -5 -4 9
141 -5 -4 9
142 -5 -3 10
143 -5 -3 11
144 -5 -3 10
145 -6 -4 10
146 -6 -2 11
147 -5 -1 11
148 -4 -1 11
149 -4 -1 11
150 -4 -2 10
151 -4 -2 8
152 -3 -3 7
153 -3 -3 7
154 -3 -3 8
155 -3 -3 8
156 -4 -2 9
157 -5 -3 10
158 -5 -2 10
159 -4 -2 11
160 -4 -2 10
161 -4 -3 10
162 -4 -4 9
163 -5 -4 10
164 -5 -2 11
165 -5 -1 11
166 -4 -1 11
167 -4 -1 11
168 -4 -2 9
169 -5 -3 8
170 -4 -2 9
171 -3 -2 9
172 -3 -2 8
173 -3 -3 8
174 -3 -3 8
175 -4 -3 8
176 -4 -3 9
177 -4 -3 9
178 -4 -3 9
179 -3 -3 10
180 -3 -3 11
181 -4 -3 11
182 -3 -3 11
183 -3 -3 10
184 -4 -3 10
185 -3 -2 11
186 -4 -1 11
187 -4 -1 12
188 -5 0 11
189 -4 0 11
190 -3 -1 8
191 -2 -2 7
192 -2 -2 6
193 -3 -2 6
194 -4 -2 8
195 -4 -1 10
196 -5 0 11
197 -5 -1 11
198 -5 -2 11
199 -5 -2 10
200 -6 -2 11
201 -6 -2 11
202 -5 -2 11
203 -4 -1 10
204 -3 -2 9
205 -5 -2 8
206 -7 -2 10
207 -6 -2 11
208 -4 -2 9
209 -3 -2 8
210 -4 -2 7
211 -4 -2 7
212 -4 -2 7
213 -4 -2 8
214 -4 -2 8
215 -4 -2 9
216 -5 -2 9
217 -5 -2 10
218 -6 -2 11
219 -5 -2 10
220 -5 -3 10
221 -5 -3 10
222 -5 -2 11
223 -4 -2 11
224 -4 -2 11
225 -5 -2 11
226 -5 -1 11
227 -5 -1 10
228 -4 -1 10
229 -5 -1 9
230 -5 -1 9
231 -6 -1 9
232 -5 -2 9
233 -5 -2 8
234 -4 -2 8
235 -5 -2 8
236 -5 -2 9
237 -6 -2 10
238 -5 -1 10
239 -6 -1 10
240 -7 -1 10
241 -6 -1 11
242 -5 1 11
243 -6 -1 9
244 -7 -2 9
245 -7 -2 8
246 -6 -2 8
247 -5 -2 7
248 -5 -3 6
249 -4 -3 6
250 -3 -3 6
251 -3 -3 7
252 -3 -3 8
253 -4 -3 10
254 -4 -2 11
255 -4 -2 11
256 -5 -2 11
257 -5 -2 11
258 -5 -2 11
259 -5 -2 11
260 -5 -1 11
261 -6 2 12
262 -5 2 12
263 -5 2 11
264 -6 1 11
265 -5 1 10
266 -4 0 9
267 -3 -1 8
268 -3 -1 7
269 -4 -1 7
270 -4 -1 8
271 -5 -1 8
272 -5 -1 8
273 -5 -1 8
274 -6 -1 8
275 -6 -2 9
276 -6 -2 8
277 -6 -2 9
278 -6 -2 10
279 -7 -1 11
280 -6 1 12
281 -4 1 11
282 -4 -1 8
283 -5 -1 8
284 -5 -1 9
285 -5 -2 9
286 -4 -2 8
287 -3 -2 8
288 -3 -2 8
289 -4 -2 7
290 -4 -3 7
291 -4 -3 8
292 -4 -3 9
293 -4 -3 10
294 -4 -3 10
295 -4 -3 11
296 -4 -2 11
297 -3 -3 11
298 -3 -2 11
299 -3 -1 12
300 -3 -1 11
301 -3 -1 11
302 -5 -1 11
303 -6 1 11
304 -5 1 11
305 -3 1 9
306 -3 -1 7
307 -3 -1 7
308 -3 -1 7
309 -3 -1 8
310 -4 -1 9
311 -4 -1 10
312 -4 -1 10
313 -5 -1 10
314 -5 -1 10
315 -5 -1 11
316 -5 -1 11
317 -5 0 11
318 -3 1 11
319 -2 2 11
320 -3 2 10
321 -4 1 9
322 -5 0 9
323 -5 1 10
324 -4 0 9
325 -4 -1 8
326 -4 -2 7
327 -4 -2 8
328 -4 -1 9
329 -4 -1 9
330 -4 -2 9
331 -3 -2 10
332 -3 -1 10
333 -2 -1 11
334 -3 -1 11
335 -2 -1 11
336 -3 1 11
337 -4 2 12
338 -3 2 12
339 -3 2 11
340 -4 1 11
341 -4 1 11
342 -3 1 10
343 -3 0 8
344 -2 0 8
345 -2 -1 8
346 -2 -1 8
347 -2 -1 9
348 -3 -1 10
349 -3 -2 10
350 -3 -2 10
351 -3 -3 9
352 -4 -3 10
353 -4 -2 11
354 -4 -2 11
355 -5 -2 11
356 -5 -1 11
357 -4 -1 11
358 -4 -2 11
359 -5 -2 10
360 -5 -2 10
361 -4 -2 10
362 -4 -2 9
363 -4 -2 8
364 -4 -2 7
365 -4 -2 7
366 -4 -3 7
367 -4 -3 7
368 -4 -3 8
369 -4 -3 8
370 -4 -3 8
371 -4 -3 9
372 -5 -3 10
373 -5 -3 10
374 -4 -4 10
375 -3 -4 10
376 -3 -3 10
377 -3 -3 10
378 -3 -3 10
379 -3 -3 10
380 -3 -3 11
381 -3 -2 11
382 -2 -2 10
383 -2 -2 9
384 -2 -3 8
385 -2 -3 8
386 -2 -3 9
387 -2 -3 9
388 -2 -3 9
389 -2 -2 9
390 -2 -2 9
391 -2 -2 9
392 -3 -3 9
393 -4 -3 9
394 -5 -2 10
395 -6 0 11
396 -6 1 12
397 -5 -1 11
398 -5 -2 9
399 -5 -3 9
400 -5 -2 10
401 -4 -1 10
402 -4 -1 9
403 -4 -1 8
404 -3 -1 8
405 -3 0 9
406 -3 1 10
407 -4 1 10
408 -4 1 10
409 -4 1 10
410 -5 1 9
411 -5 1 9
412 -6 2 10
413 -6 2 11
414 -6 2 11
415 -6 2 10
416 -6 1 9
417 -5 1 9
418 -5 1 9
419 -5 2 9
420 -5 2 10
421 -5 2 10
422 -5 2 10
423 -5 1 9
424 -5 1 9
425 -5 1 9
426 -6 1 10
427 -5 2 10
428 -3 2 9
429 -4 1 8
430 -3 1 8
431 -2 1 11
432 -2 1 12
433 -3 1 13
434 -4 -1 13
435 -7 -1 13
436 -9 -2 13
437 -11 -3 12
438 -12 -3 11
439 -12 -2 10
440 -11 -2 8
441 -11 -2 6
442 -11 -1 6
443 -11 -1 5
444 -11 -1 3
445 -10 -1 2
446 -8 -1 2
447 -7 -1 1
448 -5 -1 1
449 -3 -1 1
450 -2 -1 2
451 1 -1 2
452 2 -1 3
453 3 -1 4
454 4 -1 7
455 4 0 9
456 3 -1 11
457 3 -1 12
458 3 -1 13
459 1 -1 13
460 -3 -1 14
461 -4 -1 14
462 -7 1 14
463 -11 -1 13
464 -13 -1 11
465 -13 -2 10
466 -12 -1 9
467 -11 0 8
468 -9 0 7
469 -7 -1 7
470 -7 -1 8
471 -6 1 10
472 -6 1 10
473 -7 -1 9
474 -5 1 10
475 -5 1 9
476 -5 -1 8
477 -5 -1 8
478 -4 0 9
479 -4 0 9
480 -5 -1 10
481 -5 -1 10
482 -5 -1 9
483 -5 -1 9
484 -5 -1 9
485 -5 -1 9
486 -4 -1 10
487 -4 -1 10
488 -4 0 10
489 -4 0 10
490 -5 -1 10
491 -5 -1 10
492 -5 -1 10
493 -5 0 9
494 -5 0 9
495 -5 0 9
496 -5 0 9
497 -5 0 9
498 -5 0 9
499 -5 0 9
500 -5 0 10
501 -5 0 10
502 -5 0 10
503 -5 0 10
504 -5 0 10
505 -5 0 10
506 -5 0 10
507 -5 0 10
508 -5 0 10
509 -5 0 9
510 -5 0 9
511 -5 0 9
512 -5 0 9
513 -5 0 9
514 -5 0 9
515 -5 0 9
516 -5 0 9
517 -5 0 9
518 -5 -1 9
519 -5 -1 9
520 -5 -1 9
521 -5 -1 9
522 -5 -1 9
523 -5 -1 9
524 -5 -1 9
525 -5 -1 9
526 -5 0 10
527 -5 0 10
528 -5 0 10
529 -4 0 10
530 -4 0 10
531 -4 -1 10
532 -5 -1 10
533 -5 -1 10
534 -5 -1 10
535 -5 -1 10
536 -5 -1 10
537 -5 -1 10
538 -5 -1 10
539 -5 -1 10
540 -5 -1 10
541 -4 -1 10
542 -4 -1 10
543 -4 -1 10
544 -4 -1 10
545 -4 -1 10
546 -4 -1 10
547 -4 -1 10
548 -4 -1 10
549 -4 0 10
550 -4 0 10
551 -4 -1 10
552 -4 -1 9
553 -5 -1 10
554 -5 -1 10
555 -4 -1 10
556 -4 -1 10
557 -5 -1 10
558 -5 -1 10
559 -5 -1 10
560 -5 0 10
561 -5 0 10
562 -5 0 9
563 -4 0 9
564 -4 0 9
565 -4 0 9
566 -4 0 9
567 -4 0 10
568 -4 0 10
569 -4 0 10
570 -4 0 10
571 -5 -1 10
572 -5 -1 10
573 -5 -1 10
574 -5 0 10
575 -5 0 10
576 -4 0 9
577 -4 0 9
578 -4 -1 9
579 -4 -1 9
580 -4 -1 10
581 -4 -1 10
582 -4 0 10
583 -4 0 10
584 -4 0 10
585 -4 0 10
586 -4 0 10
587 -4 0 10
588 -4 0 10
589 -4 0 10
590 -4 0 10
591 -4 0 10
592 -4 0 10
593 -4 0 10
594 -4 0 10
595 -4 0 10
596 -4 0 10
597 -4 0 10
598 -4 0 9
599 -4 0 10
600 -4 0 10
601 -4 0 10
602 -4 0 10
603 -4 0 10
604 -4 0 10
605 -4 0 10
606 -4 -1 10
607 -4 0 10
608 -4 0 10
609 -4 0 10
610 -4 1 10
611 -4 0 10
612 -4 0 10
613 -4 0 10
614 -4 0 10
615 -4 0 10
616 -4 0 10
617 -4 1 9
618 -4 1 9
619 -4 1 9
620 -4 1 9
621 -4 1 9
622 -4 1 9
623 -4 1 9
624 -4 1 9
625 -4 1 9
626 -4 1 9
627 -4 1 9
628 -4 1 8
629 -4 0 8
630 -5 0 8
631 -5 1 8
632 -5 1 9
633 -4 1 8
634 -4 1 8
635 -5 1 8
636 -5 1 8
637 -5 2 9
638 -5 2 9
639 -6 1 8
640 -6 1 8
641 -6 1 7
642 -6 2 8
643 -6 2 9
644 -6 2 8
645 -6 2 7
646 -6 2 7
647 -6 2 6
648 -6 2 6
649 -5 2 7
650 -5 2 8
651 -5 2 8
652 -7 1 9
653 -7 1 10
654 -7 -1 10
655 -7 -2 10
656 -8 -2 11
657 -8 -1 12
658 -8 -1 12
659 -7 -2 11
660 -7 -2 11
661 -7 -2 11
662 -7 -1 11
663 -6 -1 11
664 -6 -1 11
665 -6 -1 11
666 -6 -1 11
667 -5 -1 10
668 -5 -1 9
669 -4 -1 10
670 -5 1 11
671 -4 1 11
672 -4 1 10
673 -4 1 8
674 -5 0 8
675 -5 0 9
676 -5 0 9
677 -4 1 9
678 -4 1 10
679 -3 1 9
680 -3 -1 9
681 -3 -1 9
682 -2 -2 9
683 -1 -2 8
684 -1 -1 9
685 -1 -1 10
686 -2 -1 10
687 -2 1 10
688 -1 1 10
689 -2 1 11
690 -3 1 10
691 -2 1 9
692 -2 1 9
693 -2 1 9
694 -2 0 9
695 -2 -1 8
696 -3 -1 9
697 -3 0 10
698 -3 1 11
699 -3 1 10
700 -4 0 10
701 -4 0 10
702 -4 1 10
703 -4 1 9
704 -3 1 9
705 -3 1 8
706 -3 0 8
707 -4 0 9
708 -4 0 11
709 -5 1 11
710 -5 1 11
711 -6 1 12
712 -7 0 12
713 -7 -1 12
714 -6 -1 11
715 -5 -2 11
716 -6 -2 10
717 -5 -3 9
718 -5 -3 8
719 -5 -3 9
720 -5 -3 10
721 -5 -2 10
722 -4 -2 9
723 -4 -2 9
724 -4 -2 10
725 -4 -1 11
726 -4 -1 11
727 -4 -1 11
728 -4 -1 11
729 -4 0 11
730 -4 1 12
731 -4 2 12
732 -4 1 12
733 -3 -1 11
734 -2 -1 9
735 -1 -1 9
736 -1 0 10
737 -1 1 10
738 -1 1 10
739 -1 1 10
740 -2 1 10
741 -2 1 9
742 -3 1 8
743 -3 0 8
744 -3 1 9
745 -3 1 8
746 -4 1 8
747 -4 1 8
748 -4 1 8
749 -4 1 7
750 -4 1 7
751 -4 1 7
752 -4 0 7
753 -5 1 8
754 -6 2 9
755 -6 3 10
756 -7 3 11
757 -8 3 12
758 -7 2 12
759 -6 2 12
760 -6 2 11
761 -6 1 11
762 -7 1 10
763 -6 1 10
764 -6 1 10
765 -7 1 11
766 -6 3 12
767 -7 3 11
768 -7 3 10
769 -7 4 10
770 -6 4 11
771 -6 3 9
772 -7 3 7
773 -6 2 7
774 -5 2 7
775 -5 2 7
776 -5 2 7
777 -6 1 7
778 -5 1 7
779 -4 1 7
780 -4 1 7
781 -5 1 7
782 -4 1 7
783 -4 1 6
784 -4 -1 6
785 -4 -1 6
786 -3 -1 7
787 -3 -1 7
788 -3 -2 8
789 -3 -2 8
790 -4 -2 9
791 -4 -2 10
792 -4 -3 9
793 -4 -3 9
794 -4 -3 9
795 -4 -2 9
796 -4 -1 10
797 -4 -1 11
798 -4 -1 11
799 -4 -1 11
800 -5 -2 9
801 -4 -2 9
802 -4 -2 9
803 -4 -2 9
804 -5 -2 10
805 -5 -2 10
806 -4 -2 10
807 -3 -2 9
808 -4 -2 10
809 -4 -2 10
810 -2 -2 11
811 1 -2 13
812 1 -2 14
813 2 -1 13
814 1 -1 13
815 -1 1 12
816 -3 2 11
817 -6 1 8
818 -8 0 7
819 -8 -1 6
820 -10 -2 3
821 -10 -2 1
822 -10 -2 -1
823 -9 -2 -1
824 -9 -2 -2
825 -9 -1 -2
826 -9 -1 -1
827 -9 1 1
828 -10 2 4
829 -10 3 6
830 -11 4 11
831 -11 4 12
832 -9 4 13
833 -8 3 13
834 -7 3 13
835 -5 3 12
836 -4 3 12
837 -4 3 11
838 -4 3 11
839 -5 3 11
840 -5 3 11
841 -5 4 11
842 -7 5 11
843 -8 5 11
844 -9 5 9
845 -11 5 6
846 -12 4 4
847 -12 4 3
848 -12 4 3
849 -11 4 3
850 -11 4 4
851 -10 3 4
852 -9 2 4
853 -9 2 6
854 -9 2 7
855 -9 2 7
856 -8 2 7
857 -8 2 8
858 -7 2 8
859 -7 2 8
860 -7 2 8
861 -6 2 8
862 -5 2 8
863 -5 2 8
864 -4 2 8
865 -4 3 8
866 -3 3 9
867 -3 3 10
868 -4 3 10
869 -3 3 9
870 -3 2 9
871 -3 2 9
872 -4 2 9
873 -4 2 9
874 -4 3 9
875 -4 3 10
876 -5 3 10
877 -4 3 10
878 -4 3 9
879 -4 3 9
880 -4 3 9
881 -4 3 9
882 -5 3 9
883 -5 3 9
884 -5 3 9
885 -5 3 9
886 -5 3 9
887 -5 3 9
888 -5 3 9
889 -5 3 9
890 -5 3 9
891 -5 3 9
892 -5 3 9
893 -4 3 9
894 -4 3 9
895 -4 3 9
896 -5 3 9
897 -5 3 9
898 -5 3 9
899 -5 3 9
900 -5 3 9
901 -5 3 9
902 -5 3 9
903 -5 3 9
904 -6 3 9
905 -6 3 9
906 -6 3 9
907 -7 3 9
908 -7 3 9
909 -7 3 9
910 -6 3 9
911 -6 3 9
912 -6 2 9
913 -6 2 8
914 -6 2 8
915 -6 2 8
916 -6 2 8
917 -6 2 9
918 -5 2 9
919 -4 2 9
920 -4 3 10
921 -4 3 10
922 -5 3 10
923 -4 3 10
924 -4 3 10
925 -4 3 10
926 -4 2 9
927 -4 3 9
928 -4 3 9
929 -4 4 9
930 -4 4 9
931 -4 4 10
932 -5 4 10
933 -5 4 10
934 -5 4 10
935 -5 3 9
936 -4 3 9
937 -4 3 10
938 -4 3 10
939 -4 2 9
940 -4 1 9
941 -4 1 8
942 -5 1 8
943 -5 1 8
944 -4 2 9
945 -4 2 9
946 -3 1 9
947 -5 1 10
948 -6 2 11
949 -5 2 12
950 -4 1 10
951 -4 -1 8
952 -5 -1 8
953 -5 1 10
954 -6 2 11
955 -5 2 11
956 -4 2 9
957 -5 2 8
958 -5 2 9
959 -6 2 9
960 -6 2 9
961 -6 2 9
962 -6 2 9
963 -7 3 10
964 -6 3 10
965 -6 3 10
966 -6 2 9
967 -5 2 9
968 -5 2 8
969 -5 1 8
970 -5 1 8
971 -5 1 8
972 -5 1 8
973 -4 0 8
974 -4 0 9
975 -4 1 10
976 -4 1 10
977 -3 0 11
978 -3 -1 10
979 -4 -1 11
980 -3 -1 11
981 -3 -1 11
982 -3 -1 11
983 -4 -1 11
984 -4 -1 11
985 -4 -1 11
986 -3 -1 10
987 -3 -1 9
988 -3 -1 9
989 -4 -1 9
990 -4 -1 10
991 -4 -1 10
992 -4 -1 11
993 -4 -1 10
994 -4 -1 9
995 -4 -1 9
996 -4 -1 9
997 -4 -1 9
998 -4 -2 9
999 -4 -2 9
1000 -4 -2 9
1001 -4 -1 9
1002 -4 -1 9
1003 -4 -1 9
1004 -4 -1 10
1005 -5 -1 10
1006 -5 -1 10
1007 -5 -1 10
1008 -5 -1 10
1009 -5 -1 10
1010 -6 -2 11
1011 -8 -4 11
1012 -8 -4 12
1013 -8 -4 13
1014 -9 -4 12
1015 -9 -3 11
1016 -8 -3 10
1017 -7 -2 9
1018 -6 -2 8
1019 -5 -1 7
1020 -4 1 7
1021 -3 1 5
1022 -2 1 3
1023 -2 1 2
1024 -2 1 -1
1025 -2 1 -3
1026 -2 1 -3
1027 -2 1 -3
1028 -4 1 -3
1029 -7 1 -1
1030 -9 2 1
1031 -11 3 5
1032 -13 3 10
1033 -13 3 12
1034 -12 2 12
1035 -12 1 12
1036 -11 1 12
1037 -9 2 12
1038 -8 2 12
1039 -8 2 11
1040 -7 2 11
1041 -7 3 11
1042 -8 4 11
1043 -9 4 11
1044 -10 5 9
1045 -11 5 7
1046 -11 5 5
1047 -11 5 4
1048 -11 5 3
1049 -11 5 0
1050 -10 4 -1
1051 -9 4 0
1052 -9 3 1
1053 -9 2 2
1054 -9 2 4
1055 -9 2 6
1056 -9 2 7
1057 -9 2 6
1058 -9 1 6
1059 -9 1 7
1060 -9 1 7
1061 -8 1 7
1062 -8 1 6
1063 -7 1 6
1064 -7 1 7
1065 -6 1 7
1066 -6 0 7
1067 -5 1 8
1068 -5 1 9
1069 -4 1 9
1070 -3 1 10
1071 -4 2 10
1072 -3 2 10
1073 -4 2 10
1074 -4 2 10
1075 -4 2 10
1076 -4 2 10
1077 -4 2 10
1078 -4 2 9
1079 -4 2 9
1080 -5 2 9
1081 -5 2 9
1082 -5 2 9
1083 -5 2 9
1084 -5 2 9
1085 -5 2 9
1086 -5 2 9
1087 -5 2 9
1088 -4 2 9
1089 -4 2 8
1090 -4 2 8
1091 -4 2 8
1092 -4 2 8
1093 -4 2 8
1094 -5 2 8
1095 -5 2 8
1096 -5 2 7
1097 -6 3 8
1098 -6 3 8
1099 -6 3 8
1100 -5 3 7
1101 -6 4 7
1102 -6 4 7
1103 -6 5 6
1104 -7 6 6
1105 -10 6 9
1106 -12 5 11
1107 -12 5 11
1108 -12 3 12
1109 -13 2 12
1110 -14 2 12
1111 -14 3 13
1112 -14 4 13
1113 -13 4 12
1114 -13 3 12
1115 -13 3 11
1116 -11 2 10
1117 -11 1 7
1118 -11 -1 7
1119 -10 -2 6
1120 -8 -3 3
1121 -5 -5 1
1122 -3 -5 2
1123 -1 -6 1
1124 1 -6 -1
1125 2 -5 -1
1126 1 -5 -2
1127 1 -5 -1
1128 1 -4 1
1129 2 -5 1
1130 3 -7 -1
1131 3 -6 1
1132 3 -7 2
1133 3 -7 2
1134 3 -7 3
1135 2 -9 3
1136 2 -9 3
1137 2 -8 3
1138 4 -6 5
1139 5 -5 5
1140 6 -4 4
1141 11 7 5
1142 13 2 4
1143 11 -5 -1
1144 4 -5 2
1145 5 -5 4
1146 9 -7 5
1147 11 -6 3
1148 10 -7 1
1149 9 -8 1
1150 8 -8 2
1151 7 -8 3
1152 6 -8 3
1153 6 -7 3
1154 7 -7 2
1155 8 -6 3
1156 7 -5 3
1157 7 -5 4
1158 7 -4 6
1159 6 -2 6
1160 5 -1 6
1161 5 1 5
1162 7 3 3
1163 8 4 -1
1164 7 3 -3
1165 8 3 -2
1166 7 4 -1
1167 3 3 -2
1168 -1 1 -3
1169 -1 2 -2
1170 -1 2 -2
1171 -4 -1 -3
1172 -7 1 -2
1173 -11 2 0
1174 -13 -1 3
1175 -14 -1 6
1176 -13 1 6
1177 -12 3 6
1178 -13 5 10
1179 -14 4 10
1180 -13 6 7
1181 -13 7 7
1182 -13 6 7
1183 -14 6 5
1184 -13 6 1
1185 -12 6 1
1186 -11 6 1
1187 -11 7 1
1188 -10 7 0
1189 -9 8 0
1190 -8 10 -1
1191 -8 10 -2
1192 -9 9 -3
1193 -9 9 -2
1194 -8 9 0
1195 -7 10 1
1196 -6 11 -1
1197 -5 11 -1
1198 -5 11 2
1199 -5 11 2
1200 -5 11 2
1201 -5 11 2
1202 -6 11 2
1203 -7 11 2
1204 -7 11 2
1205 -7 11 1
1206 -5 13 1
1207 -4 12 1
1208 -5 11 0
1209 -4 10 -1
1210 -2 10 1
1211 -3 9 2
1212 -3 9 2
1213 -3 10 5
1214 -2 10 4
1215 -3 10 4
1216 -5 8 3
1217 -5 9 3
1218 -5 10 3
1219 -4 10 2
1220 -4 10 2
1221 -4 11 2
1222 -5 12 2
1223 -5 13 4
1224 -5 13 4
1225 -6 12 4
1226 -6 11 3
1227 -6 11 2
1228 -5 11 1
1229 -4 11 1
1230 -4 11 1
1231 -5 11 2
1232 -5 11 2
1233 -5 11 2
1234 -5 11 2
1235 -6 11 3
1236 -6 11 3
1237 -6 10 3
1238 -6 10 3
1239 -6 10 3
1240 -6 9 3
1241 -6 9 3
1242 -6 8 3
1243 -5 7 3
1244 -5 7 3
1245 -4 6 2
1246 -4 6 2
1247 -4 6 2
1248 -4 5 2
1249 -4 5 2
1250 -4 4 2
1251 -4 4 2
1252 -5 5 2
1253 -5 5 2
1254 -6 5 4
1255 -7 5 5
1256 -8 5 5
1257 -7 5 6
1258 -6 5 5
1259 -6 5 4
1260 -7 4 5
1261 -7 4 5
1262 -7 5 5
1263 -7 5 5
1264 -7 5 6
1265 -7 5 6
1266 -7 5 7
1267 -7 5 7
1268 -9 5 7
1269 -11 4 9
1270 -13 4 11
1271 -13 4 11
1272 -14 4 11
1273 -14 4 11
1274 -13 4 11
1275 -12 5 9
1276 -11 5 8
1277 -9 6 7
1278 -7 6 6
1279 -5 5 4
1280 -4 4 3
1281 -2 3 1
1282 -1 3 -2
1283 1 2 -4
1284 2 1 -4
1285 3 1 -5
1286 3 2 -5
1287 2 2 -3
1288 2 3 -2
1289 -2 4 1
1290 -5 5 3
1291 -7 6 6
1292 -10 6 9
1293 -12 7 11
1294 -13 8 13
1295 -15 7 14
1296 -15 6 15
1297 -16 5 14
1298 -16 5 13
1299 -15 4 12
1300 -14 4 11
1301 -13 5 10
1302 -12 5 8
1303 -11 5 6
1304 -11 5 5
1305 -9 4 4
1306 -7 4 3
1307 -5 4 2
1308 -3 3 1
1309 0 2 0
1310 1 2 -1
1311 2 1 -1
1312 2 1 -1
1313 2 0 -1
1314 2 0 -1
1315 1 1 -1
1316 -1 2 -1
1317 -3 2 0
1318 -4 4 1
1319 -5 5 3
1320 -9 5 6
1321 -12 6 8
1322 -15 7 11
1323 -16 6 13
1324 -16 4 12
1325 -14 2 10
1326 -13 2 8
1327 -12 3 8
1328 -10 4 8
1329 -9 4 7
1330 -8 5 7
1331 -7 5 6
1332 -7 5 6
1333 -8 5 5
1334 -8 5 6
1335 -7 5 6
1336 -6 6 7
1337 -6 6 7
1338 -6 6 7
1339 -7 5 6
1340 -6 5 7
1341 -5 5 8
1342 -6 4 7
1343 -7 4 7
1344 -7 4 7
1345 -7 4 6
1346 -8 3 6
1347 -8 3 6
1348 -8 4 5
1349 -8 4 6
1350 -8 4 6
1351 -8 4 6
1352 -8 4 7
1353 -8 4 7
1354 -8 4 7
1355 -7 4 7
1356 -7 4 7
1357 -6 4 7
1358 -6 4 7
1359 -6 4 7
1360 -6 4 7
1361 -6 4 7
1362 -6 4 7
1363 -6 4 7
1364 -6 5 8
1365 -6 5 8
1366 -6 5 8
1367 -7 5 8
1368 -7 5 7
1369 -7 5 7
1370 -7 5 7
1371 -7 5 7
1372 -8 5 7
1373 -8 5 6
1374 -8 5 6
1375 -7 5 6
1376 -7 5 6
1377 -6 6 6
1378 -7 6 7
1379 -7 6 8
1380 -6 6 7
1381 -6 5 7
1382 -6 5 6
1383 -6 5 6
1384 -6 5 6
1385 -6 5 6
1386 -6 6 6
1387 -6 6 7
1388 -6 5 7
1389 -6 4 7
1390 -6 3 6
1391 -6 3 7
1392 -6 3 9
1393 -6 4 10
1394 -6 4 10
1395 -7 4 10
1396 -7 3 9
1397 -6 3 8
1398 -6 3 7
1399 -6 3 8
1400 -6 3 8
1401 -5 3 8
1402 -5 3 8
1403 -5 3 8
1404 -5 4 8
1405 -5 4 8
1406 -6 4 8
1407 -7 5 8
1408 -6 5 8
1409 -6 5 8
1410 -6 5 7
1411 -6 5 8
1412 -6 5 8
1413 -6 5 8
1414 -6 5 8
1415 -6 5 8
1416 -7 5 7
1417 -7 5 7
1418 -6 6 7
1419 -6 6 7
1420 -6 6 7
1421 -6 6 6
1422 -7 6 6
1423 -7 6 6
1424 -7 7 6
1425 -7 7 6
1426 -7 6 6
1427 -7 6 5
1428 -7 6 5
1429 -7 6 5
1430 -7 5 6
1431 -6 5 5
1432 -6 4 5
1433 -7 5 6
1434 -7 5 5
1435 -8 5 5
1436 -8 5 5
1437 -8 6 6
1438 -7 6 7
1439 -7 6 7
1440 -7 6 6
1441 -7 5 6
1442 -7 5 7
1443 -7 5 7
1444 -6 5 7
1445 -6 4 7
1446 -7 4 7
1447 -8 4 8
1448 -8 4 9
1449 -7 4 9
1450 -7 4 8
1451 -8 4 8
1452 -8 3 8
1453 -8 3 8
1454 -8 3 8
1455 -9 3 8
1456 -9 3 8
1457 -8 2 8
1458 -8 2 6
1459 -8 1 6
1460 -8 0 6
1461 -8 -1 6
1462 -7 -1 6
1463 -8 -1 6
1464 -8 -1 6
1465 -8 -2 5
1466 -7 -2 4
1467 -8 -2 3
1468 -8 -3 3
1469 -8 -3 3
1470 -7 -4 3
1471 -6 -4 3
1472 -7 -3 3
1473 -9 -2 5
1474 -11 -2 6
1475 -11 -2 5
1476 -11 -3 3
1477 -11 -3 3
1478 -9 -4 4
1479 -8 -4 4
1480 -8 -5 4
1481 -9 -4 7
1482 -10 -3 7
1483 -10 -4 6
1484 -9 -4 5
1485 -7 -3 5
1486 -6 -2 4
1487 -7 -2 4
1488 -9 -1 4
1489 -9 2 4
1490 -9 3 3
1491 -8 4 3
1492 -8 4 2
1493 -9 4 2
1494 -10 4 2
1495 -11 3 3
1496 -10 3 3
1497 -10 3 5
1498 -10 4 5
1499 -10 5 6
1500 -8 5 6
1501 -6 5 6
1502 -7 5 5
1503 -7 5 6
1504 -6 5 6
1505 -7 4 5
1506 -8 4 4
1507 -8 3 5
1508 -7 4 5
1509 -7 4 5
1510 -7 4 5
1511 -7 3 4
1512 -7 3 4
1513 -7 3 5
1514 -7 4 6
1515 -7 4 6
1516 -8 5 7
1517 -9 5 8
1518 -8 5 8
1519 -8 5 8
1520 -9 4 8
1521 -9 4 9
1522 -9 3 8
1523 -8 2 8
1524 -9 2 7
1525 -9 2 7
1526 -8 2 7
1527 -8 2 7
1528 -8 2 7
1529 -8 2 7
1530 -7 2 9
1531 -6 3 10
1532 -6 3 9
1533 -7 2 8
1534 -8 2 10
1535 -8 3 11
1536 -8 2 9
1537 -8 2 8
1538 -7 2 8
1539 -6 2 8
1540 -7 2 8
1541 -8 3 9
1542 -7 3 9
1543 -6 4 8
1544 -6 4 8
1545 -6 4 8
1546 -6 4 8
1547 -6 4 7
1548 -6 4 6
1549 -6 4 6
1550 -7 4 6
1551 -7 4 7
1552 -7 3 7
1553 -7 3 7
1554 -7 3 7
1555 -7 3 7
1556 -7 3 7
1557 -7 2 7
1558 -7 2 7
1559 -7 2 7
1560 -7 2 7
1561 -7 3 7
1562 -8 3 8
1563 -8 2 7
1564 -8 1 6
1565 -7 1 7
1566 -7 0 9
1567 -7 1 9
1568 -7 1 8
1569 -7 1 8
1570 -7 1 7
1571 -7 0 7
1572 -7 1 8
1573 -7 2 8
1574 -8 2 9
1575 -9 3 10
1576 -9 3 10
1577 -8 3 9
1578 -7 2 7
1579 -6 1 6
1580 -6 1 6
1581 -5 1 7
1582 -5 0 8
1583 -4 -1 8
1584 -4 -1 8
1585 -5 -2 9
1586 -6 -2 10
1587 -7 -1 11
1588 -7 -1 11
1589 -7 -2 11
1590 -7 -2 10
1591 -6 -1 9
1592 -6 0 9
1593 -7 -1 8
1594 -7 0 7
1595 -6 0 7
1596 -6 1 8
1597 -7 1 8
1598 -7 1 8
1599 -6 1 8
1600 -7 1 8
1601 -7 1 8
1602 -7 1 8
1603 -7 1 8
1604 -7 1 8
1605 -7 1 8
1606 -7 1 8
1607 -7 1 8
1608 -7 1 8
1609 -7 0 8
1610 -7 0 8
1611 -7 0 8
1612 -7 0 7
1613 -7 0 8
1614 -7 0 7
1615 -7 -1 7
1616 -7 -1 7
1617 -7 -1 7
1618 -8 -1 8
1619 -8 -1 7
1620 -8 -1 7
1621 -7 -2 7
1622 -8 -2 7
1623 -8 -2 7
1624 -8 -2 7
1625 -8 -2 8
1626 -8 -1 9
1627 -8 -1 9
1628 -7 -1 8
1629 -7 -2 7
1630 -7 -1 7
1631 -7 -1 7
1632 -7 -1 7
1633 -7 -2 7
1634 -8 -2 7
1635 -8 -2 7
1636 -8 -2 7
1637 -8 -2 7
1638 -7 -2 7
1639 -7 -2 7
1640 -7 -3 7
1641 -7 -3 8
1642 -6 -2 8
1643 -6 -2 8
1644 -6 -1 8
1645 -6 -1 8
1646 -6 1 8
1647 -7 1 9
1648 -7 2 9
1649 -8 2 8
1650 -9 2 8
1651 -10 3 9
1652 -10 4 10
1653 -9 4 11
1654 -9 5 10
1655 -9 4 9
1656 -9 4 8
1657 -9 4 8
1658 -9 4 8
1659 -8 4 7
1660 -9 4 7
1661 -9 5 8
1662 -9 5 9
1663 -8 4 8
1664 -7 4 6
1665 -7 3 5
1666 -8 2 3
1667 -8 2 4
1668 -8 3 4
1669 -7 3 4
1670 -6 3 4
1671 -7 3 4
1672 -7 3 4
1673 -6 3 4
1674 -7 3 4
1675 -7 3 4
1676 -6 3 5
1677 -7 3 5
1678 -8 3 5
1679 -8 3 6
1680 -7 3 6
1681 -6 3 6
1682 -6 3 6
1683 -6 3 6
1684 -7 3 7
1685 -6 3 8
1686 -7 4 9
1687 -9 5 10
1688 -7 6 11
1689 -6 6 11
1690 -5 5 9
1691 -5 4 7
1692 -6 3 6
1693 -6 4 6
1694 -6 4 7
1695 -6 4 8
1696 -5 5 10
1697 -4 5 10
1698 -3 4 10
1699 -3 4 10
1700 -3 4 9
1701 -3 3 9
1702 -3 3 9
1703 -2 3 9
1704 -3 3 9
1705 -3 3 9
1706 -4 4 10
1707 -4 4 10
1708 -4 3 9
1709 -4 2 9
1710 -5 2 9
1711 -5 2 10
1712 -6 2 10
1713 -5 3 11
1714 -6 3 9
1715 -8 2 4
1716 -9 2 4
1717 -10 3 5
1718 -11 3 6
1719 -11 3 6
1720 -11 3 8
1721 -11 3 11
1722 -11 3 12
1723 -10 3 12
1724 -10 3 13
1725 -10 3 13
1726 -9 3 13
1727 -7 3 13
1728 -5 4 13
1729 -4 4 13
1730 -2 4 12
1731 -1 4 11
1732 1 4 10
1733 1 3 9
1734 1 3 8
1735 1 3 6
1736 -1 3 4
1737 -3 2 2
1738 -4 2 1
1739 -5 2 -2
1740 -6 2 -3
1741 -8 2 -3
1742 -11 1 -4
1743 -12 1 -3
1744 -12 1 -1
1745 -12 2 2
1746 -12 2 4
1747 -12 3 5
1748 -12 3 7
1749 -12 3 8
1750 -11 4 10
1751 -11 4 11
1752 -9 4 11
1753 -8 4 11
1754 -7 4 12
1755 -7 4 12
1756 -6 4 11
1757 -6 4 10
1758 -6 3 9
1759 -7 3 7
1760 -7 3 6
1761 -7 4 8
1762 -7 4 8
1763 -9 3 6
1764 -9 3 6
1765 -8 3 6
1766 -7 2 6
1767 -7 2 6
1768 -7 2 5
1769 -6 3 6
1770 -5 3 7
1771 -4 4 8
1772 -5 4 8
1773 -8 3 7
1774 -9 3 7
1775 -8 3 8
1776 -8 3 8
1777 -8 3 8
1778 -8 3 7
1779 -7 3 7
1780 -7 3 8
1781 -7 3 8
1782 -7 3 8
1783 -7 3 7
1784 -6 3 7
1785 -6 3 7
1786 -6 3 7
1787 -6 3 7
1788 -6 3 8
1789 -6 3 8
1790 -6 3 8
1791 -6 3 8
1792 -6 3 8
1793 -6 3 8
1794 -6 3 8
1795 -6 3 8
1796 -6 3 8
1797 -6 3 8
1798 -6 3 8
1799 -6 3 8
1800 -6 3 8
1801 -6 3 8
1802 -6 3 8
1803 -6 3 8
1804 -6 3 8
1805 -6 3 8
1806 -6 3 8
1807 -6 3 8
1808 -6 3 8
1809 -6 4 8
1810 -6 4 8
1811 -6 4 8
1812 -6 4 8
1813 -6 4 8
1814 -6 3 8
1815 -5 3 8
1816 -5 3 8
1817 -5 3 8
1818 -5 3 8
1819 -5 4 8
1820 -6 4 8
1821 -6 4 7
1822 -7 4 6
1823 -6 4 6
1824 -6 4 6
1825 -6 5 6
1826 -6 6 7
1827 -6 6 7
1828 -6 6 7
1829 -6 5 6
1830 -7 5 7
1831 -8 5 8
1832 -8 5 6
1833 -7 5 5
1834 -6 5 5
1835 -5 4 5
1836 -6 5 6
1837 -6 5 8
1838 -7 6 9
1839 -8 5 9
1840 -8 5 8
1841 -7 4 7
1842 -7 4 7
1843 -7 4 7
1844 -7 4 7
1845 -7 4 8
1846 -7 4 8
1847 -7 4 9
1848 -7 4 9
1849 -6 4 7
1850 -6 3 7
1851 -5 3 6
1852 -5 4 6
1853 -5 4 6
1854 -5 4 6
1855 -5 4 6
1856 -5 3 6
1857 -5 3 7
1858 -6 4 7
1859 -6 4 6
1860 -7 4 6
1861 -6 4 6
1862 -7 4 6
1863 -8 4 7
1864 -8 4 7
1865 -8 5 7
1866 -8 5 8
1867 -9 4 8
1868 -8 4 7
1869 -8 4 6
1870 -8 4 6
1871 -8 4 7
1872 -8 4 6
1873 -8 4 5
1874 -8 4 5
1875 -9 4 7
1876 -9 4 8
1877 -10 3 8
1878 -11 3 6
1879 -11 3 6
1880 -10 4 8
1881 -11 4 8
1882 -11 3 7
1883 -10 2 7
1884 -10 2 7
1885 -10 2 7
1886 -11 2 8
1887 -10 3 10
1888 -8 4 11
1889 -7 2 6
1890 -6 -3 -1
1891 -5 -6 0
1892 -4 -6 3
1893 -6 -7 3
1894 -7 -8 3
1895 -7 -7 4
1896 -7 -7 4
1897 -7 -7 4
1898 -6 -7 4
1899 -6 -6 5
1900 -6 -6 6
1901 -6 -5 7
1902 -7 -4 8
1903 -7 -4 7
1904 -9 -4 6
1905 -10 -3 7
1906 -9 -2 7
1907 -9 -2 6
1908 -9 -2 5
1909 -9 -2 6
1910 -8 -2 5
1911 -8 -3 4
1912 -7 -4 3
1913 -7 -5 3
1914 -9 -5 5
1915 -8 -4 7
1916 -7 -4 7
1917 -9 -3 7
1918 -10 -4 7
1919 -8 -4 7
1920 -8 -5 5
1921 -8 -7 5
1922 -7 -7 7
1923 -5 -6 8
1924 -6 -7 8
1925 -8 -7 8
1926 -8 -7 7
1927 -7 -7 7
1928 -7 -7 9
1929 -5 -6 9
1930 -4 -6 9
1931 -5 -5 10
1932 -6 -5 9
1933 -6 -6 8
1934 -5 -6 7
1935 -3 -7 8
1936 -3 -7 9
1937 -3 -8 6
1938 -4 -9 5
1939 -4 -8 5
1940 -4 -8 7
1941 -5 -7 7
1942 -5 -6 7
1943 -4 -6 7
1944 -4 -5 8
1945 -4 -5 8
1946 -3 -8 5
1947 -2 -11 -1
1948 -2 -11 -4
1949 -3 -9 -1
1950 -5 -7 4
1951 -8 -6 5
1952 -8 -4 4
1953 -7 -4 6
1954 -6 -5 7
1955 -5 -6 4
1956 -5 -5 2
1957 -7 -4 3
1958 -9 -4 5
1959 -9 -3 6
1960 -9 -2 5
1961 -11 -2 7
1962 -11 -3 9
1963 -11 -3 9
1964 -10 -2 8
1965 -10 -1 7
1966 -10 -2 7
1967 -8 -1 8
1968 -6 2 7
1969 -5 1 7
1970 -7 1 6
1971 -15 -2 11
1972 -14 2 11
1973 -7 2 7
1974 -6 1 6
1975 -6 -2 5
1976 -6 -1 7
1977 -5 1 10
1978 -4 2 11
1979 -3 2 11
1980 -4 1 10
1981 -5 -1 9
1982 -6 -1 9
1983 -6 -1 10
1984 -6 0 9
1985 -5 1 9
1986 -4 1 10
1987 -4 2 10
1988 -5 2 9
1989 -6 2 9
1990 -6 3 9
1991 -5 2 10
1992 -6 1 9
1993 -7 1 9
1994 -7 1 10
1995 -6 1 10
1996 -4 -1 9
1997 -5 -1 8
1998 -7 -2 8
1999 -8 -1 7
2000 -8 -1 6
2001 -10 -3 4
2002 -10 -3 4
2003 -9 -2 5
2004 -9 -2 5
2005 -9 -1 5
2006 -9 -1 6
2007 -8 -1 7
2008 -7 -1 8
2009 -7 -2 8
2010 -6 -2 8
2011 -5 -1 10
2012 -6 0 10
2013 -6 0 9
2014 -6 -1 9
2015 -6 -2 9
2016 -6 -1 8
2017 -8 1 8
2018 -6 -1 8
2019 -6 1 9
2020 -8 1 8
2021 -8 -2 6
2022 -7 -3 6
2023 -6 -1 8
2024 -7 -1 8
2025 -9 -2 6
2026 -9 -1 6
2027 -6 -2 8
2028 -4 -2 10
2029 -4 -2 10
2030 -4 -2 9
2031 -6 -2 9
2032 -8 -1 11
2033 -11 -1 12
2034 -11 0 13
2035 -11 1 13
2036 -10 0 12
2037 -9 -1 11
2038 -8 -1 11
2039 -7 -1 11
2040 -7 -2 11
2041 -8 -3 11
2042 -7 -3 11
2043 -7 -2 9
2044 -7 -2 9
2045 -6 -2 8
2046 -6 -1 6
2047 -5 -1 5
2048 -4 -1 5
2049 -4 -1 4
2050 -5 -1 4
2051 -5 0 4
2052 -7 1 5
2053 -7 1 5
2054 -7 1 4
2055 -9 1 1
2056 -9 1 -1
2057 -8 -1 -2
2058 -8 -1 -4
2059 -9 -2 -5
2060 -9 -1 -5
2061 -10 -1 -4
2062 -11 1 -2
2063 -11 1 -2
2064 -11 0 -3
2065 -10 -1 -2
2066 -9 -2 -2
2067 -9 -2 -4
2068 -10 -1 -4
2069 -10 0 -3
2070 -10 1 -3
2071 -11 1 -3
2072 -10 1 -5
2073 -9 1 -5
2074 -9 2 -4
2075 -8 3 -4
2076 -7 2 -5
2077 -7 2 -4
2078 -7 2 -4
2079 -8 2 -5
2080 -9 2 -3
2081 -9 2 -1
2082 -10 3 -1
2083 -10 4 1
2084 -10 4 1
2085 -11 4 -1
2086 -11 5 -1
2087 -10 5 2
2088 -9 6 3
2089 -9 7 3
2090 -9 9 3
2091 -10 9 3
2092 -11 9 4
2093 -11 10 3
2094 -12 10 4
2095 -12 10 6
2096 -11 10 6
2097 -11 8 5
2098 -11 7 3
2099 -10 6 4
2100 -10 6 5
2101 -10 6 6
2102 -9 5 5
2103 -9 4 5
2104 -10 5 6
2105 -11 5 7
2106 -9 4 7
2107 -8 4 6
2108 -9 4 7
2109 -8 4 7
2110 -7 4 7
2111 -7 3 5
2112 -6 3 4
2113 -6 3 4
2114 -6 3 5
2115 -5 3 6
2116 -4 4 6
2117 -4 4 5
2118 -5 3 5
2119 -6 3 6
2120 -6 3 7
2121 -4 3 6
2122 -3 2 6
2123 -4 2 7
2124 -3 2 7
2125 -3 2 7
2126 -4 2 8
2127 -4 2 8
2128 -5 2 8
2129 -6 3 9
2130 -6 3 10
2131 -6 3 10
2132 -6 2 9
2133 -6 2 8
2134 -6 2 9
2135 -6 2 9
2136 -6 2 9
2137 -6 2 8
2138 -6 2 9
2139 -6 2 9
2140 -6 2 8
2141 -6 2 8
2142 -6 1 8
2143 -6 1 9
2144 -7 1 9
2145 -8 0 9
2146 -8 1 10
2147 -9 1 9
2148 -10 2 9
2149 -10 2 9
2150 -9 2 9
2151 -9 2 7
2152 -9 2 6
2153 -9 2 6
2154 -8 2 6
2155 -7 2 6
2156 -6 2 6
2157 -5 2 5
2158 -5 2 5
2159 -5 1 6
2160 -7 0 5
2161 -9 -1 4
2162 -11 -1 4
2163 -12 -2 4
2164 -13 -2 2
2165 -13 -2 1
2166 -13 -2 0
2167 -12 -1 1
2168 -11 -1 2
2169 -10 1 3
2170 -9 1 6
2171 -7 3 10
2172 -5 4 12
2173 -2 4 12
2174 -1 4 11
2175 1 4 12
2176 2 4 12
2177 3 4 11
2178 2 4 10
2179 -1 5 9
2180 -5 5 9
2181 -8 5 9
2182 -11 5 8
2183 -12 4 6
2184 -13 4 5
2185 -15 3 2
2186 -15 2 -2
2187 -15 2 -3
2188 -15 2 -3
2189 -14 2 -4
2190 -14 2 -4
2191 -12 4 -3
2192 -11 5 -1
2193 -11 6 0
2194 -11 6 1
2195 -10 6 3
2196 -10 7 5
2197 -10 7 8
2198 -9 7 9
2199 -7 7 10
2200 -6 7 11
2201 -5 6 10
2202 -5 5 10
2203 -6 5 8
2204 -7 4 7
2205 -7 4 7
2206 -6 4 8
2207 -8 4 6
2208 -8 3 6
2209 -8 4 6
2210 -8 5 6
2211 -7 5 6
2212 -7 6 7
2213 -6 6 8
2214 -6 5 8
2215 -6 4 7
2216 -7 3 7
2217 -7 3 7
2218 -7 3 8
2219 -8 4 9
2220 -9 4 9
2221 -10 4 8
2222 -10 4 8
2223 -10 4 7
2224 -9 4 6
2225 -8 4 6
2226 -7 4 6
2227 -7 4 6
2228 -7 3 6
2229 -6 3 6
2230 -6 3 7
2231 -6 3 7
2232 -6 3 8
2233 -6 4 8
2234 -6 4 8
2235 -6 4 8
2236 -6 4 7
2237 -6 4 7
2238 -6 4 8
2239 -6 4 8
2240 -6 4 8
2241 -7 4 8
2242 -7 4 8
2243 -6 4 8
2244 -6 4 7
2245 -5 4 8
2246 -5 4 9
2247 -5 4 9
2248 -5 5 9
2249 -5 5 9
2250 -5 5 9
2251 -5 5 8
2252 -5 5 8
2253 -5 5 8
2254 -5 6 8
2255 -5 6 8
2256 -4 5 8
2257 -4 4 8
2258 -4 4 8
2259 -5 3 8
2260 -5 3 9
2261 -6 3 9
2262 -6 4 9
2263 -7 4 10
2264 -6 4 10
2265 -6 3 9
2266 -6 3 8
2267 -6 3 8
2268 -6 3 9
2269 -6 3 9
2270 -6 3 9
2271 -6 2 8
2272 -6 2 8
2273 -6 2 8
2274 -6 2 8
2275 -5 2 8
2276 -5 3 8
2277 -6 3 8
2278 -6 3 8
2279 -6 2 8
2280 -6 2 8
2281 -6 2 9
2282 -6 2 9
2283 -7 2 9
2284 -6 2 10
2285 -6 2 9
2286 -6 2 9
2287 -7 2 8
2288 -7 3 7
2289 -8 3 7
2290 -9 4 7
2291 -10 4 7
2292 -10 4 6
2293 -10 4 5
2294 -10 4 5
2295 -9 3 8
2296 -9 3 9
2297 -9 3 8
2298 -10 3 8
2299 -9 3 9
2300 -6 2 8
2301 -6 2 7
2302 -5 2 7
2303 -5 2 7
2304 -4 2 7
2305 -3 2 8
2306 -3 2 8
2307 -3 1 7
2308 -3 -1 6
2309 -3 -2 6
2310 -3 -2 7
2311 -4 -2 8
2312 -5 -2 8
2313 -6 -1 7
2314 -7 0 8
2315 -8 0 9
2316 -9 1 9
2317 -10 2 10
2318 -11 2 11
2319 -11 3 11
2320 -10 4 10
2321 -10 4 10
2322 -10 3 10
2323 -9 3 10
2324 -7 3 9
2325 -6 3 10
2326 -7 3 9
2327 -7 3 9
2328 -7 3 9
2329 -6 3 8
2330 -6 4 8
2331 -6 5 8
2332 -6 5 7
2333 -7 4 6
2334 -7 3 8
2335 -5 1 7
2336 -6 -1 6
2337 -7 -1 6
2338 -7 1 7
2339 -7 3 6
2340 -7 4 6
2341 -8 5 7
2342 -9 5 8
2343 -9 4 7
2344 -8 2 4
2345 -6 2 3
2346 -5 2 4
2347 -5 1 5
2348 -5 1 5
2349 -4 -1 4
2350 -4 -1 5
2351 -5 -1 5
2352 -6 -1 6
2353 -6 -1 7
2354 -6 1 8
2355 -6 1 9
2356 -6 2 9
2357 -6 3 9
2358 -7 4 9
2359 -8 4 10
2360 -8 4 9
2361 -9 4 8
2362 -9 4 7
2363 -9 3 7
2364 -8 3 8
2365 -8 3 9
2366 -7 4 9
2367 -7 4 8
2368 -7 4 7
2369 -8 3 7
2370 -7 4 8
2371 -7 4 8
2372 -8 4 7
2373 -8 3 5
2374 -8 3 4
2375 -8 2 4
2376 -8 3 5
2377 -7 3 6
2378 -6 2 5
2379 -6 2 5
2380 -6 2 5
2381 -7 2 6
2382 -8 2 8
2383 -8 2 9
2384 -8 2 10
2385 -8 1 9
2386 -7 1 8
2387 -7 0 7
2388 -7 0 7
2389 -7 1 7
2390 -7 1 7
2391 -7 2 8
2392 -7 2 7
2393 -6 2 7
2394 -7 2 6
2395 -7 2 6
2396 -7 2 6
2397 -7 2 6
2398 -6 2 6
2399 -6 2 7
2400 -6 2 6
2401 -6 2 5
2402 -6 2 4
2403 -6 2 4
2404 -5 2 4
2405 -5 2 5
2406 -4 2 7
2407 -6 2 11
2408 -10 3 12
2409 -11 5 13
2410 -11 4 13
2411 -10 3 12
2412 -8 3 11
2413 -8 2 10
2414 -8 2 10
2415 -6 1 10
2416 -5 1 8
2417 -5 1 7
2418 -5 -1 7
2419 -4 -1 7
2420 -4 0 8
2421 -6 1 10
2422 -8 1 11
2423 -8 1 12
2424 -7 1 11
2425 -7 -1 11
2426 -6 -2 9
2427 -6 -3 10
2428 -6 -2 11
2429 -7 -2 11
2430 -9 1 11
2431 -11 3 11
2432 -9 3 11
2433 -7 3 9
2434 -7 2 6
2435 -7 2 5
2436 -7 1 5
2437 -6 1 4
2438 -5 0 3
2439 -4 0 3
2440 -4 -1 4
2441 -4 -1 5
2442 -5 -1 6
2443 -6 -1 7
2444 -6 -2 5
2445 -6 -2 3
2446 -6 -1 3
2447 -5 1 2
2448 -5 2 -1
2449 -7 2 2
2450 -8 3 6
2451 -8 3 10
2452 -10 2 10
2453 -11 1 10
2454 -12 -1 10
2455 -13 -2 8
2456 -13 -1 7
2457 -13 1 8
2458 -14 1 9
2459 -15 1 8
2460 -14 2 8
2461 -14 3 8
2462 -13 5 8
2463 -11 7 8
2464 -8 8 9
2465 -4 8 9
2466 -3 7 8
2467 -2 5 8
2468 -1 4 8
2469 1 3 9
2470 2 2 9
2471 3 2 10
2472 3 1 11
2473 2 1 12
2474 0 1 12
2475 -4 0 12
2476 -6 -1 11
2477 -8 1 11
2478 -9 2 10
2479 -10 2 9
2480 -11 2 8
2481 -11 2 6
2482 -11 1 5
2483 -11 0 4
2484 -11 -1 3
2485 -11 -1 3
2486 -12 -2 3
2487 -11 -2 4
2488 -9 -2 5
2489 -8 -1 6
2490 -7 -1 6
2491 -7 -1 5
2492 -7 1 6
2493 -6 2 7
2494 -5 3 7
2495 -6 2 6
2496 -5 1 6
2497 -4 1 7
2498 -4 -1 8
2499 -5 -2 9
2500 -6 -2 10
2501 -5 -1 11
2502 -4 -1 12
2503 -4 -1 12
2504 -5 -1 12
2505 -5 -1 11
2506 -4 1 11
2507 -5 2 12
2508 -5 3 12
2509 -5 3 12
2510 -4 3 11
2511 -5 3 10
2512 -4 2 9
2513 -4 2 8
2514 -4 2 8
2515 -4 2 7
2516 -5 2 7
2517 -5 2 8
2518 -5 2 8
2519 -5 2 8
2520 -5 2 8
2521 -5 2 8
2522 -5 2 9
2523 -5 2 9
2524 -5 2 9
2525 -5 2 9
2526 -6 2 9
2527 -6 2 9
2528 -6 2 9
2529 -6 2 9
2530 -6 2 9
2531 -5 2 9
2532 -5 2 8
2533 -5 2 8
2534 -4 2 8
2535 -3 2 7
2536 -4 1 6
2537 -7 2 10
2538 -10 -1 11
2539 -11 -3 10
2540 -12 -4 11
2541 -14 -5 11
2542 -14 -4 12
2543 -14 -5 11
2544 -13 -5 8
2545 -12 -5 6
2546 -12 -6 4
2547 -11 -7 2
2548 -9 -8 2
2549 -7 -8 1
2550 -7 -9 -2
2551 -6 -9 -2
2552 -4 -8 -1
2553 -2 -7 1
2554 1 -5 1
2555 2 -5 -2
2556 3 -4 -2
2557 5 -2 1
2558 7 1 2
2559 8 2 1
2560 8 2 1
2561 8 2 2
2562 8 3 2
2563 9 3 2
2564 8 4 3
2565 8 5 4
2566 8 5 4
2567 7 6 4
2568 7 7 5
2569 6 7 5
2570 6 8 4
2571 5 9 5
2572 5 9 5
2573 4 9 5
2574 4 9 5
2575 4 9 4
2576 4 9 4
2577 4 9 4
2578 4 9 4
2579 4 9 4
2580 3 9 4
2581 3 9 5
2582 3 10 4
2583 3 10 4
2584 3 10 4
2585 3 10 4
2586 3 10 4
2587 3 10 4
2588 3 10 4
2589 3 10 4
2590 3 10 4
2591 3 10 4
2592 3 10 4
2593 3 9 4
2594 3 9 4
2595 3 10 4
2596 3 10 4
2597 3 10 4
2598 3 11 4
2599 3 11 4
2600 3 12 4
2601 3 11 4
2602 3 11 3
2603 3 10 3
2604 3 9 3
2605 4 6 2
2606 5 5 2
2607 5 4 4
2608 5 1 2
2609 5 -2 1
2610 4 -2 2
2611 2 -3 3
2612 -1 -6 -1
2613 -2 -6 -2
2614 -5 -6 -1
2615 -9 -6 -1
2616 -11 -7 -1
2617 -11 -7 2
2618 -11 -6 3
2619 -11 -6 4
2620 -11 -6 5
2621 -12 -6 6
2622 -12 -5 6
2623 -11 -3 7
2624 -11 -2 9
2625 -12 -2 11
2626 -11 -3 10
2627 -11 -4 10
2628 -12 -5 11
2629 -11 -4 12
2630 -11 -3 12
2631 -11 -4 12
2632 -11 -4 11
2633 -11 -4 9
2634 -10 -3 9
2635 -9 -2 8
2636 -8 -1 7
2637 -8 -1 7
2638 -7 -1 7
2639 -6 -1 6
2640 -6 0 5
2641 -6 -1 5
2642 -5 -1 5
2643 -5 -1 5
2644 -4 -1 4
2645 -4 -1 4
2646 -4 0 3
2647 -2 2 3
2648 -1 4 2
2649 -3 5 4
2650 -6 5 5
2651 -9 4 6
2652 -11 4 7
2653 -11 3 8
2654 -12 2 7
2655 -14 1 7
2656 -14 -1 7
2657 -15 -1 7
2658 -15 -1 8
2659 -15 -1 8
2660 -15 1 8
2661 -14 1 8
2662 -13 2 7
2663 -12 3 7
2664 -11 4 7
2665 -9 5 7
2666 -7 5 5
2667 -4 5 4
2668 -1 4 3
2669 1 4 1
2670 2 3 -2
2671 2 2 -3
2672 2 2 -4
2673 1 2 -4
2674 -1 3 -4
2675 -2 4 -3
2676 -4 5 -2
2677 -7 5 -1
2678 -12 6 3
2679 -14 7 7
2680 -15 6 9
2681 -16 5 9
2682 -16 4 9
2683 -16 2 8
2684 -16 1 6
2685 -16 1 5
2686 -15 2 5
2687 -15 3 5
2688 -14 4 6
2689 -14 4 5
2690 -13 4 3
2691 -12 4 3
2692 -11 5 3
2693 -8 5 3
2694 -5 5 2
2695 -2 3 1
2696 -1 2 1
2697 -1 1 0
2698 -2 -2 -1
2699 -3 -2 -1
2700 -2 -2 1
2701 -3 -2 1
2702 -4 -2 1
2703 -5 -2 2
2704 -6 -2 2
2705 -7 -2 2
2706 -8 -2 3
2707 -7 -2 4
2708 -6 -2 5
2709 -6 -2 5
2710 -6 -2 6
2711 -5 -1 8
2712 -6 -1 10
2713 -6 1 11
2714 -5 3 11
2715 -8 4 12
2716 -12 3 12
2717 -12 2 12
2718 -11 2 11
2719 -10 2 11
2720 -10 2 11
2721 -10 1 8
2722 -9 2 7
2723 -7 3 8
2724 -7 3 8
2725 -8 3 7
2726 -7 2 6
2727 -6 3 6
2728 -6 3 6
2729 -6 3 6
2730 -6 3 7
2731 -6 3 7
2732 -6 3 7
2733 -6 3 7
2734 -6 3 8
2735 -6 3 8
2736 -6 2 7
2737 -5 2 6
2738 -5 4 7
2739 -6 6 8
2740 -8 6 9
2741 -8 5 8
2742 -6 5 7
2743 -5 5 7
2744 -3 5 5
2745 -2 6 4
2746 -3 6 7
2747 2 8 8
2748 -4 6 9
2749 -10 3 12
2750 -12 4 13
2751 -10 7 12
2752 -9 7 14
2753 -5 7 12
2754 -5 8 10
2755 -10 7 11
2756 -7 8 10
2757 -3 11 5
2758 2 12 -1
2759 9 12 2
2760 13 12 8
2761 11 11 12
2762 4 8 13
2763 6 7 11
2764 6 5 8
2765 3 3 6
2766 -1 1 6
2767 -1 -1 7
2768 1 -2 8
2769 2 -1 10
2770 2 -1 11
2771 2 -1 11
2772 2 -1 11
2773 2 -1 11
2774 2 -1 11
2775 2 -1 11
2776 2 -1 11
2777 2 -1 10
2778 2 -1 10
2779 1 -1 10
2780 2 -1 10
2781 2 -1 10
2782 1 -1 10
2783 1 -1 10
2784 1 -1 10
2785 2 -1 10
2786 2 -1 10
2787 3 -1 10
2788 3 -1 10
2789 2 -1 10
2790 2 -2 11
2791 2 -2 11
2792 2 -2 11
2793 3 -2 10
2794 3 -2 10
2795 5 -2 8
2796 6 -1 7
2797 4 1 11
2798 4 0 12
2799 2 -3 12
2800 1 -4 11
2801 -1 -5 10
2802 1 -5 8
2803 -1 -5 8
2804 -2 -7 10
2805 -1 -6 11
2806 1 -5 10
2807 -1 -5 8
2808 -1 -5 9
2809 2 -3 8
2810 3 -2 5
2811 1 -3 3
2812 -1 -5 6
2813 -3 -6 7
2814 -4 -7 4
2815 -6 -8 4
2816 -11 -10 4
2817 -11 -7 4
2818 -10 -6 4
2819 -9 -8 2
2820 -9 -8 3
2821 -8 -7 6
2822 -6 -5 9
2823 -4 -6 9
2824 -7 -7 9
2825 -5 -5 11
2826 -2 -4 11
2827 -2 -4 11
2828 -3 -3 12
2829 1 -3 11
2830 2 -3 9
2831 -1 -4 7
2832 -2 -4 10
2833 -2 -3 11
2834 -1 -4 11
2835 0 -3 11
2836 2 -3 11
2837 2 -4 10
2838 2 -5 10
2839 3 -5 9
2840 4 -5 9
2841 5 -4 9
2842 5 -4 10
2843 5 -3 11
2844 6 -2 11
2845 9 2 11
2846 11 4 10
2847 10 4 6
2848 7 4 3
