t x y z
0 1 -1 -1
1 1 -1 -2
2 1 -2 -1
3 2 -2 -1
4 3 -2 1
5 2 -2 2
6 2 -2 3
7 1 -1 4
8 2 0 6
9 2 1 7
10 0 1 10
11 -2 -1 12
12 -2 -1 15
13 -2 -1 16
14 -3 -2 16
15 -2 -2 15
16 1 -1 14
17 2 1 13
18 1 1 12
19 -1 0 12
20 -1 1 11
21 -1 1 10
22 -1 2 10
23 -1 2 10
24 -1 2 10
25 0 2 10
26 0 2 10
27 0 2 10
28 0 2 10
29 0 2 10
30 0 2 10
31 1 2 10
32 1 2 10
33 1 2 10
34 1 2 10
35 0 2 10
36 0 2 10
37 0 2 10
38 0 2 10
39 1 2 10
40 1 2 10
41 1 2 10
42 1 2 10
43 1 2 10
44 0 2 10
45 0 2 10
46 1 2 10
47 0 2 10
48 0 2 11
49 0 2 10
50 0 2 10
51 0 2 10
52 0 2 10
53 1 2 10
54 1 2 10
55 0 2 10
56 -1 2 10
57 -1 2 10
58 -2 2 11
59 -2 2 11
60 -2 2 10
61 -2 3 9
62 -2 3 9
63 -2 3 8
64 -2 3 9
65 -3 3 10
66 -4 3 11
67 -3 2 11
68 -3 2 10
69 -2 1 10
70 -2 1 9
71 -1 1 9
72 -1 2 10
73 -1 2 10
74 1 2 11
75 1 2 11
76 1 2 11
77 1 2 11
78 2 2 12
79 2 3 13
80 1 2 12
81 1 1 11
82 1 1 10
83 1 0 10
84 1 0 9
85 -1 -1 8
86 -1 -1 8
87 -1 -2 7
88 -1 -2 7
89 -1 -2 8
90 1 -2 10
91 1 -1 11
92 -1 1 12
93 -1 1 12
94 -1 1 11
95 -2 1 11
96 -3 1 11
97 -3 1 11
98 -2 1 12
99 -1 2 12
100 -2 1 11
101 -2 1 11
102 -1 1 10
103 -1 1 9
104 -1 -1 9
105 -1 -1 8
106 1 -1 8
107 1 -2 8
108 0 -2 9
109 1 -2 10
110 0 -2 11
111 0 -2 11
112 0 -2 11
113 1 -1 11
114 1 -1 11
115 2 -2 11
116 2 -1 11
117 2 0 11
118 3 2 12
119 3 3 12
120 3 3 11
121 2 2 11
122 -1 2 10
123 1 2 10
124 1 3 10
125 1 3 9
126 -1 3 8
127 -1 2 7
128 -2 1 7
129 -2 0 7
130 -2 -1 7
131 -2 -1 8
132 -2 -1 10
133 -2 -1 11
134 -2 -1 11
135 -2 1 11
136 -3 1 11
137 -4 1 11
138 -4 1 11
139 -3 2 12
140 -2 2 13
141 -1 2 12
142 -1 2 11
143 -1 2 11
144 -2 1 10
145 -1 0 8
146 -1 -1 8
147 1 -1 8
148 1 -1 8
149 1 -1 9
150 1 -1 9
151 1 -1 10
152 1 -1 11
153 1 0 11
154 2 0 11
155 2 1 11
156 2 1 11
157 3 2 12
158 3 3 12
159 3 3 12
160 2 3 11
161 2 3 11
162 2 3 11
163 2 2 9
164 2 2 8
165 2 2 7
166 1 1 7
167 1 1 6
168 0 1 7
169 -1 -1 7
170 -2 -1 9
171 -2 1 11
172 -2 1 12
173 -2 2 12
174 -2 2 12
175 -1 3 13
176 1 4 12
177 -2 4 12
178 -3 3 11
179 -2 3 11
180 -1 2 10
181 -1 2 8
182 -1 1 7
183 -1 -1 5
184 -2 -1 5
185 -2 -2 6
186 -1 -2 8
187 0 -2 10
188 1 -1 11
189 2 -1 11
190 2 1 12
191 2 1 12
192 3 2 12
193 3 3 12
194 3 3 12
195 2 3 12
196 2 3 12
197 1 3 11
198 1 3 11
199 1 2 7
200 0 2 5
201 0 1 6
202 -1 1 7
203 -1 1 8
204 -2 1 10
205 -3 2 11
206 -3 2 12
207 -3 2 11
208 -2 2 11
209 -2 2 11
210 -2 2 11
211 1 3 11
212 1 3 11
213 -1 3 11
214 -1 4 12
215 -1 3 11
216 -1 2 9
217 -1 1 7
218 -1 1 7
219 -1 1 7
220 -1 1 7
221 -1 1 8
222 -1 1 9
223 -1 1 10
224 -1 1 10
225 -1 1 10
226 -1 1 11
227 -1 1 11
228 -1 2 11
229 -1 3 12
230 0 4 13
231 -1 5 13
232 -2 5 12
233 -2 4 12
234 -1 3 11
235 -1 2 10
236 -1 1 8
237 -1 1 7
238 0 0 7
239 0 -1 7
240 -1 -2 7
241 0 -2 7
242 1 -2 8
243 2 -2 10
244 1 -2 11
245 1 -1 11
246 1 -1 11
247 1 -1 11
248 0 1 11
249 1 2 11
250 2 3 11
251 1 3 12
252 -1 3 12
253 -1 3 12
254 -1 2 11
255 -1 0 7
256 -1 -1 6
257 0 -1 6
258 0 -1 7
259 1 -1 7
260 1 -1 8
261 1 -1 9
262 1 -2 9
263 1 -2 10
264 2 -2 11
265 2 -1 12
266 3 -1 12
267 3 1 12
268 3 2 12
269 3 2 12
270 3 2 12
271 2 3 12
272 1 3 12
273 1 3 11
274 1 2 9
275 -1 2 8
276 -1 1 6
277 -2 0 5
278 -2 -1 5
279 -2 -1 7
280 -2 -1 9
281 -2 -1 10
282 -2 1 11
283 -2 1 11
284 -2 2 11
285 -2 3 12
286 -2 3 11
287 -1 3 11
288 -1 3 11
289 -2 3 11
290 -1 3 11
291 1 2 10
292 -1 1 8
293 0 0 8
294 0 1 8
295 -1 1 10
296 0 1 11
297 1 2 11
298 -1 1 11
299 -1 1 10
300 -1 0 11
301 0 1 11
302 -1 1 11
303 1 1 11
304 2 3 12
305 2 4 12
306 1 4 12
307 0 3 12
308 0 3 12
309 1 3 12
310 1 3 11
311 1 3 9
312 1 3 7
313 -1 2 5
314 -2 1 5
315 -2 1 6
316 -2 0 7
317 -2 1 9
318 -3 1 11
319 -3 1 11
320 -3 1 11
321 -3 1 11
322 -2 2 13
323 -1 2 13
324 -3 2 12
325 -4 1 11
326 -3 1 11
327 -3 2 11
328 -2 1 9
329 -2 1 8
330 -2 1 6
331 -2 0 6
332 -2 0 6
333 -2 -1 7
334 -2 -1 9
335 -2 -1 11
336 -2 -1 11
337 -2 -1 11
338 -2 0 11
339 -2 -1 12
340 -2 1 12
341 -1 1 12
342 -2 1 12
343 -2 1 11
344 -1 2 12
345 -1 2 11
346 -2 2 11
347 -3 2 11
348 -3 2 10
349 -4 2 9
350 -5 1 8
351 -4 1 8
352 -4 1 7
353 -5 0 8
354 -5 -1 8
355 -5 -1 7
356 -4 -1 7
357 -4 -1 9
358 -4 -1 9
359 -4 -1 10
360 -4 -1 10
361 -5 -1 10
362 -4 1 11
363 -4 1 11
364 -3 1 12
365 -4 1 11
366 -4 1 11
367 -4 1 10
368 -3 1 10
369 -3 1 10
370 -2 0 9
371 -1 1 9
372 1 1 10
373 1 1 10
374 0 1 10
375 0 1 10
376 1 1 11
377 0 1 11
378 -1 1 10
379 -1 1 10
380 0 1 10
381 1 2 10
382 0 3 10
383 -1 4 10
384 -2 4 11
385 -2 4 12
386 -2 4 11
387 -2 5 11
388 -2 4 11
389 -3 2 9
390 -2 1 8
391 -2 1 9
392 -2 1 10
393 -2 1 11
394 -2 2 11
395 -2 2 10
396 -3 2 11
397 -2 3 11
398 -2 4 11
399 -2 4 11
400 -2 3 10
401 -2 3 9
402 -3 3 9
403 -4 2 9
404 -5 1 9
405 -5 1 9
406 -5 1 9
407 -4 1 10
408 -4 1 10
409 -4 2 10
410 -3 2 11
411 -2 2 11
412 -2 2 11
413 -1 2 10
414 -2 2 9
415 -2 1 9
416 -2 1 9
417 -2 1 10
418 -3 1 10
419 -4 1 10
420 -3 1 10
421 -4 2 11
422 -5 2 11
423 -6 1 11
424 -6 -1 10
425 -5 -1 9
426 -4 -1 8
427 -2 -1 7
428 -2 0 8
429 -1 1 9
430 0 2 11
431 -1 2 11
432 -3 2 12
433 -3 2 12
434 -3 2 12
435 -3 2 11
436 -2 1 9
437 -2 1 8
438 -1 2 7
439 -1 2 7
440 1 2 6
441 1 3 7
442 1 4 9
443 1 5 12
444 -1 6 13
445 -2 6 14
446 -5 6 15
447 -7 6 14
448 -9 5 13
449 -10 5 12
450 -11 4 12
451 -10 4 11
452 -10 4 11
453 -10 3 11
454 -9 3 11
455 -9 3 10
456 -9 2 9
457 -9 1 8
458 -8 1 7
459 -7 1 7
460 -6 0 7
461 -6 -1 6
462 -6 -1 6
463 -5 -2 5
464 -5 -2 4
465 -4 -2 3
466 -3 -2 2
467 -2 -2 2
468 -2 -3 1
469 -1 -3 1
470 -1 -3 1
471 1 -2 1
472 2 -1 2
473 3 1 5
474 4 1 6
475 5 2 9
476 6 3 11
477 7 4 13
478 8 4 14
479 7 4 14
480 6 4 14
481 2 3 14
482 -4 2 14
483 -7 -1 13
484 -9 -2 13
485 -9 -1 13
486 -7 1 13
487 -6 2 12
488 -6 2 11
489 -4 3 11
490 -2 4 11
491 -1 4 11
492 -2 3 10
493 -1 3 9
494 -1 2 9
495 -2 2 9
496 -2 1 9
497 -3 -1 9
498 -3 -1 9
499 -3 -1 9
500 -2 -1 9
501 -2 -1 10
502 -2 1 11
503 -2 1 11
504 -2 2 10
505 -2 2 10
506 -2 2 10
507 -2 1 10
508 -1 2 10
509 -1 1 10
510 -2 1 10
511 -2 1 11
512 -1 1 11
513 -1 1 11
514 -2 1 10
515 -1 2 10
516 -1 2 10
517 -2 2 10
518 -3 1 11
519 -4 1 11
520 -3 1 11
521 -3 1 11
522 -3 1 11
523 -2 1 10
524 -2 1 10
525 -2 1 9
526 -1 2 10
527 -1 2 10
528 -1 2 10
529 -1 1 9
530 -1 1 9
531 -1 1 9
532 -2 1 10
533 -2 1 10
534 -2 1 10
535 -2 1 11
536 -2 1 11
537 -2 0 11
538 -2 0 10
539 -2 1 10
540 -2 1 11
541 -2 1 10
542 -2 1 10
543 -2 1 10
544 -2 1 10
545 -2 1 10
546 -2 1 10
547 -2 1 10
548 -2 1 10
549 -2 1 10
550 -2 1 10
551 -2 1 10
552 -2 1 10
553 -2 1 10
554 -2 1 10
555 -3 1 10
556 -3 1 10
557 -3 1 10
558 -3 1 10
559 -3 1 10
560 -2 1 10
561 -2 1 9
562 -2 1 9
563 -2 1 9
564 -1 1 10
565 -1 2 10
566 -1 2 10
567 0 1 10
568 1 1 10
569 -1 1 10
570 -1 1 11
571 -1 2 11
572 -1 2 11
573 -1 2 11
574 0 2 10
575 1 2 9
576 1 2 8
577 -1 2 8
578 -1 2 8
579 -2 2 9
580 -2 2 10
581 -3 2 10
582 -3 2 9
583 -3 2 9
584 -3 2 8
585 -4 2 8
586 -3 2 8
587 -4 2 8
588 -4 2 8
589 -4 2 8
590 -4 3 9
591 -4 3 9
592 -4 3 9
593 -4 3 9
594 -5 3 10
595 -4 3 10
596 -4 3 9
597 -5 3 9
598 -4 3 9
599 -4 3 10
600 -5 3 10
601 -5 2 10
602 -4 2 10
603 -4 2 10
604 -5 2 10
605 -4 2 11
606 -4 2 11
607 -5 2 11
608 -5 2 10
609 -4 2 10
610 -5 2 11
611 -5 2 11
612 -4 2 10
613 -5 1 10
614 -5 1 10
615 -5 1 10
616 -5 1 10
617 -5 0 10
618 -5 0 11
619 -4 0 11
620 -4 -1 11
621 -5 -1 11
622 -5 -1 10
623 -5 1 10
624 -6 1 11
625 -6 1 11
626 -5 1 9
627 -5 1 8
628 -5 1 9
629 -5 0 9
630 -5 -1 10
631 -4 -1 10
632 -4 -1 9
633 -4 -1 10
634 -4 -1 9
635 -4 -1 9
636 -4 1 9
637 -4 1 10
638 -4 0 11
639 -4 0 10
640 -4 0 10
641 -4 1 10
642 -4 1 10
643 -4 1 9
644 -4 1 9
645 -4 1 10
646 -4 1 10
647 -4 1 10
648 -4 0 9
649 -5 -1 10
650 -5 -1 10
651 -5 0 10
652 -5 0 10
653 -5 1 10
654 -5 1 10
655 -5 1 10
656 -5 1 9
657 -5 1 9
658 -5 1 9
659 -5 0 9
660 -5 1 9
661 -5 1 8
662 -5 2 7
663 -4 2 9
664 -4 2 9
665 -4 2 10
666 -4 3 10
667 -3 3 8
668 -3 4 8
669 -4 4 11
670 -5 5 12
671 -5 6 13
672 -4 7 13
673 -4 7 13
674 -4 7 12
675 -6 7 13
676 -7 8 13
677 -6 8 13
678 -6 7 11
679 -5 6 10
680 -4 6 10
681 -4 5 9
682 -4 4 7
683 -4 3 7
684 -4 3 7
685 -4 2 7
686 -3 2 7
687 -2 2 7
688 -2 2 7
689 -1 2 6
690 -1 1 5
691 -2 1 5
692 -1 1 5
693 -1 1 6
694 -1 0 6
695 -1 -1 6
696 -1 -1 6
697 -1 1 8
698 1 2 11
699 2 2 12
700 1 2 12
701 -1 1 12
702 -1 1 13
703 -2 1 13
704 -2 1 12
705 -1 1 11
706 -1 1 11
707 -1 1 11
708 -1 1 9
709 -1 1 8
710 -1 0 9
711 0 0 9
712 1 -1 9
713 1 -1 9
714 1 -1 9
715 1 -2 9
716 1 -2 9
717 0 -2 9
718 0 -3 9
719 -1 -3 9
720 -1 -3 10
721 -1 -4 10
722 -1 -3 10
723 -1 -3 9
724 -1 -4 9
725 -1 -4 9
726 -1 -3 9
727 -1 -3 10
728 -1 -3 10
729 -1 -3 10
730 -1 -3 9
731 -1 -3 9
732 -1 -3 9
733 0 -3 9
734 1 -3 10
735 0 -3 10
736 0 -3 10
737 1 -3 10
738 1 -3 10
739 2 -3 10
740 3 -3 11
741 5 -2 11
742 7 0 11
743 10 2 11
744 10 2 11
745 8 2 11
746 5 2 11
747 2 1 10
748 -2 0 10
749 -3 -1 10
750 -5 -1 10
751 -6 -2 9
752 -6 -2 8
753 -7 -2 8
754 -8 -3 8
755 -9 -4 7
756 -9 -4 7
757 -9 -3 7
758 -8 -2 7
759 -7 -2 8
760 -6 -1 8
761 -6 0 9
762 -5 1 10
763 -6 1 11
764 -4 3 11
765 -1 4 12
766 -1 4 12
767 2 6 13
768 5 6 12
769 5 6 12
770 6 6 12
771 7 6 11
772 7 5 11
773 7 5 11
774 8 5 11
775 7 5 11
776 6 5 11
777 6 6 11
778 5 7 10
779 4 7 10
780 2 8 10
781 2 9 10
782 -3 8 10
783 -5 7 11
784 -7 5 11
785 -9 3 11
786 -10 3 11
787 -9 3 11
788 -8 4 11
789 -6 4 11
790 -4 5 10
791 -3 5 10
792 -1 5 9
793 -1 5 8
794 -1 4 8
795 -1 3 8
796 -1 3 9
797 1 3 10
798 1 3 11
799 1 2 11
800 2 2 11
801 2 2 11
802 2 2 11
803 2 2 11
804 2 2 11
805 2 2 11
806 2 2 10
807 2 3 10
808 2 3 10
809 2 3 10
810 2 3 9
811 2 3 10
812 1 3 11
813 1 3 10
814 0 3 10
815 0 3 10
816 -1 2 10
817 -1 2 10
818 -1 2 9
819 -1 2 9
820 -1 2 10
821 -1 2 10
822 -1 2 10
823 -1 2 10
824 -1 1 10
825 -1 1 10
826 0 2 10
827 0 2 10
828 0 2 11
829 1 2 11
830 0 2 11
831 -1 2 10
832 -1 2 10
833 -1 2 10
834 -1 2 10
835 -1 2 10
836 -1 2 10
837 -1 2 10
838 0 2 10
839 1 2 10
840 1 2 10
841 1 2 10
842 0 2 10
843 1 2 10
844 1 2 10
845 1 2 10
846 1 2 10
847 1 2 10
848 1 2 10
849 1 2 10
850 1 2 10
851 1 2 10
852 1 2 10
853 1 2 10
854 1 2 10
855 1 2 10
856 1 2 10
857 0 2 10
858 -1 2 10
859 0 3 10
860 -1 3 10
861 -1 3 10
862 -1 3 10
863 -1 3 10
864 -1 3 10
865 -2 3 11
866 -1 3 11
867 -1 3 10
868 -1 3 10
869 -1 3 10
870 -1 3 10
871 -1 3 10
872 -1 3 10
873 -1 3 10
874 -2 3 10
875 -2 3 10
876 -2 3 10
877 -2 3 10
878 -3 3 10
879 -3 3 10
880 -3 3 10
881 -3 3 10
882 -3 3 10
883 -3 3 10
884 -3 3 10
885 -3 3 10
886 -3 3 9
887 -2 3 9
888 -2 3 9
889 -1 3 9
890 -1 3 10
891 -1 3 10
892 -1 3 10
893 -1 3 11
894 -1 3 11
895 1 4 11
896 1 4 11
897 1 4 11
898 1 3 10
899 0 3 9
900 -1 3 10
901 -1 3 10
902 1 4 11
903 1 4 11
904 1 3 10
905 1 3 9
906 1 3 9
907 1 3 9
908 1 3 10
909 1 3 10
910 1 3 10
911 0 3 10
912 0 3 10
913 0 4 11
914 -1 4 11
915 -1 5 11
916 -1 6 11
917 -1 6 11
918 -1 5 10
919 -2 5 9
920 -2 4 8
921 -2 4 8
922 -2 4 9
923 -2 4 10
924 -2 4 10
925 -2 4 10
926 -2 3 10
927 -2 3 10
928 -2 3 10
929 -1 3 10
930 -1 3 10
931 -1 3 10
932 -1 3 10
933 -1 3 10
934 -1 3 11
935 -1 3 11
936 1 3 11
937 1 3 10
938 1 3 10
939 1 3 11
940 1 3 10
941 1 2 9
942 -1 2 9
943 0 3 10
944 1 4 11
945 2 3 11
946 1 3 10
947 1 2 9
948 1 2 9
949 1 2 10
950 1 3 10
951 1 3 11
952 1 3 11
953 1 3 10
954 1 3 10
955 1 3 11
956 1 3 11
957 -1 3 10
958 -1 3 11
959 -1 4 11
960 -1 3 10
961 -1 3 10
962 0 3 9
963 -1 2 9
964 -1 2 10
965 -2 2 10
966 -1 2 11
967 -1 2 11
968 -1 2 11
969 -1 2 10
970 0 1 9
971 1 1 9
972 1 1 9
973 2 1 10
974 2 1 10
975 2 1 11
976 2 1 11
977 2 1 11
978 2 1 10
979 2 1 9
980 3 1 10
981 3 2 11
982 3 2 10
983 2 2 10
984 2 2 10
985 2 2 10
986 2 3 11
987 3 3 10
988 3 3 10
989 2 2 10
990 2 2 10
991 2 3 9
992 2 3 9
993 2 3 9
994 2 4 9
995 0 3 12
996 -3 2 14
997 -3 2 16
998 -3 2 16
999 -1 4 16
1000 2 5 16
1001 3 5 14
1002 4 5 12
1003 5 5 11
1004 5 4 9
1005 4 3 8
1006 3 2 5
1007 2 2 3
1008 1 1 2
1009 1 -1 1
1010 0 -1 -1
1011 -1 -2 -1
1012 -2 -2 0
1013 -2 -3 1
1014 -2 -3 1
1015 -3 -4 2
1016 -4 -4 3
1017 -4 -4 4
1018 -5 -3 5
1019 -6 -3 6
1020 -5 -2 8
1021 -5 -1 9
1022 -6 -1 10
1023 -7 -1 12
1024 -6 1 13
1025 -5 1 14
1026 -4 2 15
1027 0 3 14
1028 2 3 14
1029 2 3 14
1030 4 2 12
1031 4 2 11
1032 5 2 11
1033 6 3 11
1034 7 3 10
1035 7 4 9
1036 7 4 9
1037 6 5 8
1038 5 5 9
1039 3 6 9
1040 2 6 10
1041 1 7 11
1042 -2 7 11
1043 -4 6 11
1044 -5 6 11
1045 -7 6 11
1046 -9 4 11
1047 -9 3 11
1048 -8 3 11
1049 -6 3 11
1050 -5 4 11
1051 -4 4 11
1052 -2 4 11
1053 -1 4 10
1054 -1 3 10
1055 -1 2 11
1056 -1 2 11
1057 1 1 10
1058 1 1 10
1059 1 1 10
1060 2 0 10
1061 2 1 9
1062 3 1 9
1063 3 1 9
1064 3 1 9
1065 4 1 9
1066 3 1 10
1067 2 2 11
1068 3 2 11
1069 2 2 11
1070 1 2 10
1071 0 1 11
1072 -1 1 10
1073 -1 1 10
1074 -1 1 10
1075 -1 1 10
1076 0 1 10
1077 0 1 10
1078 0 1 10
1079 0 1 10
1080 1 1 10
1081 1 1 10
1082 1 1 10
1083 1 1 11
1084 1 1 11
1085 1 1 11
1086 1 1 10
1087 1 1 10
1088 1 1 10
1089 0 1 10
1090 1 1 10
1091 1 1 10
1092 0 1 10
1093 -1 1 10
1094 -1 1 10
1095 -1 1 10
1096 -2 1 10
1097 -2 -1 11
1098 -4 -2 12
1099 -8 -4 14
1100 -10 -5 16
1101 -10 -7 16
1102 -11 -8 16
1103 -10 -7 16
1104 -8 -5 14
1105 -7 -5 13
1106 -5 -4 12
1107 -3 -3 11
1108 -3 -3 5
1109 -3 -2 4
1110 -2 -1 4
1111 -1 -1 3
1112 2 -2 2
1113 2 -2 -1
1114 3 -3 -1
1115 4 -4 -2
1116 5 -5 -3
1117 5 -5 -3
1118 6 -6 -4
1119 7 -7 -5
1120 7 -9 -6
1121 6 -9 -6
1122 6 -10 -5
1123 6 -10 -5
1124 6 -9 -5
1125 8 -8 -4
1126 8 -7 -4
1127 8 -7 -4
1128 7 -7 -3
1129 8 -6 -3
1130 8 -6 -2
1131 7 -5 -1
1132 7 -5 -2
1133 7 -5 -2
1134 7 -5 -3
1135 7 -5 -4
1136 8 -5 -4
1137 8 -5 -5
1138 8 -4 -5
1139 9 -4 -5
1140 9 -4 -5
1141 9 -4 -5
1142 9 -4 -5
1143 9 -4 -6
1144 8 -4 -6
1145 8 -4 -6
1146 9 -4 -6
1147 9 -4 -6
1148 9 -4 -5
1149 9 -4 -5
1150 9 -4 -5
1151 9 -4 -4
1152 9 -4 -5
1153 9 -4 -5
1154 9 -4 -5
1155 8 -4 -5
1156 8 -4 -4
1157 8 -4 -4
1158 8 -4 -5
1159 7 -4 -5
1160 7 -4 -6
1161 6 -4 -6
1162 5 -4 -5
1163 5 -3 -4
1164 6 -2 -4
1165 6 -2 -4
1166 5 -1 -2
1167 5 -1 -2
1168 7 1 -4
1169 7 -1 -5
1170 7 -1 -5
1171 9 -1 -5
1172 9 -2 -6
1173 8 -3 -6
1174 8 -3 -6
1175 8 -3 -5
1176 6 -3 -6
1177 3 -4 -7
1178 3 -5 -7
1179 -1 -6 -4
1180 -4 -6 -1
1181 -8 -7 4
1182 -9 -8 5
1183 -8 -7 5
1184 -11 -8 4
1185 -11 -8 3
1186 -11 -7 4
1187 -11 -7 5
1188 -12 -6 5
1189 -11 -6 4
1190 -11 -6 4
1191 -10 -5 3
1192 -11 -5 2
1193 -11 -5 2
1194 -11 -4 2
1195 -11 -4 2
1196 -11 -3 1
1197 -10 -2 1
1198 -11 -2 1
1199 -11 -1 1
1200 -11 -1 1
1201 -11 0 2
1202 -11 1 2
1203 -11 2 1
1204 -11 2 2
1205 -11 2 2
1206 -11 2 2
1207 -11 2 3
1208 -11 2 3
1209 -11 3 3
1210 -11 3 3
1211 -11 3 2
1212 -11 3 3
1213 -11 4 2
1214 -10 4 2
1215 -11 3 2
1216 -11 3 2
1217 -10 3 3
1218 -10 4 2
1219 -10 4 2
1220 -10 4 3
1221 -9 4 3
1222 -10 4 4
1223 -11 3 3
1224 -11 3 3
1225 -11 3 3
1226 -10 3 4
1227 -11 3 4
1228 -11 3 4
1229 -11 3 3
1230 -10 3 3
1231 -10 3 3
1232 -9 3 3
1233 -8 4 4
1234 -9 4 4
1235 -10 3 4
1236 -11 3 5
1237 -10 3 4
1238 -10 3 4
1239 -10 3 4
1240 -10 3 5
1241 -10 3 5
1242 -11 4 4
1243 -11 3 4
1244 -11 4 4
1245 -12 4 4
1246 -12 4 4
1247 -12 5 5
1248 -11 4 5
1249 -11 4 5
1250 -11 4 4
1251 -11 3 4
1252 -11 3 4
1253 -11 2 5
1254 -11 2 5
1255 -11 2 5
1256 -10 2 6
1257 -10 2 6
1258 -11 2 6
1259 -11 2 6
1260 -10 2 5
1261 -10 2 5
1262 -9 2 5
1263 -7 2 4
1264 -7 2 4
1265 -7 1 3
1266 -6 1 2
1267 -4 -1 2
1268 -5 -2 3
1269 -6 -2 4
1270 -4 -1 3
1271 -4 1 3
1272 -7 1 5
1273 -7 1 5
1274 -4 2 4
1275 -5 3 4
1276 -8 2 4
1277 -6 2 4
1278 -4 2 5
1279 -5 3 5
1280 -6 3 7
1281 -6 4 8
1282 -6 4 7
1283 -6 4 5
1284 -7 5 5
1285 -8 5 7
1286 -12 5 11
1287 -15 4 13
1288 -16 4 14
1289 -16 4 14
1290 -16 5 13
1291 -14 5 11
1292 -12 6 10
1293 -11 7 9
1294 -9 6 7
1295 -7 6 6
1296 -5 5 5
1297 -4 4 4
1298 -3 3 3
1299 -2 2 2
1300 -1 1 1
1301 -1 1 -1
1302 1 0 -2
1303 1 -1 -3
1304 1 -1 -3
1305 1 -2 -3
1306 1 -2 -4
1307 0 -3 -3
1308 -2 -3 -3
1309 -3 -3 -2
1310 -3 -2 -1
1311 -4 -1 1
1312 -6 0 3
1313 -7 1 4
1314 -9 3 5
1315 -11 3 8
1316 -11 4 10
1317 -12 4 11
1318 -13 5 12
1319 -15 4 13
1320 -16 3 14
1321 -16 2 14
1322 -16 1 12
1323 -16 2 12
1324 -15 2 12
1325 -14 3 12
1326 -13 3 11
1327 -11 3 10
1328 -9 3 8
1329 -6 3 7
1330 -4 3 5
1331 -2 3 4
1332 1 2 3
1333 1 1 2
1334 2 0 1
1335 3 -1 -1
1336 3 -2 -2
1337 3 -3 -3
1338 4 -2 -3
1339 5 -2 -4
1340 3 -3 -3
1341 2 -2 -2
1342 1 -1 -1
1343 -2 -1 1
1344 -4 1 4
1345 -6 2 5
1346 -8 3 8
1347 -10 5 10
1348 -12 5 11
1349 -13 6 12
1350 -13 6 13
1351 -15 6 14
1352 -14 6 15
1353 -13 6 14
1354 -12 5 13
1355 -11 5 12
1356 -8 6 11
1357 -6 6 10
1358 -5 6 10
1359 -5 5 9
1360 -5 3 7
1361 -5 2 6
1362 -5 1 6
1363 -4 -1 5
1364 -4 -1 5
1365 -4 -1 6
1366 -4 0 7
1367 -5 2 7
1368 -7 2 7
1369 -8 2 9
1370 -9 1 9
1371 -8 1 7
1372 -7 1 7
1373 -7 0 7
1374 -7 0 8
1375 -6 1 9
1376 -6 1 9
1377 -6 1 9
1378 -6 1 9
1379 -5 1 9
1380 -5 1 9
1381 -5 1 9
1382 -5 1 9
1383 -5 1 9
1384 -5 1 9
1385 -5 1 9
1386 -5 1 9
1387 -6 1 9
1388 -6 1 9
1389 -6 1 9
1390 -6 1 9
1391 -5 1 9
1392 -5 1 8
1393 -5 1 8
1394 -4 1 8
1395 -4 2 9
1396 -5 2 9
1397 -5 3 9
1398 -5 3 9
1399 -5 4 8
1400 -5 4 8
1401 -5 4 8
1402 -6 4 7
1403 -6 3 6
1404 -6 3 6
1405 -7 3 7
1406 -7 3 8
1407 -7 3 9
1408 -6 3 9
1409 -6 3 9
1410 -6 3 9
1411 -7 3 9
1412 -7 4 10
1413 -7 4 11
1414 -7 4 10
1415 -6 4 8
1416 -6 4 8
1417 -6 4 8
1418 -6 4 7
1419 -6 4 7
1420 -6 4 7
1421 -6 4 7
1422 -6 5 7
1423 -6 5 6
1424 -7 5 6
1425 -7 5 6
1426 -6 5 6
1427 -6 5 6
1428 -6 5 6
1429 -6 6 6
1430 -6 6 7
1431 -6 6 6
1432 -6 7 6
1433 -6 7 6
1434 -6 7 6
1435 -7 7 5
1436 -7 7 5
1437 -7 7 5
1438 -7 7 5
1439 -7 7 5
1440 -7 6 4
1441 -7 6 4
1442 -7 6 5
1443 -6 6 5
1444 -6 6 5
1445 -6 5 5
1446 -6 4 5
1447 -6 4 6
1448 -6 4 6
1449 -6 3 6
1450 -6 3 7
1451 -6 3 7
1452 -6 3 7
1453 -7 3 8
1454 -7 3 8
1455 -8 4 9
1456 -8 5 9
1457 -8 5 8
1458 -7 5 7
1459 -7 5 7
1460 -7 5 7
1461 -6 4 7
1462 -6 3 8
1463 -6 3 9
1464 -6 3 9
1465 -6 2 8
1466 -6 1 8
1467 -7 1 9
1468 -6 1 11
1469 -7 -1 10
1470 -8 -1 10
1471 -9 -2 8
1472 -9 -3 9
1473 -8 -3 11
1474 -9 -4 11
1475 -8 -4 9
1476 -6 -4 7
1477 -5 -4 5
1478 -5 -4 4
1479 -6 -5 5
1480 -7 -4 7
1481 -7 -4 9
1482 -7 -3 10
1483 -7 -3 10
1484 -7 -3 9
1485 -6 -4 6
1486 -7 -4 5
1487 -7 -5 5
1488 -7 -5 6
1489 -6 -4 7
1490 -6 -4 7
1491 -5 -3 8
1492 -5 -3 8
1493 -5 -3 8
1494 -6 -4 8
1495 -6 -4 8
1496 -6 -4 8
1497 -6 -3 9
1498 -6 -3 9
1499 -6 -3 9
1500 -7 -3 9
1501 -7 -3 9
1502 -8 -3 9
1503 -8 -3 8
1504 -7 -3 8
1505 -8 -2 9
1506 -8 -2 9
1507 -7 -2 8
1508 -7 -2 8
1509 -7 -1 9
1510 -7 -1 9
1511 -6 1 9
1512 -7 1 9
1513 -7 -1 8
1514 -7 -1 8
1515 -7 -1 8
1516 -7 -1 9
1517 -8 -1 8
1518 -8 -1 8
1519 -7 -1 7
1520 -7 -1 7
1521 -7 -1 7
1522 -7 -2 7
1523 -6 -2 7
1524 -5 -3 7
1525 -5 -3 7
1526 -5 -3 8
1527 -4 -3 9
1528 -4 -3 9
1529 -4 -3 9
1530 -4 -3 9
1531 -5 -3 9
1532 -5 -3 10
1533 -5 -2 11
1534 -5 -2 11
1535 -5 -1 12
1536 -7 1 12
1537 -7 2 13
1538 -5 2 13
1539 -3 1 11
1540 -3 -1 9
1541 -3 -1 10
1542 -4 -2 9
1543 -3 -3 7
1544 -2 -4 6
1545 -2 -5 7
1546 -3 -5 8
1547 -3 -6 8
1548 -2 -6 8
1549 -2 -6 8
1550 -2 -6 9
1551 -3 -6 9
1552 -3 -6 8
1553 -2 -6 8
1554 -3 -6 8
1555 -3 -6 9
1556 -3 -6 9
1557 -3 -7 9
1558 -3 -7 8
1559 -4 -7 8
1560 -4 -6 9
1561 -3 -6 9
1562 -3 -6 8
1563 -4 -7 7
1564 -4 -6 8
1565 -3 -6 9
1566 -4 -6 7
1567 -5 -6 6
1568 -4 -6 6
1569 -4 -6 7
1570 -4 -7 7
1571 -4 -8 7
1572 -4 -8 8
1573 -5 -8 9
1574 -4 -7 8
1575 -4 -5 9
1576 -3 -5 8
1577 -2 -5 8
1578 -3 -5 9
1579 -5 -6 9
1580 -5 -6 10
1581 -4 -6 10
1582 -5 -6 10
1583 -5 -6 10
1584 -4 -5 10
1585 -4 -5 10
1586 -4 -4 10
1587 -4 -4 10
1588 -4 -4 9
1589 -4 -5 8
1590 -3 -5 8
1591 -3 -5 7
1592 -4 -5 7
1593 -4 -5 7
1594 -4 -6 7
1595 -4 -6 8
1596 -4 -6 9
1597 -5 -7 8
1598 -5 -7 8
1599 -4 -7 8
1600 -4 -6 8
1601 -4 -6 7
1602 -5 -6 7
1603 -5 -6 7
1604 -5 -6 7
1605 -5 -6 7
1606 -4 -6 8
1607 -4 -6 9
1608 -4 -6 9
1609 -4 -5 10
1610 -4 -6 9
1611 -4 -6 9
1612 -3 -5 9
1613 -3 -6 8
1614 -3 -6 8
1615 -3 -6 8
1616 -3 -6 8
1617 -3 -6 8
1618 -3 -6 8
1619 -3 -6 8
1620 -2 -6 9
1621 -2 -6 9
1622 -2 -6 9
1623 -2 -6 9
1624 -1 -6 9
1625 -2 -6 9
1626 -1 -5 10
1627 -1 -5 10
1628 -1 -5 11
1629 -1 -5 11
1630 -1 -5 11
1631 -1 -5 10
1632 0 -5 10
1633 -1 -5 10
1634 -1 -5 10
1635 -1 -5 9
1636 -1 -5 9
1637 -1 -6 9
1638 -1 -6 9
1639 -1 -6 9
1640 0 -6 9
1641 0 -6 9
1642 -1 -6 9
1643 -1 -6 9
1644 -1 -6 9
1645 -1 -6 9
1646 -1 -7 9
1647 -1 -7 9
1648 -1 -7 9
1649 0 -6 9
1650 0 -6 8
1651 -1 -6 8
1652 -1 -6 8
1653 -2 -5 9
1654 -2 -5 9
1655 -3 -5 8
1656 -3 -5 8
1657 -4 -5 8
1658 -5 -5 9
1659 -5 -5 9
1660 -5 -4 10
1661 -4 -4 10
1662 -4 -4 10
1663 -4 -4 11
1664 -4 -4 11
1665 -3 -4 10
1666 -3 -4 10
1667 -3 -4 10
1668 -2 -4 10
1669 -2 -4 10
1670 -3 -5 9
1671 -3 -5 8
1672 -3 -5 8
1673 -3 -5 8
1674 -3 -5 7
1675 -3 -5 8
1676 -3 -4 8
1677 -3 -4 9
1678 -3 -4 9
1679 -3 -4 9
1680 -3 -4 9
1681 -3 -5 8
1682 -3 -4 8
1683 -3 -4 7
1684 -3 -4 8
1685 -3 -4 8
1686 -3 -4 9
1687 -3 -4 10
1688 -4 -4 11
1689 -4 -3 11
1690 -4 -3 11
1691 -5 -2 11
1692 -5 -2 11
1693 -6 -2 11
1694 -6 -1 11
1695 -6 -1 11
1696 -6 1 11
1697 -5 2 12
1698 -5 2 11
1699 -5 2 11
1700 -5 1 11
1701 -4 1 11
1702 -4 2 11
1703 -4 1 11
1704 -4 1 11
1705 -4 2 11
1706 -5 2 10
1707 -5 1 9
1708 -4 1 8
1709 -4 1 8
1710 -3 1 7
1711 -3 0 6
1712 -3 0 6
1713 -3 0 6
1714 -3 0 7
1715 -4 1 8
1716 -4 1 7
1717 -4 1 8
1718 -5 1 8
1719 -5 2 8
1720 -5 2 8
1721 -5 2 9
1722 -6 3 9
1723 -5 3 9
1724 -6 3 9
1725 -6 3 9
1726 -6 3 8
1727 -6 3 7
1728 -6 3 8
1729 -6 3 8
1730 -6 2 8
1731 -6 2 8
1732 -6 2 8
1733 -6 3 9
1734 -6 3 9
1735 -6 3 10
1736 -6 3 9
1737 -6 3 9
1738 -7 3 9
1739 -6 3 10
1740 -6 3 9
1741 -7 2 9
1742 -7 2 10
1743 -7 2 10
1744 -7 2 11
1745 -6 2 11
1746 -6 1 11
1747 -6 1 10
1748 -5 1 9
1749 -4 1 7
1750 -3 1 7
1751 -3 -1 6
1752 -3 -1 7
1753 -2 -1 8
1754 -2 -1 8
1755 -2 -1 9
1756 -2 1 10
1757 -2 1 11
1758 -2 2 11
1759 -2 2 11
1760 -1 2 11
1761 -1 2 10
1762 -2 1 10
1763 -2 1 10
1764 -1 0 10
1765 -2 0 10
1766 -2 1 10
1767 -1 1 10
1768 -1 2 10
1769 -1 2 10
1770 -1 2 10
1771 -1 2 9
1772 -1 3 9
1773 -1 3 11
1774 -2 3 11
1775 -2 3 11
1776 -2 2 10
1777 -2 2 10
1778 -3 3 10
1779 -3 3 11
1780 -2 2 10
1781 -2 2 9
1782 -2 2 9
1783 -2 2 8
1784 -1 2 9
1785 -1 3 10
1786 0 3 10
1787 1 3 10
1788 2 3 9
1789 -1 3 8
1790 -6 3 8
1791 -9 3 9
1792 -11 3 11
1793 -12 3 11
1794 -12 5 12
1795 -10 7 13
1796 -6 9 15
1797 -1 10 16
1798 3 10 16
1799 5 10 15
1800 6 8 14
1801 6 7 13
1802 6 6 12
1803 6 6 11
1804 5 5 11
1805 5 4 9
1806 4 3 7
1807 4 2 6
1808 4 1 5
1809 3 0 4
1810 3 -1 3
1811 2 -1 2
1812 -1 -2 1
1813 -2 -2 1
1814 -3 -2 1
1815 -3 -2 1
1816 -4 -1 2
1817 -4 -1 3
1818 -5 -1 4
1819 -6 0 5
1820 -8 1 6
1821 -9 1 6
1822 -10 2 7
1823 -11 3 9
1824 -12 3 10
1825 -12 4 11
1826 -11 5 11
1827 -10 5 11
1828 -8 5 11
1829 -5 6 11
1830 -1 6 12
1831 -1 6 13
1832 2 5 15
1833 1 5 15
1834 -2 5 14
1835 -2 6 14
1836 -2 7 13
1837 -2 7 13
1838 -2 7 12
1839 -2 5 11
1840 -3 3 9
1841 -4 2 8
1842 -3 1 6
1843 -3 -1 7
1844 -3 -1 7
1845 -2 -1 7
1846 -3 -1 8
1847 -4 -1 9
1848 -4 -1 9
1849 -4 1 9
1850 -4 1 9
1851 -5 1 9
1852 -5 -1 9
1853 -5 -1 9
1854 -4 -1 9
1855 -4 -1 10
1856 -4 -1 10
1857 -4 -1 10
1858 -4 -1 10
1859 -3 -1 10
1860 -3 -1 11
1861 -3 -1 11
1862 -3 -1 10
1863 -3 -1 10
1864 -3 -1 10
1865 -3 0 10
1866 -4 -1 10
1867 -4 -1 9
1868 -4 -1 9
1869 -4 -1 9
1870 -4 0 9
1871 -4 0 8
1872 -4 1 8
1873 -4 1 8
1874 -4 1 8
1875 -3 2 8
1876 -3 2 9
1877 -3 2 10
1878 -3 2 10
1879 -2 2 10
1880 -3 1 9
1881 -5 1 9
1882 -5 1 10
1883 -4 0 10
1884 -6 1 9
1885 -8 1 10
1886 -9 1 9
1887 -9 1 9
1888 -9 1 8
1889 -8 -1 6
1890 -8 -2 5
1891 -9 -2 5
1892 -8 -1 5
1893 -8 -2 4
1894 -9 -2 4
1895 -9 -2 5
1896 -9 -2 6
1897 -9 -1 5
1898 -9 -3 4
1899 -10 -3 4
1900 -11 -2 5
1901 -11 -2 5
1902 -9 -1 3
1903 -9 -1 2
1904 -9 -1 2
1905 -8 1 3
1906 -9 -1 2
1907 -10 -1 1
1908 -11 -1 1
1909 -11 -1 0
1910 -9 -1 0
1911 -8 -1 1
1912 -7 -2 1
1913 -8 -2 1
1914 -9 -3 2
1915 -10 -3 2
1916 -10 -4 2
1917 -11 -4 3
1918 -9 -4 3
1919 -7 -3 3
1920 -7 -3 3
1921 -7 -3 4
1922 -8 -4 4
1923 -8 -5 4
1924 -8 -5 4
1925 -9 -6 5
1926 -10 -6 6
1927 -10 -7 6
1928 -10 -7 6
1929 -9 -7 7
1930 -9 -7 7
1931 -9 -7 7
1932 -9 -8 7
1933 -9 -8 7
1934 -9 -7 7
1935 -8 -6 7
1936 -8 -6 7
1937 -7 -5 7
1938 -7 -6 7
1939 -8 -5 7
1940 -8 -5 7
1941 -7 -6 8
1942 -6 -6 8
1943 -6 -7 8
1944 -6 -8 8
1945 -5 -8 8
1946 -4 -8 8
1947 -4 -8 8
1948 -4 -7 9
1949 -4 -7 8
1950 -4 -7 10
1951 -3 -6 10
1952 -4 -6 10
1953 -5 -7 11
1954 -6 -7 10
1955 -5 -6 10
1956 -4 -6 9
1957 -4 -6 9
1958 -3 -6 9
1959 -3 -6 9
1960 -3 -6 9
1961 -3 -5 8
1962 -2 -5 7
1963 -2 -5 9
1964 -4 -5 8
1965 -3 -5 4
1966 -3 -7 2
1967 -4 -8 6
1968 -5 -9 6
1969 -3 -9 4
1970 -1 -10 4
1971 -4 -9 6
1972 -6 -8 5
1973 -5 -7 3
1974 -5 -7 3
1975 -7 -7 3
1976 -5 -7 3
1977 -3 -7 -1
1978 -4 -9 -2
1979 -3 -11 -2
1980 -1 -11 -1
1981 -2 -11 -1
1982 -2 -11 0
1983 -2 -11 -1
1984 -2 -11 -1
1985 -1 -11 1
1986 -1 -11 -2
1987 -3 -11 -3
1988 -2 -11 -1
1989 1 -11 -2
1990 3 -11 -3
1991 0 -11 -4
1992 -5 -10 -2
1993 -3 -10 -1
1994 6 -9 1
1995 7 -9 1
1996 4 -10 1
1997 5 -10 1
1998 8 -10 1
1999 7 -11 2
2000 5 -11 2
2001 7 -11 1
2002 8 -11 2
2003 8 -11 2
2004 7 -11 1
2005 7 -11 2
2006 6 -11 2
2007 7 -11 2
2008 7 -10 1
2009 8 -11 1
2010 9 -11 2
2011 11 -11 1
2012 10 -10 -2
2013 8 -10 -3
2014 7 -11 -3
2015 6 -11 -3
2016 5 -10 -4
2017 2 -7 -2
2018 -1 -5 1
2019 -7 -4 -1
2020 -11 -5 -2
2021 -11 -7 -2
2022 -9 -8 -3
2023 -6 -9 -5
2024 -4 -9 -4
2025 -3 -9 -4
2026 -1 -8 -3
2027 -1 -8 -2
2028 -3 -10 -1
2029 -4 -10 1
2030 -4 -10 3
2031 -3 -11 3
2032 -2 -10 2
2033 -2 -10 1
2034 -4 -10 0
2035 -5 -10 1
2036 -5 -10 2
2037 -4 -9 1
2038 -5 -9 1
2039 -5 -9 3
2040 -4 -8 5
2041 -4 -7 5
2042 -5 -6 6
2043 -7 -6 8
2044 -8 -8 11
2045 -6 -7 12
2046 -4 -6 11
2047 -5 -5 11
2048 -5 -4 11
2049 -4 -4 10
2050 -4 -4 9
2051 -4 -5 10
2052 -4 -6 10
2053 -3 -6 9
2054 -4 -6 7
2055 -4 -7 8
2056 -4 -7 8
2057 -3 -6 7
2058 -5 -7 7
2059 -7 -8 8
2060 -7 -8 9
2061 -8 -9 8
2062 -9 -9 9
2063 -9 -9 9
2064 -10 -9 9
2065 -10 -9 8
2066 -8 -9 8
2067 -8 -9 7
2068 -8 -9 6
2069 -7 -8 5
2070 -7 -7 5
2071 -8 -8 5
2072 -8 -9 6
2073 -9 -9 6
2074 -8 -9 6
2075 -7 -8 6
2076 -9 -8 6
2077 -10 -7 7
2078 -9 -6 6
2079 -9 -6 6
2080 -9 -6 6
2081 -7 -6 6
2082 -6 -5 5
2083 -6 -5 6
2084 -5 -5 6
2085 -4 -4 4
2086 -3 -4 4
2087 -3 -3 3
2088 -2 -3 3
2089 -2 -4 5
2090 -3 -5 6
2091 -3 -4 6
2092 -3 -4 6
2093 -2 -4 8
2094 -1 -3 9
2095 -1 -4 8
2096 -1 -5 9
2097 -2 -5 11
2098 -3 -4 11
2099 -4 -3 9
2100 -3 -4 7
2101 -2 -5 9
2102 -3 -4 11
2103 -4 -3 10
2104 -3 -3 9
2105 -4 -4 9
2106 -3 -3 9
2107 -2 -2 10
2108 -2 -2 11
2109 -1 -1 11
2110 -1 -3 9
2111 -2 -3 11
2112 -4 -2 11
2113 -5 -1 11
2114 -4 -1 11
2115 -2 -1 11
2116 -1 -2 10
2117 -2 -1 11
2118 -1 -1 11
2119 -1 -2 11
2120 -2 -3 11
2121 -2 -3 11
2122 1 -2 12
2123 1 -2 12
2124 -1 -3 12
2125 -2 -2 12
2126 -1 -1 11
2127 1 -1 11
2128 0 0 11
2129 0 1 10
2130 -1 0 9
2131 -1 -1 9
2132 -1 -1 8
2133 -2 -2 8
2134 -1 -2 8
2135 -2 -3 8
2136 -2 -3 9
2137 -3 -4 10
2138 -3 -4 9
2139 -2 -4 9
2140 -2 -4 9
2141 -2 -3 9
2142 -2 -3 9
2143 -4 -3 8
2144 -7 -4 8
2145 -10 -5 9
2146 -11 -6 9
2147 -11 -6 8
2148 -11 -6 8
2149 -10 -5 9
2150 -9 -5 10
2151 -8 -4 10
2152 -5 -3 11
2153 -3 -3 11
2154 -1 -2 11
2155 3 0 10
2156 5 1 9
2157 7 1 8
2158 9 2 7
2159 11 2 7
2160 11 2 7
2161 11 2 7
2162 11 2 8
2163 9 2 8
2164 8 2 8
2165 5 2 9
2166 3 2 9
2167 1 2 10
2168 -2 2 11
2169 -3 3 11
2170 -4 3 12
2171 -6 3 12
2172 -7 3 12
2173 -8 2 12
2174 -9 2 12
2175 -10 1 11
2176 -11 1 11
2177 -11 1 11
2178 -11 -1 11
2179 -11 -1 11
2180 -11 1 11
2181 -10 2 11
2182 -10 3 10
2183 -8 4 10
2184 -8 5 10
2185 -6 5 11
2186 -6 5 11
2187 -6 6 11
2188 -4 7 11
2189 -3 7 11
2190 -2 6 10
2191 2 8 10
2192 7 9 10
2193 10 10 11
2194 11 10 11
2195 9 9 11
2196 7 8 11
2197 5 7 11
2198 3 6 10
2199 2 6 10
2200 2 5 9
2201 1 4 9
2202 1 3 9
2203 -1 2 9
2204 -2 1 10
2205 -4 1 11
2206 -5 2 12
2207 -6 2 13
2208 -7 2 12
2209 -7 2 10
2210 -8 1 9
2211 -8 -1 8
2212 -7 -1 8
2213 -6 -1 8
2214 -4 0 10
2215 -4 0 10
2216 -4 0 10
2217 -3 0 10
2218 -3 1 10
2219 -3 1 10
2220 -3 1 10
2221 -2 1 10
2222 -2 2 10
2223 -2 2 10
2224 -3 1 10
2225 -3 1 10
2226 -3 1 10
2227 -3 1 10
2228 -3 1 10
2229 -3 1 10
2230 -3 1 10
2231 -3 1 10
2232 -2 1 10
2233 -2 1 10
2234 -2 1 10
2235 -2 1 10
2236 -2 1 10
2237 -3 1 10
2238 -3 1 11
2239 -3 2 11
2240 -3 2 11
2241 -4 2 10
2242 -4 2 10
2243 -4 2 9
2244 -3 2 8
2245 -3 2 8
2246 -3 2 8
2247 -3 2 9
2248 -3 2 10
2249 -3 2 10
2250 -3 3 10
2251 -4 3 9
2252 -5 4 10
2253 -5 5 11
2254 -5 6 11
2255 -5 6 10
2256 -4 5 9
2257 -4 4 8
2258 -4 4 8
2259 -4 3 8
2260 -4 2 9
2261 -4 3 9
2262 -3 3 10
2263 -4 3 10
2264 -4 3 10
2265 -3 2 9
2266 -3 2 9
2267 -3 2 9
2268 -3 2 9
2269 -2 3 10
2270 -2 2 10
2271 -3 2 10
2272 -3 1 10
2273 -4 2 11
2274 -5 2 12
2275 -5 3 11
2276 -5 3 11
2277 -4 3 11
2278 -4 4 11
2279 -4 3 11
2280 -3 4 11
2281 -3 3 10
2282 -2 3 9
2283 -3 3 9
2284 -3 2 9
2285 -3 2 9
2286 -2 2 8
2287 -3 1 8
2288 -4 1 8
2289 -4 0 8
2290 -3 -1 8
2291 -3 -1 8
2292 -3 -1 8
2293 -3 -2 9
2294 -4 -2 9
2295 -4 -1 11
2296 -3 -1 11
2297 -3 -2 10
2298 -4 -2 10
2299 -4 -1 10
2300 -5 -1 11
2301 -5 2 13
2302 -5 3 14
2303 -5 4 14
2304 -7 3 12
2305 -7 3 11
2306 -7 4 11
2307 -6 5 11
2308 -5 5 8
2309 -5 5 7
2310 -5 4 7
2311 -5 4 7
2312 -5 4 7
2313 -4 4 7
2314 -3 4 7
2315 -4 4 7
2316 -4 4 7
2317 -4 4 7
2318 -4 4 8
2319 -5 3 8
2320 -5 3 8
2321 -5 2 8
2322 -4 2 7
2323 -4 2 7
2324 -4 2 7
2325 -5 2 7
2326 -5 2 7
2327 -5 3 7
2328 -6 3 7
2329 -5 4 8
2330 -5 4 9
2331 -5 4 9
2332 -6 4 8
2333 -6 4 7
2334 -6 4 7
2335 -6 4 8
2336 -5 3 8
2337 -5 3 7
2338 -5 3 7
2339 -5 2 6
2340 -4 2 6
2341 -4 2 6
2342 -4 2 6
2343 -4 2 6
2344 -4 2 6
2345 -4 2 6
2346 -5 3 7
2347 -4 3 7
2348 -4 3 9
2349 -5 4 8
2350 -5 4 8
2351 -5 5 8
2352 -5 5 8
2353 -5 4 7
2354 -6 3 6
2355 -7 3 9
2356 -4 5 11
2357 -4 6 10
2358 -7 5 10
2359 -7 6 13
2360 -5 6 14
2361 -4 4 13
2362 -4 2 11
2363 -5 2 12
2364 -4 2 12
2365 -2 2 11
2366 -1 1 9
2367 -1 -1 8
2368 -1 -2 8
2369 -1 -2 9
2370 -1 -2 10
2371 -1 -1 11
2372 -2 1 12
2373 -3 1 12
2374 -4 2 11
2375 -3 3 11
2376 -3 3 10
2377 -4 3 9
2378 -4 3 10
2379 -3 3 11
2380 -3 2 11
2381 -3 1 10
2382 -3 1 9
2383 -4 1 9
2384 -4 1 9
2385 -4 1 9
2386 -4 2 9
2387 -4 2 9
2388 -3 3 10
2389 -2 3 10
2390 -2 2 10
2391 -2 2 10
2392 -1 1 10
2393 -1 1 10
2394 -1 1 11
2395 1 1 11
2396 -1 -1 11
2397 -1 -1 11
2398 -1 -2 10
2399 -1 -2 10
2400 -1 -2 11
2401 -2 -3 12
2402 -2 -3 12
2403 -2 -3 14
2404 -2 -2 14
2405 -3 -1 14
2406 -3 -1 13
2407 -4 -1 13
2408 -3 1 12
2409 -3 1 11
2410 -2 1 11
2411 -2 -1 9
2412 -2 -2 7
2413 -1 -2 7
2414 -1 -3 8
2415 -2 -4 7
2416 -1 -4 7
2417 -1 -5 7
2418 -2 -6 7
2419 -2 -6 6
2420 -2 -7 6
2421 -2 -6 5
2422 -1 -5 3
2423 -1 -5 1
2424 1 -3 -2
2425 2 -1 -2
2426 -1 -1 -3
2427 -2 1 -3
2428 -1 2 1
2429 -2 3 4
2430 -3 3 7
2431 -3 3 10
2432 -4 3 11
2433 -6 3 11
2434 -6 4 12
2435 -6 4 12
2436 -7 3 13
2437 -8 4 15
2438 -11 3 16
2439 -12 2 16
2440 -12 2 16
2441 -12 2 16
2442 -12 3 15
2443 -11 4 14
2444 -10 4 14
2445 -9 5 13
2446 -8 4 12
2447 -6 4 12
2448 -5 4 11
2449 -4 4 9
2450 -3 3 7
2451 -1 2 5
2452 0 2 2
2453 3 2 2
2454 4 1 3
2455 4 0 3
2456 5 -1 5
2457 5 -2 6
2458 5 -3 7
2459 6 -3 7
2460 6 -4 9
2461 6 -4 10
2462 5 -4 11
2463 5 -3 11
2464 6 -2 11
2465 5 -2 11
2466 2 -2 10
2467 -1 -2 10
2468 -3 -2 9
2469 -5 -2 9
2470 -8 -3 10
2471 -10 -4 11
2472 -11 -4 11
2473 -11 -4 10
2474 -9 -3 10
2475 -7 -2 10
2476 -6 -1 7
2477 -5 1 6
2478 -3 2 6
2479 -3 2 4
2480 -3 2 3
2481 -3 1 4
2482 -3 1 5
2483 -4 -1 7
2484 -6 -2 8
2485 -8 -2 11
2486 -9 -2 13
2487 -10 -2 14
2488 -8 -2 15
2489 -7 -2 14
2490 -5 -2 13
2491 -3 -2 13
2492 -1 -1 12
2493 -1 0 11
2494 -2 1 11
2495 -3 2 11
2496 -3 2 11
2497 -4 2 10
2498 -4 2 10
2499 -4 2 10
2500 -4 2 9
2501 -4 2 9
2502 -4 2 9
2503 -4 2 9
2504 -4 2 9
2505 -3 2 9
2506 -4 2 10
2507 -4 1 10
2508 -4 1 9
2509 -4 1 9
2510 -4 0 9
2511 -3 1 9
2512 -3 1 10
2513 -3 1 10
2514 -3 1 10
2515 -4 1 10
2516 -3 1 10
2517 -3 1 10
2518 -3 1 10
2519 -4 1 10
2520 -4 1 10
2521 -4 1 10
2522 -4 1 10
2523 -4 1 10
2524 -4 1 10
2525 -4 1 10
2526 -4 1 10
2527 -3 1 10
2528 -3 1 10
2529 -3 1 10
2530 -3 1 10
2531 -3 1 10
2532 -3 1 9
2533 -3 1 9
2534 -2 1 9
2535 -2 1 10
2536 -2 0 11
2537 -3 0 12
2538 -3 -1 13
2539 -3 0 14
2540 -3 1 14
2541 -2 2 14
2542 -2 3 13
2543 -2 3 12
2544 -2 3 12
2545 -3 2 12
2546 -2 2 11
2547 -2 -1 9
2548 -2 -2 9
2549 -2 -3 8
2550 -3 -4 6
2551 -2 -4 3
2552 -2 -5 1
2553 -2 -5 1
2554 -2 -5 2
2555 -1 -5 3
2556 -1 -6 4
2557 -1 -6 4
2558 -1 -7 5
2559 -2 -8 6
2560 -3 -8 7
2561 -3 -8 7
2562 -3 -8 8
2563 -4 -8 8
2564 -3 -8 8
2565 -3 -8 8
2566 -2 -8 8
2567 -1 -6 8
2568 2 -5 8
2569 2 -5 9
2570 1 -5 9
2571 1 -5 9
2572 2 -5 9
2573 1 -6 10
2574 0 -6 11
2575 0 -6 11
2576 -1 -6 11
2577 1 -6 11
2578 1 -5 10
2579 1 -5 10
2580 1 -5 10
2581 1 -5 10
2582 -1 -6 10
2583 -1 -6 10
2584 -1 -6 9
2585 -1 -7 7
2586 -2 -7 5
2587 -2 -7 5
2588 -2 -7 5
2589 -1 -7 6
2590 -1 -7 6
2591 -1 -7 6
2592 -1 -7 7
2593 -1 -8 8
2594 -1 -8 10
2595 -2 -8 11
2596 -2 -9 12
2597 -2 -9 12
2598 -2 -8 12
2599 -2 -8 11
2600 -2 -8 9
2601 -2 -8 7
2602 -2 -8 5
2603 -2 -8 4
2604 -2 -8 2
2605 -2 -8 1
2606 -2 -8 0
2607 -1 -8 -2
2608 -1 -8 -3
2609 -1 -8 -5
2610 -1 -8 -6
2611 0 -7 -7
2612 1 -7 -8
2613 1 -7 -9
2614 2 -7 -9
2615 2 -7 -9
2616 1 -7 -9
2617 1 -7 -9
2618 1 -8 -10
2619 1 -8 -10
2620 1 -8 -10
2621 1 -7 -10
2622 1 -7 -10
2623 1 -7 -10
2624 1 -7 -10
2625 1 -7 -8
2626 1 -7 -7
2627 -1 -7 -6
2628 1 -7 -6
2629 1 -7 -5
2630 -1 -7 -3
2631 -3 -6 -1
2632 -2 -5 1
2633 -3 -4 3
2634 -3 -2 5
2635 0 -1 6
2636 1 1 7
2637 -1 1 8
2638 -1 2 8
2639 2 3 9
2640 -1 3 11
2641 -2 3 11
2642 -1 4 12
2643 -2 3 13
2644 -5 2 12
2645 -5 3 11
2646 -4 6 12
2647 -7 6 14
2648 -6 8 14
2649 -2 10 16
2650 -2 7 16
2651 -4 5 14
2652 -2 4 12
2653 -1 4 11
2654 -2 4 11
2655 -2 4 11
2656 0 4 11
2657 -1 4 11
2658 -2 4 12
2659 -1 3 12
2660 -1 3 12
2661 -2 3 12
2662 -2 2 11
2663 -2 2 11
2664 -2 2 10
2665 -2 1 10
2666 -2 1 10
2667 -2 -1 10
2668 -2 -1 9
2669 -2 -2 8
2670 -1 -2 7
2671 -2 -3 6
2672 -2 -3 5
2673 -1 -3 3
2674 1 -3 2
2675 1 -2 -1
2676 1 1 -4
2677 3 2 -5
2678 1 2 -4
2679 -2 2 -2
2680 -3 3 3
2681 -3 4 7
2682 -4 4 9
2683 -4 6 12
2684 -3 7 13
2685 -4 7 14
2686 -5 7 15
2687 -6 7 16
2688 -7 6 16
2689 -7 6 16
2690 -5 6 16
2691 -5 6 16
2692 -4 6 16
2693 -3 6 15
2694 -3 6 13
2695 -3 5 12
2696 -2 5 11
2697 -1 4 9
2698 1 4 7
2699 3 3 6
2700 3 3 4
2701 3 2 3
2702 2 0 2
2703 2 -2 0
2704 0 -3 -1
2705 0 -3 -2
2706 0 -3 -2
2707 -1 -3 -2
2708 -1 -3 -2
2709 -1 -2 -1
2710 -1 -1 -1
2711 -2 1 2
2712 -3 1 3
2713 -4 3 5
2714 -4 5 8
2715 -4 6 10
2716 -4 9 12
2717 -2 10 14
2718 -3 10 15
2719 -4 9 15
2720 -4 9 15
2721 -5 8 16
2722 -4 8 16
2723 -4 8 16
2724 -5 7 16
2725 -5 8 15
2726 -4 8 15
2727 -3 8 14
2728 -3 8 13
2729 -3 8 12
2730 -2 7 12
2731 -2 6 11
2732 -3 5 10
2733 -3 4 8
2734 -2 3 6
2735 -1 2 4
2736 0 1 1
2737 1 -1 -2
2738 2 -2 -3
2739 1 -3 -3
2740 2 -3 -3
2741 2 -3 -2
2742 1 -3 -1
2743 1 -2 2
2744 2 -2 3
2745 2 -2 3
2746 2 -1 2
2747 3 1 3
2748 2 2 4
2749 -1 2 6
2750 -2 3 8
2751 -2 4 12
2752 -2 4 15
2753 -4 3 16
2754 -4 2 16
2755 -4 2 16
2756 -4 2 16
2757 -3 2 14
2758 -2 2 13
2759 -1 2 11
2760 -2 2 11
2761 -3 2 10
2762 -2 2 9
2763 -1 3 9
2764 -1 3 9
2765 -2 2 10
2766 -1 2 10
2767 -1 2 10
2768 -1 2 9
2769 -2 2 9
2770 -2 2 10
2771 -1 2 10
2772 -1 3 10
2773 -2 2 10
2774 -2 2 10
2775 -2 2 10
2776 -2 2 10
2777 -2 2 10
2778 -1 2 10
2779 -1 2 10
2780 -1 2 10
2781 -1 2 10
2782 -1 2 10
2783 -1 2 10
2784 -2 2 11
2785 -2 2 11
2786 -2 2 11
2787 -2 2 11
2788 -3 2 9
2789 -3 2 9
2790 -2 2 9
2791 -2 2 8
2792 -2 3 9
2793 -1 3 10
2794 -2 3 11
2795 -2 4 11
2796 -3 4 11
2797 -4 3 9
2798 -3 3 7
2799 -3 2 7
2800 -4 1 7
2801 -5 1 8
2802 -5 2 9
2803 -6 2 10
2804 -7 2 11
2805 -7 2 11
2806 -8 2 11
2807 -10 1 11
2808 -11 1 10
2809 -12 1 10
2810 -10 3 10
2811 -5 4 10
2812 -5 3 10
2813 -7 2 10
2814 -5 2 9
2815 -5 1 7
2816 -5 -1 5
2817 -4 -1 6
2818 -3 -2 7
2819 -2 -3 7
2820 -2 -4 8
2821 -5 -3 8
2822 -5 -3 8
2823 -5 -4 8
2824 -5 -5 7
2825 -5 -5 7
2826 -5 -4 7
2827 -6 -4 7
2828 -7 -5 7
2829 -7 -5 7
2830 -8 -5 7
2831 -7 -5 6
2832 -7 -5 6
2833 -6 -5 7
2834 -6 -5 7
2835 -7 -5 7
2836 -7 -5 7
2837 -7 -5 7
2838 -6 -5 7
2839 -6 -5 7
2840 -6 -4 7
2841 -7 -4 10
2842 -7 -4 7
2843 -8 -5 7
2844 -6 -5 7
2845 -6 -5 7
2846 -6 -5 7
2847 -7 -6 7
2848 -8 -6 7
2849 -8 -6 7
2850 -7 -5 7
2851 -6 -6 7
2852 -6 -8 8
2853 -8 -10 8
2854 -6 -6 8
2855 -6 -3 8
2856 -9 -3 7
2857 -9 -1 5
2858 -6 2 5
2859 -5 3 5
2860 -7 1 6
2861 -5 -2 6
2862 -4 -5 6
2863 -4 -7 6
2864 -5 -7 6
2865 -4 -10 5
2866 -4 -10 5
2867 -5 -9 3
2868 -4 -11 2
2869 -4 -12 2
2870 -4 -11 3
2871 -3 -12 3
2872 -2 -11 2
2873 -3 -10 2
2874 -5 -9 3
2875 -8 -7 5
2876 -11 -5 8
2877 -11 -7 6
2878 -5 -9 3
2879 -3 -7 5
2880 -5 -7 9
2881 -8 -8 9
2882 -6 -8 9
2883 -3 -7 8
2884 -4 -6 9
2885 -6 -8 11
2886 -4 -7 8
2887 -4 -8 6
2888 -5 -11 8
2889 1 -6 13
2890 3 -3 13
2891 1 -7 9
2892 4 -5 10
2893 8 -2 11
2894 9 1 11
2895 9 2 9
