t x y z
0 -1 -1 4
1 -2 -2 4
2 -3 -3 4
3 -2 -3 5
4 -1 -2 6
5 -1 -2 5
6 -2 -3 6
7 -3 -3 6
8 -3 -3 7
9 -1 -2 8
10 -2 -2 8
11 -2 -2 8
12 -2 -2 8
13 -2 -1 9
14 -1 -1 8
15 1 -1 8
16 -1 0 9
17 -2 -1 9
18 -2 1 10
19 -3 1 10
20 -2 2 10
21 -1 2 10
22 -3 1 10
23 -3 1 9
24 -3 1 10
25 -2 2 11
26 -4 2 12
27 -4 2 12
28 -3 3 12
29 -2 3 12
30 -3 3 12
31 -3 3 12
32 -2 3 12
33 -2 3 11
34 -2 2 11
35 -2 2 11
36 -2 2 11
37 -1 3 11
38 -1 3 11
39 -1 3 11
40 -1 3 11
41 0 3 11
42 0 4 10
43 1 4 10
44 1 3 10
45 0 3 10
46 0 3 11
47 0 4 11
48 0 4 11
49 -1 4 10
50 -1 4 10
51 -1 4 10
52 0 4 9
53 -1 4 9
54 -1 3 9
55 -1 3 9
56 -1 3 9
57 -1 2 9
58 -1 2 9
59 1 2 9
60 1 2 9
61 1 2 10
62 1 2 10
63 1 2 11
64 1 2 11
65 1 2 11
66 -1 2 11
67 -1 2 11
68 -1 2 11
69 -1 2 10
70 -1 2 10
71 -1 3 10
72 -1 3 10
73 0 3 10
74 0 3 10
75 -1 3 10
76 -1 3 10
77 0 3 10
78 -1 3 10
79 0 2 10
80 1 2 10
81 1 1 9
82 1 1 9
83 2 2 10
84 2 2 11
85 2 2 10
86 2 1 10
87 2 1 10
88 2 2 10
89 3 2 9
90 3 2 10
91 3 2 11
92 3 3 11
93 4 2 11
94 4 2 10
95 3 2 10
96 3 2 10
97 3 2 10
98 2 2 10
99 2 2 11
100 2 2 10
101 2 2 10
102 1 2 10
103 1 2 10
104 1 2 10
105 1 2 11
106 1 3 10
107 1 2 10
108 1 2 10
109 0 3 10
110 0 3 10
111 1 4 11
112 1 4 11
113 1 4 10
114 1 3 10
115 1 3 10
116 1 3 10
117 1 3 11
118 1 3 10
119 1 3 10
120 1 3 10
121 1 3 10
122 2 3 10
123 2 3 10
124 2 3 10
125 2 3 11
126 2 4 11
127 1 4 11
128 2 4 11
129 3 4 10
130 2 4 11
131 1 4 11
132 1 4 12
133 2 4 12
134 2 3 11
135 1 2 9
136 1 2 9
137 1 2 9
138 1 2 9
139 1 2 10
140 1 1 10
141 1 1 9
142 1 1 9
143 1 1 10
144 1 1 10
145 0 1 11
146 1 2 11
147 2 2 11
148 1 2 11
149 -1 2 11
150 -1 2 11
151 -1 2 11
152 -1 1 9
153 -1 1 9
154 -1 0 8
155 0 0 8
156 0 0 9
157 1 0 9
158 1 1 9
159 1 1 10
160 1 1 10
161 1 2 11
162 1 3 12
163 2 4 12
164 2 4 11
165 2 3 10
166 1 3 10
167 1 3 11
168 2 3 10
169 1 3 9
170 0 2 9
171 1 2 9
172 1 2 10
173 -1 3 11
174 -1 3 11
175 -1 3 11
176 -1 3 11
177 0 2 11
178 -1 2 10
179 -2 2 10
180 -2 2 11
181 -1 2 12
182 1 3 11
183 0 3 11
184 -2 3 11
185 -3 2 11
186 -2 3 11
187 -1 2 9
188 -1 2 8
189 -1 1 8
190 -1 1 8
191 0 2 8
192 1 2 9
193 1 2 9
194 1 2 9
195 1 3 11
196 1 3 12
197 1 3 12
198 2 3 10
199 1 2 9
200 1 3 11
201 1 3 11
202 1 3 11
203 1 3 10
204 1 3 9
205 1 2 7
206 0 2 8
207 1 2 10
208 2 3 10
209 3 4 10
210 2 3 10
211 1 1 10
212 1 1 10
213 2 1 10
214 2 1 10
215 2 1 10
216 1 0 10
217 1 1 10
218 1 2 11
219 1 2 12
220 1 3 12
221 1 3 11
222 -1 3 11
223 -1 2 10
224 -1 2 10
225 -1 1 9
226 -1 1 8
227 -1 1 9
228 1 2 9
229 1 2 9
230 1 2 10
231 -1 2 10
232 -1 2 10
233 -1 3 10
234 -1 3 11
235 -1 3 10
236 -2 3 10
237 -1 3 12
238 1 3 11
239 1 3 9
240 -2 2 10
241 -2 2 9
242 -2 3 10
243 -2 2 11
244 -2 2 11
245 -2 2 10
246 -2 2 10
247 -2 3 11
248 -1 3 11
249 0 3 11
250 1 3 11
251 -1 3 11
252 -1 3 11
253 -1 3 10
254 -1 3 9
255 -1 2 9
256 1 2 10
257 1 1 10
258 -2 0 10
259 -2 1 10
260 -1 2 10
261 -1 2 10
262 -1 2 9
263 -1 3 9
264 -1 3 9
265 -1 4 10
266 0 4 10
267 -2 4 9
268 -3 3 9
269 -2 3 10
270 0 4 11
271 -1 4 10
272 1 4 11
273 3 5 13
274 2 5 13
275 -2 4 13
276 -3 4 13
277 -4 4 13
278 -5 3 12
279 -6 3 12
280 -6 2 12
281 -6 2 11
282 -6 2 11
283 -6 2 11
284 -6 2 10
285 -5 2 8
286 -6 1 7
287 -6 1 7
288 -5 1 6
289 -5 0 5
290 -5 -1 4
291 -4 -1 4
292 -3 -1 3
293 -2 -1 3
294 -1 -1 3
295 1 -1 3
296 2 -1 4
297 2 0 5
298 2 0 6
299 2 1 6
300 3 1 7
301 3 2 10
302 3 2 11
303 3 3 11
304 3 3 12
305 2 3 12
306 1 3 12
307 0 3 13
308 -1 3 13
309 -2 3 14
310 -4 3 13
311 -5 3 12
312 -5 3 12
313 -7 1 12
314 -7 1 11
315 -5 2 11
316 -5 2 10
317 -5 2 9
318 -5 2 8
319 -3 4 9
320 -2 4 11
321 -3 3 10
322 -3 3 10
323 -3 3 10
324 -2 4 10
325 -2 4 10
326 -1 4 10
327 -1 3 9
328 -2 2 9
329 -2 2 9
330 -1 3 10
331 0 2 11
332 -1 2 10
333 -1 2 9
334 0 2 9
335 -1 1 9
336 -1 0 10
337 -1 1 11
338 -1 1 11
339 -1 1 11
340 -1 2 11
341 1 2 11
342 1 2 11
343 -1 2 11
344 -2 2 11
345 -1 2 11
346 -1 3 11
347 0 3 11
348 -1 3 10
349 -1 3 10
350 1 3 10
351 0 3 10
352 -1 3 10
353 -1 2 10
354 -1 3 10
355 -1 2 10
356 -2 2 10
357 -2 2 9
358 -2 1 8
359 -2 1 7
360 -2 1 7
361 -2 1 6
362 -2 1 6
363 -3 1 6
364 -3 1 6
365 -3 1 6
366 -4 1 7
367 -5 -1 7
368 -6 -1 8
369 -5 -1 7
370 -5 1 7
371 -5 1 6
372 -5 1 6
373 -6 1 6
374 -6 2 6
375 -7 2 7
376 -7 2 7
377 -7 2 6
378 -8 2 6
379 -8 2 7
380 -9 2 8
381 -9 2 8
382 -10 2 8
383 -11 2 7
384 -11 2 7
385 -10 2 7
386 -11 2 7
387 -11 2 7
388 -11 2 7
389 -11 2 7
390 -11 2 7
391 -11 2 7
392 -11 1 7
393 -11 1 8
394 -11 -1 8
395 -11 -1 8
396 -10 -1 8
397 -9 -1 8
398 -8 -1 7
399 -10 -1 8
400 -10 -1 8
401 -8 1 6
402 -11 1 9
403 -12 -1 11
404 -11 -1 11
405 -11 -1 11
406 -12 -1 11
407 -11 -1 10
408 -10 0 9
409 -10 0 9
410 -10 -1 9
411 -10 -1 8
412 -9 -2 8
413 -8 -2 9
414 -9 -1 9
415 -9 1 7
416 -7 0 5
417 -6 1 5
418 -5 1 5
419 -4 1 5
420 -6 0 5
421 -6 0 6
422 -5 1 4
423 -4 0 3
424 -5 -1 4
425 -5 -2 5
426 -5 -2 5
427 -5 -3 6
428 -5 -3 8
429 -6 -3 8
430 -5 -3 7
431 -5 -3 6
432 -5 -3 7
433 -5 -3 7
434 -6 -4 7
435 -5 -4 8
436 -5 -4 8
437 -5 -5 8
438 -6 -5 8
439 -6 -5 8
440 -6 -5 8
441 -5 -4 9
442 -4 -3 9
443 -4 -3 9
444 -4 -3 9
445 -3 -3 10
446 -3 -3 10
447 -3 -3 10
448 -4 -4 11
449 -4 -5 11
450 -4 -5 11
451 -4 -5 11
452 -4 -4 11
453 -3 -4 11
454 -3 -3 11
455 -3 -3 10
456 -2 -3 10
457 -2 -3 10
458 -2 -3 9
459 -2 -3 10
460 -2 -3 10
461 -2 -3 11
462 -2 -4 11
463 1 -4 11
464 2 -5 11
465 2 -5 11
466 1 -5 12
467 1 -3 12
468 1 -1 11
469 1 -1 10
470 -1 1 9
471 -2 3 9
472 -2 4 10
473 -1 5 10
474 -1 5 9
475 -2 4 9
476 -1 3 7
477 -1 3 7
478 -3 2 7
479 -3 1 7
480 -3 1 8
481 -2 1 9
482 -2 1 9
483 -2 -1 10
484 -3 0 10
485 -3 -1 10
486 -2 -1 9
487 -1 -1 10
488 -1 -1 10
489 -1 -1 9
490 1 1 10
491 -1 0 11
492 -1 0 11
493 -1 0 11
494 1 1 11
495 3 1 10
496 2 1 11
497 2 1 11
498 3 1 11
499 3 1 10
500 3 1 11
501 2 2 11
502 1 1 10
503 -2 1 10
504 -2 1 11
505 -4 1 11
506 -5 -1 10
507 -5 -1 9
508 -6 -1 9
509 -6 -1 10
510 -6 -1 9
511 -6 -1 8
512 -5 -1 8
513 -4 -1 8
514 -4 0 8
515 -4 1 8
516 -5 1 7
517 -5 1 6
518 -6 1 6
519 -5 2 6
520 -5 2 7
521 -5 2 7
522 -5 2 8
523 -5 3 9
524 -5 3 10
525 -4 4 11
526 -4 4 11
527 -3 4 12
528 -2 4 12
529 -2 3 12
530 -1 3 13
531 2 4 13
532 2 3 13
533 2 3 13
534 2 3 12
535 3 3 12
536 3 3 11
537 3 3 11
538 3 3 11
539 2 4 11
540 2 4 10
541 2 4 10
542 1 5 10
543 1 5 10
544 1 5 10
545 -1 5 11
546 -2 5 11
547 -3 5 10
548 -4 5 11
549 -5 4 10
550 -4 4 10
551 -6 4 9
552 -7 2 8
553 -7 3 8
554 -5 5 8
555 -6 4 9
556 -8 3 8
557 -6 3 8
558 -5 3 8
559 -4 4 8
560 -3 5 9
561 -2 5 9
562 -2 5 9
563 -2 5 9
564 -2 5 8
565 -2 5 9
566 -2 5 9
567 -2 5 7
568 -2 4 7
569 -2 4 8
570 -3 4 7
571 -3 4 8
572 -3 5 8
573 -3 5 8
574 -3 5 11
575 -2 5 11
576 -2 5 11
577 -2 5 11
578 -3 4 12
579 -2 5 13
580 -1 5 12
581 -1 5 12
582 -3 4 12
583 -3 3 12
584 -2 3 11
585 -1 3 9
586 -2 3 9
587 -2 3 9
588 -1 2 9
589 -1 2 9
590 -1 2 10
591 1 3 10
592 1 3 10
593 -1 3 11
594 -2 3 11
595 -2 3 10
596 -2 3 9
597 -2 2 9
598 -3 2 9
599 -4 1 8
600 -4 2 9
601 -3 3 9
602 -3 4 9
603 -3 4 11
604 -4 4 11
605 -3 3 10
606 -2 3 9
607 -2 3 9
608 -2 3 9
609 -3 4 9
610 -2 4 9
611 -2 4 9
612 -2 5 9
613 -2 5 9
614 -3 5 9
615 -3 5 10
616 -3 6 10
617 -3 6 10
618 -3 5 9
619 -2 5 9
620 -2 5 9
621 -2 5 9
622 -1 5 9
623 -1 5 9
624 -1 6 8
625 -1 6 8
626 -1 6 11
627 -1 6 12
628 -1 6 11
629 0 6 10
630 0 6 10
631 -1 6 10
632 -2 5 10
633 -1 5 10
634 -1 5 10
635 -1 5 10
636 -2 5 9
637 -2 5 9
638 -3 5 10
639 -4 5 11
640 -4 5 11
641 -4 5 11
642 -3 5 7
643 -3 5 6
644 -3 5 8
645 -3 5 9
646 -4 5 9
647 -4 5 9
648 -4 5 9
649 -4 5 9
650 -4 4 9
651 -4 4 9
652 -3 4 9
653 -3 3 9
654 -3 3 8
655 -3 2 9
656 -2 2 10
657 -2 2 9
658 -2 2 10
659 -1 3 11
660 -2 4 11
661 -2 4 11
662 -2 3 12
663 -3 3 11
664 -3 3 10
665 -3 4 11
666 -3 4 13
667 -2 3 12
668 -3 2 12
669 -3 3 12
670 -2 5 12
671 -2 6 11
672 -2 6 9
673 -1 5 10
674 -2 6 10
675 -2 6 7
676 -2 5 7
677 -1 5 7
678 -2 4 5
679 -3 2 5
680 -3 2 7
681 -2 2 9
682 -1 3 9
683 -1 2 8
684 -1 2 8
685 -2 1 10
686 -1 2 10
687 -1 2 9
688 -1 2 10
689 -3 2 11
690 -5 1 12
691 -5 1 12
692 -4 2 12
693 -4 2 13
694 -4 1 12
695 -4 1 12
696 -3 1 11
697 -3 0 12
698 -3 1 12
699 -1 1 10
700 -2 1 10
701 -3 -1 9
702 -2 -1 8
703 -1 -1 7
704 -1 -1 6
705 -1 -2 4
706 -1 -2 3
707 -1 -2 3
708 0 -2 2
709 -1 -2 2
710 -2 -2 2
711 -2 -2 3
712 -1 -1 3
713 -1 1 5
714 -2 1 6
715 -2 1 7
716 -2 2 9
717 -1 2 9
718 -2 2 10
719 -3 3 11
720 -3 3 11
721 -4 3 12
722 -4 3 13
723 -3 3 13
724 -3 2 14
725 -3 2 14
726 -3 2 14
727 -2 2 13
728 -1 2 13
729 2 3 12
730 3 3 12
731 2 3 12
732 3 4 11
733 3 4 11
734 2 4 10
735 1 4 10
736 -1 4 10
737 -2 4 11
738 -4 3 11
739 -5 2 10
740 -6 2 10
741 -8 1 8
742 -8 1 7
743 -6 2 8
744 -5 3 9
745 -6 2 9
746 -5 2 9
747 -4 2 7
748 -3 3 8
749 -3 3 10
750 -2 4 10
751 -2 5 9
752 -3 5 8
753 -3 5 8
754 -2 5 6
755 -2 4 7
756 -2 3 7
757 -2 2 6
758 -2 1 6
759 -2 1 8
760 -2 1 9
761 -3 0 9
762 -5 1 11
763 -4 3 13
764 -3 3 13
765 -4 3 13
766 -4 3 12
767 -3 4 12
768 -2 5 12
769 -2 5 10
770 -3 5 9
771 -4 5 9
772 -4 5 9
773 -4 5 8
774 -4 5 8
775 -4 5 9
776 -3 5 8
777 -3 4 7
778 -3 4 8
779 -4 4 8
780 -5 4 7
781 -5 5 7
782 -5 5 8
783 -6 4 9
784 -6 4 8
785 -6 4 7
786 -6 4 6
787 -6 3 5
788 -6 2 5
789 -5 1 4
790 -5 2 3
791 -5 2 3
792 -5 3 3
793 -5 4 4
794 -5 5 5
795 -7 5 6
796 -8 5 6
797 -8 5 5
798 -8 6 5
799 -8 6 5
800 -8 5 5
801 -8 6 4
802 -9 5 4
803 -11 4 5
804 -11 4 4
805 -9 6 4
806 -10 5 6
807 -10 4 5
808 -10 4 5
809 -11 4 5
810 -11 4 5
811 -11 4 6
812 -11 3 6
813 -11 3 5
814 -11 2 5
815 -11 2 5
816 -11 1 5
817 -14 -3 6
818 -11 -2 4
819 -10 -1 4
820 -9 1 3
821 -10 0 4
822 -11 -1 4
823 -13 -1 7
824 -14 -2 7
825 -14 -2 4
826 -13 -2 4
827 -14 -2 5
828 -13 -2 5
829 -12 -2 5
830 -12 -2 5
831 -12 -3 5
832 -11 -3 4
833 -11 -3 4
834 -11 -4 4
835 -11 -4 3
836 -11 -5 3
837 -11 -6 4
838 -12 -7 5
839 -12 -7 5
840 -12 -7 4
841 -12 -7 3
842 -11 -7 3
843 -11 -7 4
844 -10 -7 4
845 -10 -7 3
846 -10 -7 2
847 -9 -8 2
848 -9 -7 2
849 -8 -7 1
850 -6 -6 1
851 -5 -6 0
852 -5 -6 -1
853 -5 -5 -2
854 -3 -5 -3
855 -2 -5 -4
856 -3 -6 -3
857 -1 -5 -3
858 1 -4 -3
859 1 -4 -3
860 0 -4 -3
861 0 -5 -3
862 2 -5 -4
863 4 -4 -5
864 6 -4 -5
865 7 -4 -4
866 7 -4 -4
867 7 -5 -5
868 7 -5 -5
869 8 -5 -4
870 8 -4 -4
871 8 -4 -3
872 8 -5 -3
873 7 -5 -4
874 7 -6 -4
875 6 -6 -3
876 5 -7 -2
877 5 -7 -2
878 5 -7 -2
879 4 -7 -2
880 4 -7 -2
881 3 -8 -2
882 3 -8 -2
883 3 -8 -3
884 3 -8 -3
885 2 -9 -3
886 2 -9 -2
887 2 -8 -2
888 2 -8 -2
889 1 -8 -2
890 1 -8 -1
891 1 -8 -1
892 1 -7 -1
893 2 -6 0
894 1 -7 3
895 -3 -7 4
896 -3 -5 5
897 -1 -2 9
898 -1 -2 11
899 -3 -2 11
900 -3 1 11
901 -4 2 14
902 -4 2 15
903 -6 2 14
904 -5 4 14
905 -4 5 14
906 -4 5 14
907 -5 4 13
908 -6 4 13
909 -5 4 14
910 -4 4 13
911 -2 4 11
912 -2 5 10
913 -2 6 10
914 -2 5 9
915 -2 5 8
916 -2 6 8
917 -2 6 8
918 -1 5 8
919 -1 5 10
920 -1 4 9
921 -1 4 9
922 -1 4 11
923 -2 3 12
924 -2 3 13
925 -2 3 13
926 -3 3 13
927 -3 3 13
928 -3 3 13
929 -3 4 13
930 -3 4 12
931 -3 4 12
932 -2 4 11
933 -2 4 10
934 -2 3 9
935 -2 3 9
936 -1 2 8
937 -2 1 7
938 -2 1 5
939 -1 -1 4
940 -2 -1 3
941 -2 -2 2
942 -1 -2 2
943 0 -2 2
944 -1 -2 3
945 -1 -2 3
946 -1 -2 3
947 -2 -2 4
948 -3 -2 6
949 -2 -1 8
950 -1 1 7
951 -1 1 7
952 -3 2 9
953 -3 2 10
954 -2 2 10
955 -2 3 11
956 -2 3 11
957 -2 3 12
958 -4 3 13
959 -4 2 13
960 -3 2 13
961 -2 2 14
962 -3 2 13
963 -3 2 13
964 -4 2 13
965 -4 2 13
966 -4 2 13
967 -4 2 13
968 -5 2 13
969 -6 2 13
970 -5 2 13
971 -4 3 12
972 -4 3 12
973 -3 3 12
974 -3 3 11
975 -3 2 10
976 -3 2 10
977 -3 2 9
978 -2 1 9
979 -2 1 8
980 -2 0 8
981 -2 -1 7
982 -2 -2 7
983 -2 -2 6
984 -1 -2 6
985 -1 -3 5
986 -1 -3 4
987 -1 -4 4
988 -1 -4 3
989 -1 -4 3
990 -1 -4 3
991 -1 -4 2
992 -1 -4 2
993 0 -2 2
994 1 -2 3
995 -1 -2 4
996 -1 -1 4
997 -1 0 5
998 -2 1 6
999 -2 2 7
1000 -2 2 9
1001 -3 3 10
1002 -3 4 11
1003 -4 4 12
1004 -5 4 13
1005 -5 4 13
1006 -5 4 13
1007 -6 4 14
1008 -6 3 15
1009 -5 5 13
1010 -4 5 13
1011 -3 4 12
1012 -3 4 12
1013 -4 4 11
1014 -4 4 11
1015 -3 4 10
1016 -3 4 10
1017 -2 4 10
1018 -1 4 10
1019 -2 4 10
1020 -2 4 10
1021 -2 4 10
1022 -2 4 10
1023 -2 4 10
1024 -1 3 11
1025 1 4 11
1026 -1 3 11
1027 -1 3 11
1028 -1 3 11
1029 -1 3 11
1030 1 4 11
1031 -1 3 10
1032 -2 3 10
1033 -1 4 10
1034 3 5 10
1035 2 4 9
1036 -1 3 9
1037 -2 2 9
1038 -1 2 8
1039 1 3 9
1040 -1 2 10
1041 -1 2 9
1042 -2 3 9
1043 -1 3 9
1044 -1 3 10
1045 -1 2 9
1046 -1 2 9
1047 0 2 10
1048 1 3 10
1049 1 3 10
1050 1 3 11
1051 2 4 10
1052 2 4 10
1053 2 3 10
1054 3 3 10
1055 4 3 10
1056 4 3 10
1057 4 3 10
1058 4 4 9
1059 4 4 9
1060 3 4 9
1061 2 4 9
1062 3 5 11
1063 3 5 11
1064 2 5 10
1065 1 4 10
1066 1 4 11
1067 1 4 11
1068 -1 3 11
1069 -1 3 10
1070 -1 2 11
1071 -1 2 11
1072 -1 2 10
1073 -2 2 10
1074 -2 3 10
1075 -2 3 9
1076 -2 4 10
1077 -2 5 11
1078 -1 6 11
1079 -1 6 11
1080 -1 6 10
1081 -2 6 10
1082 -2 5 9
1083 -2 5 9
1084 -1 5 9
1085 -1 4 10
1086 -2 4 10
1087 -1 4 9
1088 -1 4 8
1089 -1 3 9
1090 0 3 9
1091 -1 3 9
1092 -1 3 9
1093 -1 3 10
1094 -1 3 10
1095 -1 4 9
1096 -2 5 9
1097 -1 5 11
1098 1 6 11
1099 2 7 9
1100 -1 7 8
1101 -3 6 10
1102 -2 5 10
1103 -1 5 8
1104 0 4 7
1105 0 4 6
1106 1 4 6
1107 1 4 7
1108 1 5 7
1109 1 5 7
1110 1 5 7
1111 1 5 7
1112 1 5 6
1113 1 6 6
1114 2 6 7
1115 3 7 7
1116 3 7 9
1117 2 7 10
1118 2 7 10
1119 3 7 9
1120 3 6 11
1121 1 6 11
1122 0 6 11
1123 0 6 11
1124 1 5 11
1125 2 4 12
1126 3 3 14
1127 1 4 13
1128 1 4 8
1129 1 4 8
1130 2 4 10
1131 1 3 11
1132 1 3 11
1133 2 4 11
1134 3 4 11
1135 3 3 10
1136 3 2 10
1137 2 2 8
1138 3 2 7
1139 3 2 9
1140 3 2 10
1141 2 2 11
1142 3 3 11
1143 3 4 11
1144 3 4 11
1145 2 4 11
1146 1 4 11
1147 1 4 11
1148 1 4 9
1149 1 4 8
1150 1 4 8
1151 1 4 8
1152 1 4 10
1153 2 4 10
1154 2 5 11
1155 1 4 11
1156 1 4 10
1157 1 4 10
1158 1 4 10
1159 0 4 10
1160 -1 3 10
1161 -1 3 10
1162 -1 3 10
1163 -1 3 10
1164 -1 3 10
1165 -1 3 10
1166 -1 3 11
1167 -1 2 11
1168 -1 2 10
1169 -2 2 10
1170 -2 2 10
1171 -2 2 10
1172 -2 1 10
1173 -1 2 10
1174 -1 2 11
1175 -2 2 11
1176 -2 2 11
1177 -2 2 10
1178 -2 1 10
1179 -1 1 9
1180 -1 1 9
1181 -1 2 10
1182 -1 2 10
1183 -1 2 10
1184 -2 1 10
1185 -2 1 10
1186 -2 2 11
1187 -1 2 11
1188 -1 2 11
1189 -1 2 11
1190 -1 2 10
1191 -1 2 10
1192 -1 2 10
1193 -1 2 11
1194 -1 2 11
1195 -1 2 11
1196 -1 2 11
1197 -1 2 10
1198 -1 2 10
1199 -1 2 10
1200 -1 2 10
1201 -1 2 10
1202 -1 2 10
1203 -1 2 10
1204 -1 2 10
1205 -1 2 10
1206 -1 2 10
1207 -1 2 9
1208 0 1 10
1209 0 1 10
1210 0 1 10
1211 0 -1 10
1212 1 -1 10
1213 1 -1 10
1214 1 -1 11
1215 1 0 10
1216 1 1 10
1217 2 1 10
1218 2 1 10
1219 3 1 10
1220 3 1 9
1221 3 2 10
1222 3 2 10
1223 4 2 9
1224 4 2 8
1225 5 1 9
1226 6 1 12
1227 6 2 13
1228 5 3 12
1229 4 3 8
1230 4 3 7
1231 4 3 8
1232 3 3 9
1233 2 3 10
1234 3 4 10
1235 6 6 13
1236 6 7 16
1237 4 4 15
1238 3 4 14
1239 3 3 12
1240 3 3 12
1241 3 3 11
1242 3 3 10
1243 3 3 10
1244 3 3 9
1245 3 3 8
1246 2 3 7
1247 1 3 6
1248 0 3 5
1249 -1 3 5
1250 -1 4 6
1251 -1 4 7
1252 0 4 7
1253 -1 4 8
1254 -1 3 9
1255 -1 2 8
1256 -1 2 7
1257 -1 1 8
1258 -1 1 9
1259 0 0 9
1260 1 0 9
1261 1 1 11
1262 2 1 11
1263 3 2 11
1264 2 2 12
1265 3 3 13
1266 3 4 12
1267 3 3 10
1268 2 2 7
1269 1 1 7
1270 2 2 9
1271 2 2 10
1272 2 2 11
1273 1 2 10
1274 1 1 9
1275 1 1 8
1276 1 1 9
1277 1 1 9
1278 1 2 9
1279 1 2 10
1280 1 2 10
1281 1 2 10
1282 1 2 11
1283 2 3 13
1284 2 3 12
1285 1 3 11
1286 0 2 10
1287 1 2 11
1288 1 2 11
1289 1 1 10
1290 1 0 9
1291 1 -1 9
1292 1 -1 10
1293 1 0 11
1294 2 2 11
1295 2 2 9
1296 1 3 10
1297 -1 3 12
1298 -1 3 11
1299 -1 4 10
1300 0 5 9
1301 -1 5 10
1302 -1 4 10
1303 1 4 10
1304 2 4 11
1305 -1 3 11
1306 -4 3 10
1307 -3 4 9
1308 0 5 9
1309 1 6 7
1310 2 6 6
1311 2 6 8
1312 -1 5 9
1313 -2 3 8
1314 -2 3 10
1315 -2 3 10
1316 -3 2 10
1317 -2 3 11
1318 -1 3 11
1319 -2 3 11
1320 -2 3 11
1321 -3 3 11
1322 -4 3 12
1323 -5 3 12
1324 -4 3 12
1325 -4 3 12
1326 -5 3 13
1327 -5 3 13
1328 -4 3 13
1329 -3 4 13
1330 -2 3 13
1331 -1 3 12
1332 2 4 12
1333 2 3 11
1334 3 3 11
1335 4 2 10
1336 4 2 9
1337 3 1 8
1338 3 1 8
1339 2 -1 8
1340 1 -1 7
1341 1 -2 7
1342 1 -2 8
1343 -1 -2 8
1344 -1 -2 7
1345 -1 -2 7
1346 -2 -2 6
1347 -2 -2 6
1348 -3 -2 5
1349 -4 -2 4
1350 -3 -2 3
1351 -4 -2 3
1352 -5 -3 4
1353 -5 -2 4
1354 -5 -2 5
1355 -5 -2 6
1356 -6 -2 7
1357 -6 -1 7
1358 -6 0 8
1359 -6 0 9
1360 -7 -1 11
1361 -7 0 11
1362 -7 1 11
1363 -7 1 11
1364 -8 1 11
1365 -8 2 11
1366 -7 3 11
1367 -7 3 11
1368 -6 3 11
1369 -6 2 12
1370 -5 3 12
1371 -3 4 12
1372 -2 4 12
1373 -1 4 12
1374 1 4 12
1375 2 4 12
1376 1 4 12
1377 -1 4 11
1378 -3 2 10
1379 -2 2 9
1380 -2 3 8
1381 -1 3 8
1382 -2 3 8
1383 -2 3 7
1384 -1 3 7
1385 -1 3 9
1386 -2 3 9
1387 -2 3 9
1388 -2 3 9
1389 -2 3 9
1390 -2 3 9
1391 -2 3 10
1392 -1 3 10
1393 -2 3 10
1394 -2 2 10
1395 -2 2 10
1396 -3 2 11
1397 -3 2 11
1398 -3 3 11
1399 -2 3 11
1400 -1 4 11
1401 -1 4 11
1402 -1 4 10
1403 -1 4 10
1404 -2 3 11
1405 -2 4 10
1406 -2 4 9
1407 -2 3 9
1408 -3 3 10
1409 -3 2 8
1410 -3 2 7
1411 -4 2 9
1412 -4 1 10
1413 -3 2 9
1414 -4 2 8
1415 -4 2 8
1416 -4 2 9
1417 -4 2 9
1418 -4 2 8
1419 -4 1 8
1420 -4 1 7
1421 -4 1 5
1422 -3 1 6
1423 -3 1 5
1424 -3 1 4
1425 -3 2 7
1426 -3 2 7
1427 -3 3 7
1428 -2 3 9
1429 -3 4 11
1430 -4 3 11
1431 -4 2 11
1432 -3 2 11
1433 -3 2 11
1434 -3 2 10
1435 -3 1 11
1436 -3 -1 11
1437 -4 -2 11
1438 -2 -3 11
1439 -1 -2 12
1440 -2 -3 11
1441 -2 -3 11
1442 -2 -3 12
1443 -2 -3 12
1444 -3 -4 11
1445 -2 -3 11
1446 1 -3 11
1447 2 -4 11
1448 3 -5 13
1449 10 -2 15
1450 11 2 12
1451 0 4 7
1452 5 6 10
1453 9 4 10
1454 4 -6 5
1455 2 -9 10
1456 5 -5 9
1457 6 -5 5
1458 5 -5 8
1459 7 -4 9
1460 5 -6 8
1461 6 -4 9
1462 6 -5 8
1463 5 -5 7
1464 6 -5 8
1465 5 -6 7
1466 5 -5 8
1467 5 -5 8
1468 6 -5 6
1469 5 -5 8
1470 5 -5 7
1471 5 -5 8
1472 5 -5 8
1473 5 -5 8
1474 6 -5 8
1475 4 -5 9
1476 5 -5 9
1477 5 -5 8
1478 4 -5 8
1479 5 -5 8
1480 3 -6 7
1481 5 -5 9
1482 7 -4 8
1483 5 -5 8
1484 5 -5 8
1485 6 -5 8
1486 5 -5 7
1487 5 -5 7
1488 5 -5 8
1489 6 -4 8
1490 5 -5 7
1491 6 -5 9
1492 5 -5 8
1493 5 -5 8
1494 6 -5 7
1495 6 -5 7
1496 6 -5 7
1497 5 -5 8
1498 6 -5 8
1499 6 -5 8
1500 5 -5 8
1501 5 -5 8
1502 5 -5 8
1503 6 -5 7
1504 5 -5 8
1505 5 -5 7
1506 5 -5 8
1507 5 -5 8
1508 6 -5 6
1509 5 -5 8
1510 5 -5 7
1511 6 -5 8
1512 6 -5 8
1513 5 -5 8
1514 5 -5 7
1515 5 -6 7
1516 6 -5 8
1517 6 -5 8
1518 6 -5 8
1519 6 -5 8
1520 6 -5 7
1521 5 -5 7
1522 5 -6 7
1523 5 -6 7
1524 6 -5 7
1525 5 -6 7
1526 5 -5 7
1527 6 -4 7
1528 6 -1 11
1529 7 4 14
1530 10 3 14
1531 7 0 13
1532 3 -2 12
1533 4 0 12
1534 6 2 11
1535 5 1 11
1536 4 1 11
1537 4 1 11
1538 3 0 11
1539 4 -1 10
1540 4 -1 11
1541 3 1 11
1542 3 -1 11
1543 2 -1 10
1544 3 -1 10
1545 4 -1 11
1546 4 -1 10
1547 2 -1 11
1548 1 -1 11
1549 1 0 10
1550 2 1 11
1551 2 2 9
1552 2 1 8
1553 -1 2 9
1554 -1 2 8
1555 -1 2 7
1556 -1 2 7
1557 1 2 8
1558 2 1 9
1559 1 0 9
1560 1 1 8
1561 2 1 8
1562 2 2 8
1563 2 1 8
1564 3 1 9
1565 3 0 8
1566 3 -1 7
1567 3 -2 9
1568 3 -2 9
1569 3 -3 9
1570 1 -2 11
1571 2 0 12
1572 2 2 12
1573 2 3 12
1574 3 3 12
1575 2 3 12
1576 2 5 12
1577 1 5 11
1578 0 4 11
1579 1 4 12
1580 -1 3 11
1581 -1 2 11
1582 1 2 10
1583 2 3 9
1584 1 3 10
1585 -1 3 10
1586 1 2 9
1587 1 2 8
1588 1 2 9
1589 -1 1 9
1590 -1 1 10
1591 -2 0 9
1592 -1 0 9
1593 -1 1 8
1594 -1 -1 7
1595 -1 -1 8
1596 -1 -1 8
1597 -1 -1 8
1598 -1 0 7
1599 -2 0 7
1600 -3 -1 8
1601 -2 -1 10
1602 -1 0 9
1603 -2 -1 9
1604 -2 -1 10
1605 -3 -2 11
1606 -2 -1 11
1607 -2 0 11
1608 -5 -1 11
1609 -6 -1 11
1610 -6 0 10
1611 -6 0 11
1612 -7 -1 11
1613 -7 -1 11
1614 -5 0 11
1615 -4 0 11
1616 -4 -1 11
1617 -3 -1 10
1618 -1 1 9
1619 1 1 10
1620 1 1 10
1621 2 1 9
1622 2 1 10
1623 2 1 10
1624 3 1 9
1625 3 1 9
1626 4 1 10
1627 3 0 9
1628 2 0 9
1629 3 1 9
1630 3 1 10
1631 3 1 8
1632 3 2 8
1633 3 2 8
1634 3 2 8
1635 1 2 9
1636 1 2 10
1637 1 3 10
1638 -2 2 10
1639 -3 2 11
1640 -4 2 11
1641 -3 3 11
1642 -5 2 12
1643 -6 2 12
1644 -5 2 11
1645 -6 2 12
1646 -7 1 11
1647 -7 1 11
1648 -6 2 11
1649 -7 1 11
1650 -8 1 11
1651 -8 2 11
1652 -7 2 10
1653 -7 2 10
1654 -7 2 10
1655 -6 3 10
1656 -6 3 10
1657 -6 3 10
1658 -5 3 10
1659 -5 3 10
1660 -5 3 10
1661 -5 4 9
1662 -3 4 9
1663 -2 4 9
1664 -2 4 10
1665 -1 4 10
1666 2 5 10
1667 3 4 10
1668 4 4 11
1669 4 4 11
1670 3 4 10
1671 3 4 10
1672 1 3 10
1673 -2 2 9
1674 -3 2 9
1675 -2 3 10
1676 -1 4 11
1677 -2 4 10
1678 -2 4 9
1679 -2 4 8
1680 -2 5 9
1681 -2 5 10
1682 -2 4 9
1683 -2 4 8
1684 -2 3 7
1685 -2 2 8
1686 -1 2 9
1687 -2 2 9
1688 -2 1 10
1689 -2 2 11
1690 -2 2 11
1691 -2 2 11
1692 -3 2 11
1693 -3 2 11
1694 -3 2 11
1695 -2 3 11
1696 -2 3 11
1697 -2 3 11
1698 -2 4 11
1699 -2 4 10
1700 -2 4 10
1701 -2 4 9
1702 -2 4 9
1703 -2 4 9
1704 -2 4 9
1705 -2 4 9
1706 -2 4 9
1707 -1 4 10
1708 -1 4 10
1709 1 4 11
1710 1 4 11
1711 1 4 11
1712 1 4 10
1713 1 4 10
1714 2 4 9
1715 2 4 9
1716 2 4 10
1717 2 4 10
1718 1 4 10
1719 1 4 9
1720 0 5 10
1721 0 5 11
1722 1 5 11
1723 0 5 10
1724 -1 5 9
1725 -1 4 9
1726 -1 4 9
1727 -2 4 9
1728 -2 4 9
1729 -2 4 10
1730 -2 5 10
1731 -1 5 11
1732 -1 5 11
1733 -1 5 10
1734 -1 4 9
1735 -1 4 9
1736 -1 4 9
1737 -1 4 9
1738 0 4 10
1739 1 4 10
1740 1 4 9
1741 1 4 9
1742 1 4 10
1743 1 3 10
1744 1 3 10
1745 1 3 10
1746 1 4 10
1747 1 4 10
1748 0 4 10
1749 0 4 10
1750 1 4 10
1751 1 4 10
1752 1 4 11
1753 1 4 11
1754 1 4 11
1755 1 4 11
1756 1 3 10
1757 1 3 10
1758 1 3 10
1759 -1 3 10
1760 -1 2 10
1761 -1 2 10
1762 0 2 10
1763 -1 2 9
1764 -2 2 9
1765 -2 2 10
1766 -2 2 11
1767 -1 3 12
1768 -1 3 12
1769 -2 3 11
1770 -2 3 12
1771 -2 2 12
1772 -1 1 11
1773 -1 1 11
1774 -1 -1 10
1775 -1 0 10
1776 0 0 9
1777 0 0 9
1778 0 1 8
1779 -1 1 7
1780 -1 0 7
1781 -2 0 9
1782 -1 -1 10
1783 -1 -1 10
1784 -1 -2 11
1785 0 -2 13
1786 0 -2 13
1787 1 -1 12
1788 3 -1 12
1789 3 -1 12
1790 3 -1 11
1791 3 -1 9
1792 3 0 8
1793 3 1 8
1794 3 2 10
1795 2 1 11
1796 2 1 11
1797 2 0 11
1798 2 1 11
1799 2 1 11
1800 1 2 11
1801 0 2 11
1802 1 3 11
1803 1 3 10
1804 2 3 10
1805 2 2 9
1806 2 1 8
1807 3 1 8
1808 3 1 9
1809 3 -1 10
1810 3 -1 9
1811 3 -1 9
1812 2 -2 9
1813 1 -3 10
1814 1 -3 10
1815 2 -3 9
1816 2 -2 9
1817 2 -3 9
1818 1 -3 9
1819 1 -3 8
1820 1 -3 8
1821 1 -4 9
1822 1 -3 9
1823 1 -2 9
1824 1 -2 10
1825 1 -2 10
1826 2 -1 9
1827 1 -1 9
1828 1 -1 9
1829 1 -1 10
1830 2 -1 10
1831 1 -1 10
1832 1 -1 11
1833 1 -1 11
1834 2 0 11
1835 1 -1 10
1836 1 -1 11
1837 1 -1 11
1838 1 0 10
1839 1 0 9
1840 1 1 9
1841 1 1 9
1842 1 1 9
1843 2 1 10
1844 2 1 10
1845 2 1 8
1846 2 1 7
1847 2 1 8
1848 2 1 8
1849 2 1 9
1850 2 1 9
1851 2 1 9
1852 2 2 9
1853 2 2 9
1854 2 2 9
1855 2 3 10
1856 2 3 10
1857 3 2 11
1858 3 3 13
1859 4 3 14
1860 5 2 12
1861 6 1 12
1862 7 1 12
1863 7 1 12
1864 5 2 12
1865 4 1 10
1866 3 1 8
1867 2 -1 8
1868 2 -1 8
1869 2 1 10
1870 2 2 11
1871 1 2 11
1872 1 2 11
1873 1 2 10
1874 1 1 10
1875 1 1 10
1876 1 1 11
1877 1 1 11
1878 0 1 11
1879 0 2 11
1880 1 2 11
1881 0 2 10
1882 -1 1 9
1883 1 1 9
1884 2 2 9
1885 2 2 10
1886 3 2 10
1887 4 2 10
1888 4 2 10
1889 3 1 10
1890 3 1 10
1891 3 1 10
1892 3 1 10
1893 3 0 9
1894 2 -1 9
1895 2 -1 10
1896 2 -1 10
1897 2 -1 10
1898 2 -1 9
1899 2 -1 10
1900 2 1 10
1901 2 1 10
1902 1 0 10
1903 -1 1 11
1904 0 2 11
1905 -1 3 11
1906 -1 3 11
1907 -3 3 11
1908 -3 3 11
1909 -1 4 11
1910 -1 4 11
1911 -1 4 11
1912 -1 4 11
1913 -1 4 10
1914 -1 3 9
1915 -1 3 10
1916 -1 3 10
1917 0 3 10
1918 -1 2 10
1919 -2 1 11
1920 -1 1 11
1921 0 0 12
1922 -1 0 12
1923 -2 -1 12
1924 -2 -1 12
1925 -1 1 12
1926 2 2 12
1927 2 2 12
1928 3 2 12
1929 2 2 11
1930 -1 1 11
1931 -1 1 11
1932 2 2 11
1933 1 3 11
1934 -2 2 11
1935 -3 1 10
1936 -1 3 10
1937 2 4 10
1938 0 3 9
1939 -2 1 8
1940 -2 1 7
1941 -3 1 6
1942 -3 -1 6
1943 -2 0 6
1944 -2 -1 5
1945 -2 -1 6
1946 -2 -1 8
1947 -2 -1 8
1948 -2 -1 9
1949 -2 -2 10
1950 -3 -2 9
1951 -3 -2 7
1952 -1 -1 5
1953 -2 -1 4
1954 -3 -1 4
1955 -3 0 4
1956 -3 1 4
1957 -4 1 5
1958 -4 2 6
1959 -3 4 7
1960 -1 5 10
1961 -2 4 11
1962 -1 4 11
1963 -2 3 12
1964 -3 3 13
1965 -2 3 13
1966 -4 3 14
1967 -6 2 14
1968 -5 2 14
1969 -5 2 13
1970 -7 1 14
1971 -7 2 14
1972 -6 3 14
1973 -5 3 13
1974 -6 3 13
1975 -6 3 13
1976 -5 4 12
1977 -5 4 11
1978 -5 4 11
1979 -4 4 10
1980 -3 4 9
1981 -3 4 8
1982 -3 3 7
1983 -3 2 6
1984 -2 2 6
1985 -1 2 5
1986 -1 1 5
1987 1 0 5
1988 2 0 5
1989 2 -1 6
1990 2 -1 7
1991 2 -1 8
1992 2 -1 9
1993 2 -1 11
1994 1 -1 11
1995 1 0 11
1996 1 1 11
1997 -1 1 11
1998 -2 1 11
1999 -4 1 11
2000 -5 1 10
2001 -5 1 9
2002 -6 1 9
2003 -7 0 9
2004 -7 -1 8
2005 -8 -1 8
2006 -9 -2 8
2007 -9 -2 8
2008 -7 1 8
2009 -8 -1 8
2010 -8 -2 8
2011 -7 -2 8
2012 -5 0 7
2013 -4 1 7
2014 -4 1 7
2015 -4 2 7
2016 -2 2 6
2017 -2 2 7
2018 -4 2 7
2019 -4 1 6
2020 -3 2 7
2021 -2 2 7
2022 -3 2 8
2023 -2 3 8
2024 -2 3 9
2025 -3 2 11
2026 -4 2 11
2027 -5 3 12
2028 -4 3 13
2029 -4 3 14
2030 -4 3 14
2031 -4 3 14
2032 -3 3 14
2033 -3 3 13
2034 -2 4 12
2035 -1 4 11
2036 -2 4 11
2037 -2 4 11
2038 -1 4 10
2039 -1 4 10
2040 -2 4 10
2041 -2 4 9
2042 -3 3 9
2043 -4 3 10
2044 -4 4 11
2045 -3 3 13
2046 -2 2 12
2047 -3 -2 12
2048 -4 -4 13
2049 -3 -3 13
2050 -2 -3 12
2051 -5 -5 12
2052 -5 -7 12
2053 -3 -7 9
2054 -2 -9 7
2055 -3 -10 7
2056 -3 -11 6
2057 -3 -11 6
2058 -3 -11 6
2059 -2 -10 5
2060 -2 -10 4
2061 -2 -10 3
2062 -1 -9 0
2063 -1 -8 -1
2064 1 -8 -2
2065 2 -7 -4
2066 2 -7 -5
2067 2 -6 -6
2068 3 -5 -7
2069 3 -4 -7
2070 3 -4 -7
2071 3 -3 -8
2072 3 -3 -9
2073 3 -3 -9
2074 3 -2 -8
2075 3 -2 -9
2076 4 -1 -10
2077 4 -1 -10
2078 4 1 -9
2079 5 2 -10
2080 5 2 -10
2081 5 3 -10
2082 4 3 -9
2083 5 4 -10
2084 5 4 -10
2085 5 4 -10
2086 4 4 -9
2087 5 5 -9
2088 5 5 -9
2089 5 5 -9
2090 5 5 -9
2091 5 6 -9
2092 5 6 -9
2093 4 6 -9
2094 5 6 -8
2095 5 6 -8
2096 4 6 -8
2097 4 6 -8
2098 5 6 -8
2099 5 6 -8
2100 5 6 -8
2101 5 6 -9
2102 5 6 -9
2103 4 6 -8
2104 5 6 -8
2105 5 6 -9
2106 4 6 -9
2107 5 6 -9
2108 5 7 -8
2109 4 6 -8
2110 5 7 -9
2111 5 7 -8
2112 5 7 -8
2113 5 7 -8
2114 5 7 -8
2115 5 6 -8
2116 5 6 -8
2117 5 6 -9
2118 5 6 -9
2119 4 6 -9
2120 5 6 -8
2121 5 7 -9
2122 5 6 -9
2123 4 6 -9
2124 4 6 -9
2125 5 5 -9
2126 4 5 -9
2127 4 4 -9
2128 5 4 -8
2129 5 3 -8
2130 4 2 -9
2131 4 1 -9
2132 4 1 -9
2133 3 1 -8
2134 2 -1 -7
2135 3 -2 -6
2136 3 -2 -6
2137 3 -3 -6
2138 1 -3 -7
2139 1 -4 -6
2140 2 -2 -5
2141 -1 -1 -2
2142 -2 1 3
2143 -2 2 4
2144 -5 2 11
2145 -7 -2 15
2146 -3 -2 14
2147 1 -1 14
2148 -1 1 16
2149 -2 3 16
2150 1 2 16
2151 3 1 15
2152 5 2 14
2153 4 3 14
2154 -2 4 14
2155 -2 3 14
2156 2 2 13
2157 2 4 14
2158 2 5 15
2159 2 5 14
2160 1 5 13
2161 -1 5 13
2162 -1 4 12
2163 -1 4 11
2164 -1 4 10
2165 -1 3 9
2166 -1 2 7
2167 -1 2 6
2168 -2 2 6
2169 1 2 6
2170 1 2 6
2171 1 1 6
2172 2 1 7
2173 0 0 7
2174 -1 -1 7
2175 -2 -2 7
2176 -2 -3 6
2177 -1 -2 7
2178 -1 -2 7
2179 -2 -3 8
2180 -2 -3 9
2181 1 -2 8
2182 0 -2 9
2183 -2 -3 9
2184 -2 -3 8
2185 -1 -2 7
2186 -1 -1 5
2187 -1 -1 3
2188 -1 0 2
2189 -1 1 3
2190 -1 2 3
2191 -1 2 4
2192 0 3 7
2193 -2 4 10
2194 -2 5 12
2195 0 6 12
2196 -1 6 12
2197 -1 6 12
2198 -2 5 13
2199 -3 4 13
2200 -3 4 14
2201 -3 4 15
2202 -3 4 14
2203 -4 4 14
2204 -4 4 14
2205 -4 4 13
2206 -3 5 13
2207 -4 5 12
2208 -4 5 12
2209 -4 5 12
2210 -3 5 11
2211 -3 5 11
2212 -3 4 11
2213 -3 4 11
2214 -2 4 11
2215 -1 4 11
2216 -2 3 8
2217 -3 2 6
2218 -3 1 6
2219 -3 0 6
2220 -2 0 6
2221 -1 0 6
2222 -1 -1 6
2223 -1 -1 5
2224 -1 -2 5
2225 -1 -2 5
2226 -1 -2 5
2227 -1 -2 4
2228 -1 -2 3
2229 -1 -1 4
2230 -2 -1 5
2231 -2 0 4
2232 -1 2 3
2233 -2 2 5
2234 -3 2 5
2235 -2 3 6
2236 -2 4 9
2237 -3 4 10
2238 -2 5 11
2239 -2 5 12
2240 -4 4 12
2241 -4 4 13
2242 -3 5 13
2243 -3 5 13
2244 -4 4 14
2245 -4 4 13
2246 -4 3 13
2247 -4 3 13
2248 -4 3 13
2249 -5 3 13
2250 -5 4 14
2251 -5 4 13
2252 -4 5 13
2253 -5 4 13
2254 -5 5 13
2255 -5 5 13
2256 -4 5 12
2257 -4 5 11
2258 -4 5 11
2259 -4 4 10
2260 -3 4 9
2261 -4 3 9
2262 -3 3 8
2263 -2 2 7
2264 -2 1 6
2265 -3 -1 5
2266 -3 -1 5
2267 -2 -2 5
2268 -2 -3 5
2269 -2 -3 4
2270 -1 -3 3
2271 -1 -3 4
2272 -1 -3 4
2273 0 -2 6
2274 -2 -4 5
2275 -3 -5 5
2276 -2 -4 6
2277 -1 -3 6
2278 -1 -3 6
2279 -2 -3 6
2280 -2 -2 7
2281 -1 -1 7
2282 -1 -1 6
2283 -1 1 5
2284 -1 2 6
2285 -2 2 7
2286 -2 2 7
2287 -2 3 6
2288 -2 4 7
2289 -3 4 8
2290 -4 4 11
2291 -4 5 12
2292 -3 5 12
2293 -5 6 14
2294 -6 5 16
2295 -4 4 16
2296 -5 3 16
2297 -8 -1 16
2298 -7 -2 14
2299 -5 -3 12
2300 -4 -3 11
2301 -3 -2 9
2302 -3 0 7
2303 -3 2 6
2304 -4 2 8
2305 -4 3 10
2306 -4 3 11
2307 -4 5 11
2308 -3 6 10
2309 -4 6 10
2310 -4 5 10
2311 -4 4 11
2312 -4 3 11
2313 -4 2 12
2314 -5 1 14
2315 -4 2 15
2316 -1 2 16
2317 3 2 16
2318 6 4 15
2319 7 4 9
2320 6 3 2
2321 4 2 -2
2322 1 1 -4
2323 -3 -2 -6
2324 -5 -4 -9
2325 -5 -6 -11
2326 -1 -7 -6
2327 8 -7 4
2328 8 -6 7
2329 3 -7 1
2330 -2 -7 -7
2331 -4 -6 -9
2332 -3 -4 -9
2333 -2 -3 -8
2334 2 -1 -8
2335 3 5 -6
2336 4 11 -2
2337 1 14 6
2338 -6 16 13
2339 -14 14 16
2340 -16 8 16
2341 -16 4 16
2342 -14 6 9
2343 -11 6 4
2344 -11 5 3
2345 -12 3 5
2346 -8 4 7
2347 -5 4 8
2348 -4 4 8
2349 -5 4 9
2350 -5 3 10
2351 -5 4 10
2352 -3 4 10
2353 -3 4 9
2354 -2 4 8
2355 -3 5 8
2356 -4 6 9
2357 -6 6 11
2358 -7 6 11
2359 -7 6 8
2360 -5 5 5
2361 -5 5 5
2362 -6 4 6
2363 -7 3 7
2364 -7 3 8
2365 -7 3 8
2366 -7 3 8
2367 -6 4 8
2368 -6 5 8
2369 -6 5 8
2370 -6 4 8
2371 -6 4 8
2372 -6 4 8
2373 -6 4 8
2374 -6 4 7
2375 -6 3 7
2376 -6 3 9
2377 -7 3 11
2378 -8 1 12
2379 -7 1 13
2380 -3 4 12
2381 -1 5 11
2382 -1 5 6
2383 -5 4 6
2384 -10 2 7
