t x y z
0 -1 -2 8
1 -1 -2 7
2 -1 -3 6
3 -1 -3 6
4 -1 -3 6
5 -1 -3 6
6 -1 -3 7
7 -1 -4 7
8 -1 -4 8
9 -1 -4 8
10 -1 -4 8
11 -1 -5 9
12 -1 -5 9
13 -1 -5 10
14 -1 -5 10
15 -1 -5 10
16 -1 -4 10
17 -2 -4 10
18 -1 -4 9
19 0 -3 9
20 0 -3 9
21 -1 -3 9
22 0 -3 8
23 -1 -3 7
24 -1 -2 7
25 -1 -1 7
26 -1 -1 5
27 -1 -1 5
28 -1 -1 5
29 -2 -1 6
30 -3 1 7
31 -3 2 8
32 -3 3 10
33 -4 3 11
34 -6 3 12
35 -5 5 12
36 -5 5 11
37 -5 6 11
38 -6 8 10
39 -7 9 10
40 -8 9 11
41 -8 8 12
42 -9 7 12
43 -8 6 12
44 -8 5 12
45 -7 5 11
46 -7 5 10
47 -7 5 9
48 -6 6 8
49 -6 6 8
50 -6 6 7
51 -6 6 7
52 -6 6 7
53 -5 6 8
54 -5 7 8
55 -5 7 8
56 -5 7 7
57 -5 7 7
58 -5 7 7
59 -5 7 7
60 -5 7 6
61 -5 7 6
62 -5 6 7
63 -5 6 8
64 -4 6 8
65 -4 5 7
66 -4 5 7
67 -4 5 7
68 -4 4 8
69 -5 4 8
70 -5 4 8
71 -6 4 9
72 -6 4 9
73 -5 4 9
74 -5 5 8
75 -5 5 8
76 -5 6 7
77 -5 7 6
78 -4 7 6
79 -4 7 6
80 -5 7 6
81 -5 6 7
82 -6 6 6
83 -7 6 6
84 -7 6 7
85 -7 6 7
86 -6 7 7
87 -6 8 8
88 -6 7 8
89 -6 6 8
90 -7 5 8
91 -7 5 7
92 -6 5 7
93 -6 6 6
94 -6 6 6
95 -5 6 5
96 -5 6 5
97 -5 6 5
98 -5 6 5
99 -5 7 6
100 -5 7 7
101 -5 7 7
102 -5 8 7
103 -5 9 7
104 -5 8 7
105 -5 8 7
106 -5 8 7
107 -5 8 8
108 -4 8 8
109 -4 7 8
110 -3 7 8
111 -4 7 8
112 -4 7 8
113 -4 7 8
114 -4 7 7
115 -4 7 7
116 -4 7 7
117 -4 8 7
118 -4 8 7
119 -4 8 7
120 -4 8 7
121 -5 7 6
122 -5 7 6
123 -5 6 6
124 -6 6 6
125 -7 6 6
126 -7 6 6
127 -7 7 6
128 -6 7 6
129 -6 6 6
130 -6 6 6
131 -6 6 5
132 -6 6 5
133 -6 6 6
134 -6 6 6
135 -6 6 6
136 -6 5 7
137 -6 5 7
138 -6 5 8
139 -6 5 8
140 -6 6 8
141 -6 7 8
142 -6 9 8
143 -5 9 9
144 -5 7 9
145 -5 6 9
146 -5 7 8
147 -4 7 8
148 -4 7 8
149 -4 7 8
150 -3 7 8
151 -3 7 8
152 -4 6 8
153 -4 6 8
154 -4 6 8
155 -4 6 8
156 -5 6 9
157 -5 6 8
158 -5 6 8
159 -5 6 8
160 -3 6 8
161 -3 5 8
162 -3 4 8
163 -4 3 8
164 -4 4 8
165 -3 4 9
166 -4 4 9
167 -4 5 9
168 -4 5 9
169 -4 5 9
170 -4 5 9
171 -4 5 9
172 -4 6 8
173 -4 6 8
174 -5 6 7
175 -5 5 7
176 -5 5 7
177 -6 5 7
178 -6 5 7
179 -6 5 8
180 -5 5 8
181 -5 5 9
182 -5 5 8
183 -4 5 8
184 -4 5 8
185 -5 6 8
186 -5 7 8
187 -5 8 9
188 -5 7 10
189 -5 7 10
190 -4 6 10
191 -4 6 10
192 -3 6 9
193 -4 6 8
194 -4 6 8
195 -4 6 8
196 -4 7 8
197 -4 7 8
198 -4 7 8
199 -5 6 8
200 -5 6 7
201 -5 6 7
202 -4 7 6
203 -4 7 7
204 -4 6 7
205 -5 6 6
206 -5 6 6
207 -6 5 7
208 -6 3 8
209 -5 3 8
210 -5 3 8
211 -5 4 8
212 -6 6 8
213 -6 6 9
214 -3 7 11
215 -3 5 11
216 -4 4 11
217 -4 4 10
218 -4 5 9
219 -3 5 9
220 -3 5 9
221 -2 5 8
222 -2 5 8
223 -3 5 8
224 -3 5 8
225 -3 5 9
226 -4 5 9
227 -4 4 9
228 -5 3 9
229 -5 3 10
230 -4 3 10
231 -4 2 10
232 -4 2 10
233 -4 2 10
234 -5 2 10
235 -5 3 10
236 -4 4 10
237 -2 4 10
238 -3 3 10
239 -3 3 11
240 -3 4 11
241 -3 4 11
242 -4 4 11
243 -4 4 10
244 -4 4 9
245 -3 3 9
246 -3 3 10
247 -3 3 9
248 -3 2 9
249 -3 2 9
250 -3 2 9
251 -4 1 9
252 -4 1 10
253 -4 2 10
254 -4 3 10
255 -4 3 10
256 -4 3 11
257 -5 3 11
258 -4 3 10
259 -5 3 10
260 -4 3 9
261 -4 3 9
262 -4 3 9
263 -4 3 9
264 -4 3 9
265 -3 4 10
266 -2 4 9
267 -2 3 9
268 0 3 10
269 2 3 11
270 1 1 11
271 1 1 11
272 1 2 11
273 -1 2 10
274 -1 2 10
275 -1 2 10
276 -1 2 10
277 -1 1 10
278 -1 2 10
279 -1 2 10
280 -2 2 10
281 -2 2 11
282 -2 2 11
283 -2 3 11
284 -2 2 11
285 -2 2 11
286 -1 3 11
287 -1 2 11
288 -1 2 12
289 -2 1 13
290 -4 0 13
291 -4 1 13
292 -5 1 13
293 -6 1 13
294 -7 0 12
295 -6 1 11
296 -5 1 11
297 -5 1 9
298 -4 0 8
299 -4 -1 6
300 -4 -1 5
301 -3 -2 4
302 -3 -2 5
303 -2 -2 4
304 -2 -2 5
305 -1 -3 5
306 -1 -3 6
307 1 -3 6
308 2 -2 6
309 2 -3 6
310 2 -3 8
311 3 -2 9
312 4 -1 9
313 4 -1 10
314 4 -1 10
315 4 -1 11
316 4 -1 11
317 4 -1 11
318 4 0 11
319 4 0 12
320 4 1 12
321 4 0 12
322 4 1 12
323 3 0 12
324 2 -1 12
325 2 1 12
326 1 1 12
327 -1 0 12
328 -2 0 12
329 -2 1 11
330 -3 -1 11
331 -3 -1 11
332 -3 -1 10
333 -2 -1 10
334 -2 1 10
335 -1 1 10
336 0 1 10
337 1 1 10
338 1 1 10
339 2 1 11
340 2 2 11
341 2 1 10
342 1 1 10
343 1 1 10
344 2 1 10
345 2 1 10
346 2 1 10
347 2 1 11
348 2 1 10
349 2 2 10
350 2 1 10
351 1 1 10
352 2 1 11
353 1 1 11
354 1 1 11
355 2 1 11
356 1 1 10
357 1 1 10
358 1 1 10
359 1 2 10
360 1 2 9
361 0 2 9
362 -1 2 9
363 -1 2 8
364 -1 3 6
365 -2 4 4
366 -3 4 3
367 -4 5 4
368 -5 5 4
369 -6 6 6
370 -6 7 8
371 -6 9 10
372 -6 10 11
373 -6 10 11
374 -6 10 11
375 -7 9 11
376 -7 8 11
377 -7 7 11
378 -7 6 10
379 -7 6 10
380 -7 6 9
381 -6 6 8
382 -6 6 7
383 -6 6 7
384 -6 6 7
385 -5 6 7
386 -5 6 8
387 -5 7 8
388 -5 7 8
389 -5 7 7
390 -5 8 7
391 -5 8 6
392 -5 8 6
393 -6 8 5
394 -5 7 5
395 -6 7 5
396 -6 6 5
397 -6 6 5
398 -6 6 6
399 -5 6 5
400 -5 6 5
401 -6 6 6
402 -7 6 6
403 -7 6 7
404 -6 6 7
405 -6 6 7
406 -6 7 7
407 -5 7 7
408 -5 7 7
409 -4 7 7
410 -4 7 7
411 -4 8 6
412 -4 7 6
413 -5 7 6
414 -5 7 6
415 -5 7 6
416 -5 7 5
417 -5 8 5
418 -5 8 5
419 -5 8 5
420 -5 7 5
421 -6 7 6
422 -6 6 6
423 -6 7 6
424 -5 7 6
425 -6 7 7
426 -6 7 7
427 -6 7 7
428 -5 8 7
429 -4 8 7
430 -3 8 6
431 -3 7 6
432 -3 7 7
433 -3 6 8
434 -2 6 9
435 -3 6 8
436 -3 5 8
437 -1 7 8
438 0 7 8
439 1 8 7
440 2 8 7
441 2 9 7
442 1 10 8
443 2 11 7
444 2 11 6
445 2 10 6
446 2 9 7
447 1 8 7
448 1 8 7
449 1 8 7
450 1 7 8
451 1 7 8
452 2 7 8
453 2 6 8
454 2 6 8
455 2 5 8
456 2 5 9
457 2 5 9
458 2 5 10
459 2 5 10
460 2 5 11
461 2 5 10
462 2 5 9
463 2 5 8
464 2 5 8
465 1 5 8
466 1 6 9
467 1 6 10
468 1 6 11
469 0 6 11
470 -1 7 11
471 1 8 11
472 1 8 11
473 0 7 10
474 1 6 9
475 1 5 8
476 1 4 7
477 -1 3 8
478 -1 3 9
479 1 3 9
480 1 3 9
481 1 3 9
482 2 2 10
483 2 2 10
484 2 1 9
485 1 1 9
486 1 1 9
487 0 1 8
488 -1 2 7
489 -1 2 7
490 -2 2 8
491 -1 1 9
492 -1 1 10
493 -1 1 11
494 -1 1 11
495 -1 -1 11
496 -1 -1 11
497 1 -1 11
498 2 -2 10
499 1 -2 10
500 -3 -3 11
501 -4 -2 12
502 -3 1 12
503 -2 4 12
504 -4 4 12
505 -6 3 13
506 -5 4 13
507 -5 4 13
508 -5 3 13
509 -6 3 11
510 -5 3 10
511 -4 3 8
512 -3 4 7
513 -2 3 7
514 -3 2 7
515 -3 2 7
516 -2 2 7
517 -3 1 7
518 -3 -1 7
519 -3 -1 7
520 -4 -1 7
521 -4 -1 8
522 -4 -1 9
523 -3 0 10
524 -4 0 11
525 -4 0 12
526 -2 0 12
527 -1 -1 12
528 -2 -3 12
529 -4 -5 12
530 -4 -5 11
531 -2 -5 9
532 -3 -4 8
533 -3 -4 8
534 -2 -3 7
535 -1 -2 6
536 1 -1 6
537 1 1 7
538 1 1 8
539 -1 2 8
540 -1 3 9
541 -2 3 10
542 -3 4 10
543 -3 5 11
544 -4 5 11
545 -5 4 11
546 -6 4 11
547 -8 3 12
548 -9 1 12
549 -9 1 12
550 -8 2 12
551 -8 2 11
552 -7 0 11
553 -5 -1 10
554 -5 -3 8
555 -5 -4 7
556 -4 -2 7
557 -1 1 7
558 -1 3 7
559 -2 5 8
560 -2 7 9
561 -3 9 11
562 -4 10 11
563 -6 8 11
564 -8 6 10
565 -9 5 8
566 -8 5 7
567 -9 4 7
568 -9 4 7
569 -7 4 6
570 -5 5 5
571 -2 6 5
572 -6 2 11
573 -12 -7 13
574 -9 -6 11
575 -2 -3 10
576 -3 -3 11
577 -4 -4 12
578 -4 -3 11
579 -5 -2 11
580 -4 -1 10
581 -3 2 10
582 -2 3 9
583 -2 4 8
584 -2 4 7
585 -3 3 6
586 -4 3 6
587 -4 3 7
588 -4 4 9
589 -4 4 11
590 -4 3 11
591 -5 2 11
592 -6 -1 11
593 -7 -2 10
594 -6 -2 10
595 -5 -3 11
596 -6 -4 12
597 -6 -3 12
598 -4 -1 11
599 -3 2 10
600 -4 1 10
601 -4 0 10
602 -3 1 9
603 -4 -1 9
604 -4 -1 10
605 -4 -1 10
606 -3 0 10
607 -4 -1 10
608 -4 -1 10
609 -5 -2 9
610 -5 -1 9
611 -5 -1 9
612 -5 -1 8
613 -5 -1 8
614 -4 1 8
615 -3 1 7
616 -4 -1 8
617 -5 -1 8
618 -3 1 7
619 -4 1 9
620 -7 0 11
621 -8 -1 11
622 -8 1 11
623 -10 2 11
624 -11 2 11
625 -12 2 11
626 -13 3 11
627 -13 3 11
628 -13 5 10
629 -11 8 7
630 -11 9 6
631 -11 10 5
632 -8 11 6
633 -4 11 4
634 2 12 1
635 2 12 -3
636 -1 11 -4
637 -2 10 -4
638 -3 8 -3
639 -5 6 -2
640 -6 4 1
641 -6 4 3
642 -7 4 4
643 -8 4 6
644 -10 3 9
645 -11 -1 10
646 -11 -3 8
647 -10 -3 3
648 -7 -2 -1
649 -6 -1 -2
650 -7 -1 -2
651 -6 -1 -1
652 -7 -1 2
653 -8 -1 3
654 -8 2 6
655 -7 5 8
656 -8 6 10
657 -9 5 11
658 -11 4 11
659 -11 4 11
660 -11 5 11
661 -11 6 11
662 -11 6 10
663 -11 7 10
664 -10 8 10
665 -9 8 9
666 -10 7 8
667 -10 6 7
668 -10 6 7
669 -8 6 7
670 -7 6 7
671 -6 6 7
672 -5 6 8
673 -4 6 8
674 -4 5 8
675 -5 3 8
676 -5 2 8
677 -4 1 8
678 -4 -1 7
679 -5 -2 7
680 -4 -2 6
681 -4 -2 5
682 -5 -2 8
683 -5 -1 10
684 -3 0 9
685 -2 1 9
686 -2 -1 9
687 -1 -1 8
688 1 -1 9
689 2 -1 10
690 1 -1 11
691 1 0 12
692 2 2 13
693 3 2 13
694 1 1 13
695 1 0 13
696 2 0 13
697 1 -1 12
698 0 1 11
699 1 2 11
700 1 2 11
701 -1 2 10
702 -1 3 10
703 1 3 10
704 -1 2 9
705 -1 1 8
706 -1 1 8
707 -1 1 8
708 -1 -1 7
709 -1 -1 7
710 0 -1 7
711 -1 -2 8
712 -1 -3 8
713 1 -2 9
714 1 -2 9
715 1 -2 9
716 1 -2 9
717 1 -2 9
718 0 -3 10
719 1 -3 10
720 2 -2 10
721 3 -1 10
722 2 -2 10
723 1 -3 10
724 -1 -2 11
725 -1 -2 10
726 -1 -2 10
727 -2 -3 10
728 -2 -3 10
729 -2 -3 11
730 -2 -2 11
731 -1 -2 11
732 -1 -2 11
733 -1 -2 11
734 -1 -2 11
735 -1 -2 11
736 -1 -2 11
737 -1 -2 11
738 -1 -2 11
739 -1 -2 11
740 -2 -2 11
741 -2 -2 10
742 -1 -2 10
743 -1 -2 10
744 -1 -2 10
745 -1 -2 10
746 -1 -2 10
747 -1 -2 10
748 -1 -2 10
749 0 -2 10
750 0 -2 10
751 1 -2 10
752 1 -2 10
753 2 -2 11
754 2 -2 11
755 2 -1 11
756 3 -1 10
757 3 -1 11
758 3 -1 11
759 3 -1 11
760 2 -1 11
761 2 -1 11
762 1 -1 11
763 0 -1 11
764 -2 -1 11
765 -4 -2 11
766 -5 -2 11
767 -5 -2 10
768 -5 -2 9
769 -5 -2 9
770 -5 -3 10
771 -5 -3 10
772 -4 -2 9
773 -4 -2 9
774 -4 -2 8
775 -4 -2 8
776 -4 -2 8
777 -4 -1 8
778 -4 -1 8
779 -4 -1 9
780 -4 -1 9
781 -4 -1 10
782 -4 0 11
783 -4 1 11
784 -4 1 11
785 -4 0 11
786 -2 1 11
787 1 1 11
788 3 1 12
789 4 0 12
790 4 -1 12
791 3 -1 12
792 2 -1 12
793 1 -1 11
794 1 -1 11
795 1 -1 11
796 1 -1 10
797 2 1 10
798 3 1 10
799 4 2 10
800 4 2 11
801 4 2 11
802 5 3 11
803 5 2 11
804 3 2 11
805 3 2 11
806 3 3 11
807 1 3 11
808 -2 2 11
809 -4 1 11
810 -5 2 11
811 -5 1 10
812 -6 1 10
813 -5 2 11
814 -3 2 10
815 -3 1 11
816 -2 1 10
817 -2 1 10
818 -2 1 10
819 -2 1 10
820 -1 2 10
821 -1 1 10
822 -1 1 11
823 1 1 11
824 1 2 11
825 1 2 11
826 0 1 11
827 0 2 10
828 0 2 10
829 0 3 10
830 0 3 10
831 0 3 10
832 -1 2 11
833 -1 2 10
834 -1 2 10
835 -1 2 10
836 1 2 11
837 1 2 11
838 1 2 11
839 1 2 11
840 1 2 10
841 1 2 10
842 1 2 11
843 1 2 10
844 0 2 10
845 -1 1 10
846 0 1 9
847 -1 1 9
848 -1 1 9
849 -2 2 8
850 -2 2 8
851 -2 3 7
852 -2 3 7
853 -3 4 8
854 -3 4 9
855 -3 4 9
856 -3 5 10
857 -3 5 10
858 -3 5 9
859 -3 6 8
860 -3 6 8
861 -4 6 8
862 -5 7 9
863 -5 7 10
864 -5 7 11
865 -5 7 11
866 -5 7 11
867 -4 7 10
868 -4 6 10
869 -4 6 9
870 -4 6 9
871 -4 7 9
872 -4 6 8
873 -4 6 8
874 -4 6 8
875 -4 7 8
876 -4 7 7
877 -4 7 8
878 -4 6 7
879 -5 7 7
880 -4 7 7
881 -4 7 7
882 -4 7 7
883 -4 7 8
884 -4 6 8
885 -4 6 10
886 -3 6 10
887 -3 6 9
888 -2 5 9
889 -2 5 9
890 -2 5 9
891 -1 5 9
892 -1 5 9
893 -1 5 9
894 -1 6 10
895 -1 6 10
896 -2 6 10
897 -2 5 10
898 -2 6 10
899 -2 6 9
900 -3 6 9
901 -3 6 9
902 -3 5 10
903 -5 3 11
904 -1 7 10
905 4 9 7
906 4 9 7
907 1 8 6
908 0 7 7
909 1 7 7
910 2 7 7
911 1 7 7
912 1 7 7
913 1 8 8
914 0 8 8
915 1 10 9
916 1 10 9
917 1 10 9
918 1 9 9
919 1 9 9
920 1 8 9
921 -1 7 8
922 -1 7 8
923 0 7 8
924 1 8 7
925 0 8 7
926 -1 8 7
927 -2 8 8
928 -2 9 9
929 -2 9 9
930 -1 10 8
931 1 10 8
932 1 9 7
933 1 9 7
934 1 9 6
935 1 9 6
936 1 9 5
937 1 9 5
938 -1 9 5
939 -1 10 7
940 0 11 8
941 1 11 9
942 1 11 8
943 0 10 7
944 1 9 7
945 1 9 7
946 2 9 7
947 1 8 7
948 1 8 7
949 0 8 7
950 1 8 7
951 0 8 7
952 0 9 8
953 0 9 9
954 -2 9 8
955 -2 9 8
956 -1 10 9
957 -1 10 7
958 -1 10 6
959 -1 10 5
960 -2 9 5
961 -2 8 6
962 -1 8 7
963 -1 8 7
964 1 8 7
965 1 9 8
966 1 9 8
967 1 10 9
968 2 9 11
969 2 9 11
970 2 9 11
971 2 9 10
972 2 8 9
973 1 8 9
974 1 8 9
975 0 8 8
976 1 8 8
977 1 8 9
978 2 8 9
979 2 8 9
980 2 7 8
981 1 7 9
982 1 6 10
983 1 7 10
984 1 7 10
985 1 7 10
986 -1 7 10
987 0 8 9
988 -1 8 9
989 -2 8 8
990 -2 7 8
991 -1 7 8
992 -1 6 8
993 -1 6 7
994 -2 5 7
995 -1 5 7
996 0 6 8
997 1 6 9
998 1 6 9
999 0 6 10
1000 1 6 10
1001 1 5 11
1002 0 4 11
1003 -1 4 12
1004 -1 3 12
1005 -1 3 11
1006 -1 3 11
1007 -1 3 10
1008 -1 4 10
1009 -1 4 11
1010 -1 4 10
1011 -1 5 10
1012 -1 5 9
1013 -1 4 8
1014 0 4 7
1015 -1 3 8
1016 -1 3 8
1017 -1 3 9
1018 -1 3 10
1019 -2 2 10
1020 -2 2 11
1021 -2 2 11
1022 -2 3 11
1023 -3 2 11
1024 -3 2 11
1025 -2 1 11
1026 -3 -1 11
1027 -3 -1 11
1028 -1 1 10
1029 1 2 11
1030 1 2 11
1031 1 2 9
1032 1 3 8
1033 2 2 8
1034 0 1 8
1035 -1 1 7
1036 1 3 9
1037 2 3 10
1038 -1 2 10
1039 -1 2 11
1040 1 2 11
1041 1 1 10
1042 -2 -1 11
1043 -1 0 12
1044 1 1 12
1045 -1 0 12
1046 -1 1 12
1047 1 2 12
1048 1 2 12
1049 0 2 11
1050 0 3 10
1051 1 3 8
1052 1 4 7
1053 2 4 7
1054 2 4 7
1055 2 3 7
1056 0 2 7
1057 -1 2 8
1058 -1 1 9
1059 -1 1 9
1060 -1 1 10
1061 -1 1 11
1062 -1 1 11
1063 -1 1 12
1064 -1 1 12
1065 -2 -1 12
1066 -2 -1 13
1067 -2 -1 13
1068 -2 -1 13
1069 -3 -2 13
1070 -3 -1 13
1071 -2 0 13
1072 -2 1 13
1073 -2 1 12
1074 -1 2 11
1075 -1 2 10
1076 0 2 7
1077 1 2 6
1078 1 1 5
1079 1 0 4
1080 -1 -1 4
1081 -1 -2 4
1082 -1 -2 4
1083 -2 -3 4
1084 -3 -4 6
1085 -3 -4 7
1086 -3 -3 7
1087 -3 -3 7
1088 -3 -3 8
1089 -3 -3 9
1090 -3 -3 9
1091 -3 -2 9
1092 -3 -2 9
1093 -3 -2 10
1094 -4 -2 11
1095 -3 -2 11
1096 -1 -1 11
1097 1 -1 12
1098 2 -2 13
1099 3 -2 13
1100 3 -2 13
1101 3 -1 12
1102 3 -1 11
1103 4 0 11
1104 4 -1 11
1105 4 1 11
1106 5 1 11
1107 4 1 11
1108 3 1 11
1109 2 1 11
1110 1 2 11
1111 -1 2 11
1112 -3 1 11
1113 -5 1 10
1114 -6 -1 10
1115 -7 -1 10
1116 -6 -1 10
1117 -5 -1 11
1118 -4 0 11
1119 -4 -1 10
1120 -3 -1 10
1121 -2 -1 10
1122 -1 1 10
1123 -1 1 11
1124 -1 0 11
1125 0 1 10
1126 1 1 10
1127 -1 0 11
1128 -1 0 11
1129 -1 1 10
1130 -1 -1 11
1131 -1 -1 11
1132 -1 0 11
1133 0 1 11
1134 0 1 11
1135 -1 1 11
1136 -1 0 10
1137 -1 0 10
1138 -1 1 10
1139 0 1 10
1140 0 1 10
1141 -1 2 10
1142 0 2 10
1143 -1 3 9
1144 -1 3 9
1145 -1 3 8
1146 -1 1 8
1147 -1 -1 9
1148 -1 -2 11
1149 -2 -3 11
1150 -2 -4 12
1151 -2 -3 12
1152 -1 -2 12
1153 0 -1 12
1154 1 -1 12
1155 1 0 12
1156 1 0 11
1157 1 0 11
1158 1 0 10
1159 1 1 10
1160 1 1 10
1161 2 2 10
1162 2 1 10
1163 1 1 10
1164 1 1 10
1165 1 2 10
1166 -1 2 10
1167 -1 3 9
1168 -1 3 8
1169 -1 3 6
1170 -1 3 5
1171 -1 2 5
1172 -2 1 6
1173 -3 -1 7
1174 -3 1 9
1175 -3 1 10
1176 -3 2 9
1177 -3 4 7
1178 -4 5 8
1179 -4 6 9
1180 -5 7 9
1181 -7 8 8
1182 -9 9 10
1183 -10 10 11
1184 -11 9 12
1185 -10 7 13
1186 -8 5 13
1187 -7 4 13
1188 -7 4 12
1189 -8 4 11
1190 -8 4 10
1191 -8 4 9
1192 -7 5 8
1193 -7 5 8
1194 -9 4 8
1195 -11 3 9
1196 -11 3 10
1197 -12 3 9
1198 -11 3 10
1199 -11 3 10
1200 -11 4 10
1201 -11 4 10
1202 -11 2 10
1203 -12 1 9
1204 -13 -1 9
1205 -14 -1 8
1206 -15 -1 6
1207 -15 -1 5
1208 -15 1 4
1209 -13 3 3
1210 -12 4 3
1211 -11 5 2
1212 -10 4 2
1213 -9 3 2
1214 -6 1 2
1215 -3 1 2
1216 0 -1 0
1217 1 -2 -2
1218 1 -3 -4
1219 1 -3 -4
1220 2 -3 -4
1221 3 -4 -3
1222 5 -5 -3
1223 7 -5 -2
1224 10 -4 -2
1225 11 -3 -3
1226 11 -3 -5
1227 9 -4 -7
1228 8 -4 -8
1229 6 -5 -7
1230 2 -8 -8
1231 -2 -10 -8
1232 -6 -11 -9
1233 -9 -12 -11
1234 -10 -12 -11
1235 -9 -12 -8
1236 -4 -10 -6
1237 2 -6 -5
1238 9 -1 -4
1239 12 4 -5
1240 13 6 -7
1241 14 7 -8
1242 13 6 -7
1243 11 4 -6
1244 8 1 -6
1245 7 -1 -3
1246 5 1 -1
1247 3 2 -1
1248 -1 2 -1
1249 -1 3 -1
1250 1 4 1
1251 -1 4 2
1252 -4 3 3
1253 -7 1 5
1254 -8 1 7
1255 -9 1 9
1256 -11 -2 11
1257 -11 -2 13
1258 -11 1 14
1259 -11 2 14
1260 -12 2 14
1261 -12 1 13
1262 -12 1 13
1263 -11 2 12
1264 -12 2 11
1265 -11 3 10
1266 -10 4 9
1267 -9 5 8
1268 -9 6 7
1269 -9 5 6
1270 -9 6 6
1271 -10 7 7
1272 -11 6 8
1273 -11 7 7
1274 -9 8 7
1275 -7 9 7
1276 -7 9 7
1277 -8 9 7
1278 -8 8 6
1279 -7 8 6
1280 -8 8 7
1281 -8 8 7
1282 -6 10 6
1283 -6 10 7
1284 -7 10 8
1285 -7 10 8
1286 -7 11 8
1287 -7 11 8
1288 -6 11 8
1289 -4 11 7
1290 -3 11 6
1291 -4 11 5
1292 -4 10 6
1293 -4 9 6
1294 -3 8 4
1295 -3 8 4
1296 -3 7 4
1297 -3 7 4
1298 -3 7 4
1299 -3 8 4
1300 -2 8 5
1301 -2 8 7
1302 -3 9 9
1303 -4 10 8
1304 -4 10 7
1305 -3 10 6
1306 -4 10 6
1307 -4 10 6
1308 -4 9 6
1309 -3 9 6
1310 -3 9 6
1311 -4 9 7
1312 -3 9 7
1313 -4 8 6
1314 -5 7 6
1315 -5 8 7
1316 -5 8 7
1317 -5 8 8
1318 -5 9 8
1319 -4 10 9
1320 -3 10 9
1321 -3 10 9
1322 -4 9 9
1323 -4 9 8
1324 -3 8 8
1325 -3 7 7
1326 -3 6 6
1327 -3 5 6
1328 -2 5 5
1329 -2 4 5
1330 -2 4 6
1331 -2 4 5
1332 -1 4 6
1333 -1 4 6
1334 -1 4 7
1335 -1 4 7
1336 -1 4 8
1337 -1 4 9
1338 -1 3 10
1339 -1 3 10
1340 -1 3 11
1341 -1 3 11
1342 -1 4 12
1343 0 3 11
1344 -1 3 11
1345 0 2 10
1346 0 2 9
1347 0 2 8
1348 1 3 8
1349 1 3 9
1350 1 3 9
1351 1 4 9
1352 1 4 9
1353 1 4 9
1354 -1 4 10
1355 -1 3 10
1356 1 3 10
1357 -1 3 10
1358 -1 3 11
1359 -1 3 11
1360 -1 3 11
1361 -1 3 11
1362 -2 2 11
1363 -1 2 11
1364 -1 3 11
1365 -1 3 11
1366 -1 3 11
1367 -1 3 10
1368 -1 3 10
1369 -1 3 10
1370 -1 3 10
1371 -1 3 10
1372 -1 3 10
1373 0 3 11
1374 -1 3 11
1375 -1 2 11
1376 -1 2 12
1377 0 1 13
1378 -1 1 13
1379 -1 -1 14
1380 -1 1 14
1381 0 2 13
1382 0 2 13
1383 0 3 13
1384 -1 3 12
1385 -1 3 10
1386 -2 3 7
1387 -1 3 5
1388 -1 2 4
1389 -2 1 3
1390 -2 0 3
1391 -2 -1 4
1392 -2 -2 5
1393 -3 -3 5
1394 -3 -3 6
1395 -3 -3 7
1396 -3 -3 7
1397 -4 -3 8
1398 -3 -2 8
1399 -3 -2 7
1400 -3 -2 8
1401 -3 -2 8
1402 -3 -1 9
1403 -2 0 10
1404 -2 1 10
1405 -2 -1 10
1406 -1 -1 11
1407 0 -1 12
1408 1 -2 12
1409 0 -2 13
1410 1 -2 13
1411 1 -1 13
1412 -1 -1 12
1413 -1 -1 12
1414 -1 -1 11
1415 -2 -1 11
1416 -2 -1 11
1417 -2 -1 11
1418 -2 -1 11
1419 -2 -1 11
1420 -3 -1 11
1421 -3 -2 11
1422 -3 -2 12
1423 -4 -3 12
1424 -3 -3 12
1425 -3 -3 12
1426 -4 -3 12
1427 -4 -3 12
1428 -3 -2 11
1429 -2 -2 11
1430 -1 -2 11
1431 -1 -2 10
1432 0 -2 8
1433 1 -2 7
1434 2 -2 7
1435 1 -2 6
1436 1 -3 5
1437 1 -3 5
1438 0 -3 4
1439 0 -3 4
1440 -1 -3 4
1441 -1 -4 4
1442 -2 -4 4
1443 -2 -4 6
1444 -2 -3 6
1445 -2 -3 7
1446 -3 -3 7
1447 -1 -2 8
1448 -2 -2 8
1449 -3 -2 9
1450 -2 -1 10
1451 -2 -1 11
1452 -2 -1 11
1453 -2 -1 11
1454 -2 -1 12
1455 -1 -1 12
1456 0 -1 13
1457 0 -2 13
1458 0 -2 13
1459 0 -1 13
1460 1 -1 12
1461 1 -1 12
1462 1 0 12
1463 1 1 12
1464 0 1 11
1465 1 2 11
1466 2 2 10
1467 3 4 9
1468 3 5 8
1469 2 5 7
1470 1 6 8
1471 -1 6 6
1472 -2 5 5
1473 -3 5 6
1474 -6 4 6
1475 -8 4 5
1476 -7 5 7
1477 -7 5 8
1478 -8 5 9
1479 -7 7 10
1480 -5 8 11
1481 -5 7 11
1482 -7 6 11
1483 -7 5 11
1484 -8 4 11
1485 -7 5 10
1486 -7 5 9
1487 -6 5 9
1488 -6 6 8
1489 -6 6 8
1490 -6 6 7
1491 -6 6 7
1492 -6 6 7
1493 -6 6 6
1494 -5 7 6
1495 -6 6 6
1496 -6 6 5
1497 -6 6 5
1498 -6 6 5
1499 -6 6 5
1500 -6 6 5
1501 -6 6 5
1502 -6 7 5
1503 -6 7 6
1504 -6 7 6
1505 -6 7 6
1506 -6 7 6
1507 -6 7 7
1508 -6 7 7
1509 -6 7 7
1510 -5 7 7
1511 -5 7 7
1512 -5 7 7
1513 -5 8 7
1514 -5 8 7
1515 -5 7 7
1516 -5 7 7
1517 -5 8 7
1518 -5 7 7
1519 -5 7 6
1520 -5 7 6
1521 -5 7 6
1522 -5 7 6
1523 -6 8 7
1524 -6 8 7
1525 -5 7 7
1526 -5 7 7
1527 -6 6 6
1528 -6 5 5
1529 -7 5 5
1530 -6 6 6
1531 -6 6 6
1532 -6 6 6
1533 -6 5 6
1534 -6 4 7
1535 -6 3 7
1536 -6 3 7
1537 -6 3 6
1538 -5 3 7
1539 -4 4 7
1540 -4 5 7
1541 -4 6 7
1542 -4 7 8
1543 -4 7 9
1544 -4 7 10
1545 -3 8 9
1546 -1 10 8
1547 -1 10 9
1548 -1 9 9
1549 -1 9 8
1550 -2 8 7
1551 -3 8 7
1552 -3 8 7
1553 -3 8 8
1554 -3 8 8
1555 -4 8 8
1556 -4 7 8
1557 -4 7 8
1558 -4 7 8
1559 -4 7 8
1560 -4 7 7
1561 -4 7 7
1562 -5 7 7
1563 -4 7 8
1564 -4 8 8
1565 -4 7 8
1566 -4 7 7
1567 -5 7 7
1568 -5 8 7
1569 -5 8 7
1570 -5 8 7
1571 -5 7 7
1572 -5 6 7
1573 -4 5 7
1574 -4 4 7
1575 -4 5 5
1576 -4 6 5
1577 -4 7 5
1578 -4 8 6
1579 -4 9 9
1580 -4 8 10
1581 -4 8 10
1582 -5 8 9
1583 -6 8 9
1584 -6 7 8
1585 -5 6 8
1586 -4 5 8
1587 -3 5 7
1588 -3 5 6
1589 -4 6 6
1590 -4 6 6
1591 -5 7 6
1592 -5 8 6
1593 -5 9 7
1594 -5 10 7
1595 -4 9 7
1596 -3 9 7
1597 -4 9 7
1598 -4 9 7
1599 -5 8 8
1600 -5 6 8
1601 -6 4 9
1602 -5 4 8
1603 -4 4 8
1604 -3 4 7
1605 -3 4 7
1606 -2 5 8
1607 -1 6 8
1608 -2 6 9
1609 -3 7 9
1610 -4 8 9
1611 -4 8 9
1612 -3 8 9
1613 -2 8 9
1614 -3 7 8
1615 -3 7 7
1616 -3 7 7
1617 -3 7 8
1618 -3 6 8
1619 -3 6 8
1620 -4 5 7
1621 -4 5 7
1622 -4 6 7
1623 -3 6 7
1624 -3 7 6
1625 -3 7 6
1626 -4 8 6
1627 -4 9 7
1628 -5 8 9
1629 -6 7 10
1630 -6 5 10
1631 -6 6 9
1632 -6 6 8
1633 -6 6 8
1634 -5 6 8
1635 -5 6 9
1636 -4 6 9
1637 -3 7 8
1638 -3 8 8
1639 -3 8 7
1640 -3 8 7
1641 -3 9 6
1642 -3 9 6
1643 -4 10 6
1644 -4 9 5
1645 -4 9 5
1646 -5 8 5
1647 -5 7 5
1648 -5 7 5
1649 -5 7 5
1650 -5 7 5
1651 -5 7 5
1652 -4 8 6
1653 -4 8 6
1654 -4 8 7
1655 -4 7 8
1656 -5 7 9
1657 -6 6 9
1658 -6 6 9
1659 -5 5 10
1660 -5 5 11
1661 -6 4 11
1662 -6 4 11
1663 -6 5 10
1664 -5 6 10
1665 -5 6 10
1666 -5 7 9
1667 -5 7 8
1668 -4 8 7
1669 -3 8 7
1670 -3 8 6
1671 -4 8 5
1672 -4 7 4
1673 -5 5 5
1674 -4 5 6
1675 -3 5 9
1676 -2 6 11
1677 -2 6 12
1678 -2 5 13
1679 -2 5 12
1680 -3 6 11
1681 -3 6 11
1682 -3 7 10
1683 -3 8 9
1684 -2 8 8
1685 -2 8 7
1686 -2 8 6
1687 -2 8 5
1688 -2 7 6
1689 -4 7 6
1690 -5 7 7
1691 -6 8 6
1692 -6 8 6
1693 -5 8 6
1694 -4 8 5
1695 -4 8 5
1696 -4 8 4
1697 -5 8 4
1698 -6 8 4
1699 -7 8 5
1700 -7 8 5
1701 -6 8 5
1702 -6 7 5
1703 -6 7 5
1704 -6 7 5
1705 -6 7 5
1706 -6 7 5
1707 -6 7 5
1708 -6 7 5
1709 -6 8 6
1710 -6 9 7
1711 -6 9 8
1712 -5 9 7
1713 -4 9 6
1714 -3 9 4
1715 -2 9 3
1716 -2 9 3
1717 -2 10 3
1718 -2 10 4
1719 -2 10 4
1720 -2 10 5
1721 -2 9 4
1722 -2 9 4
1723 -3 9 4
1724 -3 9 4
1725 -3 10 5
1726 -3 10 6
1727 -4 10 6
1728 -5 9 6
1729 -4 9 6
1730 -4 9 5
1731 -4 9 5
1732 -5 8 5
1733 -6 6 4
1734 -7 6 4
1735 -7 7 4
1736 -6 9 5
1737 -4 10 5
1738 -4 11 5
1739 -5 11 4
1740 -5 10 3
1741 -5 9 3
1742 -6 8 4
1743 -5 7 5
1744 -4 6 6
1745 -4 4 7
1746 -4 3 7
1747 -4 2 7
1748 -4 2 8
1749 -4 3 8
1750 -4 3 8
1751 -4 3 8
1752 -4 3 7
1753 -4 3 7
1754 -4 3 7
1755 -5 4 9
1756 -5 4 11
1757 -5 5 11
1758 -5 5 12
1759 -6 5 13
1760 -6 6 12
1761 -5 6 11
1762 -4 6 11
1763 -3 3 11
1764 -3 1 11
1765 -2 -2 11
1766 -2 -2 11
1767 -1 -2 10
1768 0 -1 9
1769 1 1 8
1770 0 1 8
1771 1 2 8
1772 1 2 8
1773 1 2 8
1774 -1 2 10
1775 -1 1 11
1776 -2 1 11
1777 -1 2 11
1778 -2 2 11
1779 -2 2 11
1780 -2 3 11
1781 -1 3 11
1782 -2 3 11
1783 -2 2 11
1784 -3 2 11
1785 -2 1 11
1786 -2 0 11
1787 -2 -1 11
1788 -1 1 10
1789 0 1 10
1790 1 2 10
1791 1 3 10
1792 1 3 10
1793 1 3 10
1794 1 3 10
1795 0 2 10
1796 0 2 10
1797 1 3 10
1798 1 3 10
1799 1 4 9
1800 1 4 10
1801 0 5 11
1802 1 6 11
1803 1 6 11
1804 0 7 12
1805 0 7 12
1806 1 7 11
1807 2 7 11
1808 1 7 10
1809 0 7 9
1810 -2 6 8
1811 -3 5 7
1812 -3 5 8
1813 -3 5 8
1814 -3 6 8
1815 -4 6 8
1816 -4 6 8
1817 -3 6 8
1818 -3 6 9
1819 -3 6 9
1820 -3 5 9
1821 -4 5 9
1822 -4 5 9
1823 -4 5 9
1824 -3 4 8
1825 -3 4 8
1826 -3 4 8
1827 -3 4 9
1828 -3 4 10
1829 -3 4 10
1830 -3 5 10
1831 -3 5 10
1832 -3 5 10
1833 -3 5 10
1834 -3 5 10
1835 -3 5 10
1836 -3 5 10
1837 -3 5 10
1838 -3 5 10
1839 -3 5 10
1840 -3 5 10
1841 -3 4 10
1842 -3 4 10
1843 -3 4 10
1844 -3 4 10
1845 -2 4 10
1846 -3 4 10
1847 -3 4 10
1848 -2 4 10
1849 -2 4 10
1850 -2 4 10
1851 -2 4 10
1852 -2 4 10
1853 -2 4 10
1854 -2 4 10
1855 -2 4 10
1856 -2 4 10
1857 -2 4 10
1858 -2 4 10
1859 -2 4 10
1860 -2 4 10
1861 -2 4 10
1862 -2 5 10
1863 -2 5 10
1864 -2 5 10
1865 -2 5 10
1866 -2 5 10
1867 -2 5 10
1868 -2 5 10
1869 -2 5 10
1870 -2 5 10
1871 -2 4 10
1872 -2 4 10
1873 -2 4 10
1874 -2 5 10
1875 -2 5 10
1876 -2 4 10
1877 -2 4 10
1878 -1 4 10
1879 -2 4 10
1880 -2 4 10
1881 -1 5 9
1882 -2 4 10
1883 -2 4 10
1884 -2 4 11
1885 -2 4 11
1886 -2 3 10
1887 -2 4 9
1888 -1 4 9
1889 -1 4 9
1890 -2 4 10
1891 -2 4 10
1892 -2 4 10
1893 -2 4 10
1894 -2 4 10
1895 -2 4 10
1896 -2 4 9
1897 -2 4 9
1898 -2 3 10
1899 -2 3 10
1900 -2 3 10
1901 -2 3 9
1902 -2 3 9
1903 -2 3 9
1904 -1 3 8
1905 -1 4 9
1906 -1 4 9
1907 -1 4 10
1908 -1 4 10
1909 -1 5 11
1910 -1 5 11
1911 -1 6 11
1912 0 7 11
1913 0 7 11
1914 0 8 11
1915 0 9 11
1916 0 9 11
1917 -1 9 11
1918 -1 8 11
1919 -1 8 11
1920 -1 8 11
1921 -1 8 10
1922 -1 7 10
1923 -1 7 9
1924 -2 7 9
1925 -2 7 9
1926 -1 7 8
1927 -1 7 8
1928 -2 6 8
1929 -2 5 8
1930 -2 5 8
1931 -2 5 7
1932 -1 5 7
1933 -2 4 6
1934 -2 4 6
1935 -2 4 6
1936 -2 3 7
1937 -2 3 7
1938 -2 3 8
1939 -2 3 8
1940 -2 3 8
1941 -2 3 8
1942 -2 3 9
1943 -2 4 10
1944 -1 4 11
1945 -1 5 11
1946 -1 5 12
1947 -1 5 12
1948 -1 4 12
1949 -1 3 11
1950 -2 2 10
1951 -2 2 9
1952 -2 1 8
1953 -2 1 9
1954 -2 1 9
1955 -2 1 10
1956 -2 2 10
1957 -2 2 10
1958 -2 2 10
1959 -3 2 9
1960 -3 2 9
1961 -3 2 9
1962 -4 2 9
1963 -4 2 10
1964 -4 2 10
1965 -5 2 11
1966 -4 2 11
1967 -4 2 11
1968 -4 2 10
1969 -3 3 10
1970 -3 3 10
1971 -2 3 11
1972 -2 3 11
1973 -3 2 11
1974 -3 2 11
1975 -2 2 11
1976 -1 3 10
1977 -2 2 10
1978 -2 2 9
1979 -2 1 9
1980 -2 1 9
1981 -2 1 10
1982 -2 1 10
1983 -2 1 9
1984 -2 1 9
1985 -3 1 10
1986 -2 1 10
1987 -2 1 10
1988 -2 1 10
1989 -1 2 11
1990 0 2 11
1991 0 3 11
1992 1 3 12
1993 0 4 12
1994 0 4 12
1995 1 3 12
1996 -1 2 11
1997 -1 2 10
1998 -1 2 9
1999 -1 2 9
2000 -1 2 9
2001 -1 2 9
2002 -1 2 9
2003 0 2 9
2004 0 2 9
2005 -1 2 10
2006 -1 2 10
2007 -1 2 10
2008 -1 2 9
2009 -1 2 10
2010 -1 2 11
2011 0 2 11
2012 1 2 11
2013 0 2 11
2014 0 1 11
2015 -1 1 10
2016 -2 1 10
2017 -2 1 9
2018 -2 2 9
2019 -2 2 9
2020 -2 3 9
2021 -3 3 10
2022 -3 3 11
2023 -3 3 11
2024 -3 3 11
2025 -4 3 11
2026 -4 2 12
2027 -3 3 12
2028 -2 3 13
2029 -2 3 13
2030 -1 3 14
2031 1 3 14
2032 3 4 14
2033 4 4 14
2034 5 4 13
2035 6 5 12
2036 6 5 12
2037 6 5 11
2038 5 4 11
2039 5 4 9
2040 5 4 7
2041 4 3 6
2042 3 2 5
2043 3 1 4
2044 2 1 4
2045 1 -1 4
2046 -1 -1 4
2047 -2 -1 3
2048 -3 -2 3
2049 -3 -2 4
2050 -4 -2 5
2051 -5 -2 6
2052 -5 -2 7
2053 -5 -1 9
2054 -6 -1 9
2055 -6 -1 10
2056 -7 0 11
2057 -7 1 11
2058 -7 1 12
2059 -6 1 12
2060 -6 1 12
2061 -6 1 13
2062 -5 2 13
2063 -4 2 13
2064 -3 3 13
2065 -2 3 13
2066 0 3 12
2067 2 3 12
2068 5 4 11
2069 6 4 11
2070 5 3 11
2071 4 2 11
2072 3 2 10
2073 3 3 10
2074 2 3 10
2075 1 3 10
2076 1 2 10
2077 -1 2 10
2078 -1 2 10
2079 -1 2 10
2080 -2 2 10
2081 -2 2 10
2082 -2 2 10
2083 -1 2 10
2084 -1 2 10
2085 -1 2 10
2086 -1 2 10
2087 -2 2 10
2088 -2 2 10
2089 -2 2 9
2090 -2 2 10
2091 -2 3 9
2092 -2 3 8
2093 -2 3 8
2094 -2 3 8
2095 -3 3 8
2096 -3 4 7
2097 -3 5 8
2098 -4 4 9
2099 -4 5 8
2100 -4 6 9
2101 -4 6 9
2102 -5 6 9
2103 -5 6 9
2104 -5 6 8
2105 -5 6 10
2106 -6 6 11
2107 -6 5 11
2108 -6 5 11
2109 -6 6 10
2110 -6 6 10
2111 -7 6 9
2112 -7 6 8
2113 -6 6 8
2114 -6 6 7
2115 -6 6 7
2116 -6 6 7
2117 -6 6 8
2118 -6 6 8
2119 -6 5 8
2120 -5 5 8
2121 -5 5 9
2122 -4 5 9
2123 -4 5 8
2124 -4 6 8
2125 -3 6 8
2126 -2 5 7
2127 -2 5 7
2128 -2 4 7
2129 -2 4 7
2130 -2 4 6
2131 -2 4 6
2132 -2 4 7
2133 -2 5 7
2134 -2 6 8
2135 -2 7 8
2136 -2 8 8
2137 -1 8 9
2138 -1 8 9
2139 -1 7 8
2140 -1 6 8
2141 -1 5 7
2142 -1 5 8
2143 -1 4 7
2144 -1 4 6
2145 -2 3 7
2146 -2 3 6
2147 -1 3 6
2148 -1 3 6
2149 -2 3 7
2150 -1 3 8
2151 0 3 9
2152 0 3 10
2153 1 3 11
2154 0 3 11
2155 -1 3 11
2156 -2 3 11
2157 -2 2 12
2158 -2 2 12
2159 -1 2 13
2160 -1 3 13
2161 -3 3 13
2162 -3 4 12
2163 -3 4 12
2164 -4 4 12
2165 -3 4 13
2166 -2 4 13
2167 2 10 9
2168 -2 4 10
2169 -3 -5 10
2170 5 2 10
2171 2 -1 10
2172 1 -2 10
2173 4 1 9
2174 5 2 9
2175 5 1 10
2176 5 1 9
2177 4 -1 10
2178 4 -1 11
2179 6 4 11
2180 5 8 13
2181 8 10 15
2182 6 11 15
2183 3 11 11
2184 -3 9 6
2185 -7 4 8
2186 -8 2 8
2187 -5 4 6
2188 -3 4 7
2189 -2 4 9
2190 3 7 9
2191 7 7 9
2192 8 5 11
2193 8 5 11
2194 6 6 11
2195 2 4 11
2196 0 4 12
2197 1 5 10
2198 0 5 6
2199 2 6 7
2200 5 7 6
2201 3 4 4
2202 3 3 7
2203 6 3 10
2204 5 1 9
2205 5 -2 11
2206 7 -2 9
2207 7 -3 7
2208 6 -3 6
2209 6 -4 7
2210 3 -7 9
2211 2 -7 9
2212 4 -6 9
2213 4 -6 8
2214 3 -7 7
2215 1 -8 9
2216 -2 -7 13
2217 1 -4 13
2218 3 -3 16
2219 5 1 12
2220 3 1 7
2221 -2 -3 10
2222 -3 -4 7
2223 1 1 7
2224 4 3 12
2225 3 1 12
2226 2 1 8
2227 3 2 10
2228 2 -1 10
2229 3 -1 11
2230 2 1 11
2231 2 -1 11
2232 3 -1 12
2233 4 -1 12
2234 5 -1 12
2235 4 -3 12
2236 2 -6 11
2237 2 -7 11
2238 3 -7 10
2239 2 -6 11
2240 -1 -5 12
2241 -4 -5 14
2242 -6 -6 12
2243 -2 -5 12
2244 4 1 11
2245 4 0 10
2246 2 -1 8
2247 -1 -3 6
2248 2 -3 4
2249 5 -1 6
2250 5 1 7
2251 4 1 7
2252 3 1 8
2253 1 1 10
2254 0 2 11
2255 1 4 9
2256 -1 4 7
2257 -2 3 7
2258 -2 4 8
2259 -3 4 8
2260 -3 4 8
2261 -3 4 11
2262 -4 4 13
2263 -5 4 13
2264 -3 6 12
2265 -5 6 12
2266 -6 6 11
2267 -5 9 9
2268 -5 9 11
2269 -6 8 12
2270 -7 8 12
2271 -4 10 11
2272 -3 10 11
2273 -5 7 11
2274 -4 6 10
2275 -1 6 10
2276 -2 3 11
2277 -2 0 10
2278 1 1 11
2279 1 -1 11
2280 -2 -2 10
2281 -1 -1 11
2282 3 2 11
2283 6 2 9
2284 5 0 9
2285 3 -1 10
2286 3 1 10
2287 2 1 11
2288 -2 -1 12
2289 -2 -1 11
2290 1 -1 10
2291 -1 -1 11
2292 -1 -1 13
2293 -1 1 12
2294 -1 1 11
2295 -1 2 11
2296 -2 1 12
2297 -2 1 11
2298 -1 3 10
2299 0 4 11
2300 1 4 12
2301 0 3 10
2302 -1 3 8
2303 -2 3 9
2304 -1 2 11
2305 -1 1 10
2306 -1 1 9
2307 1 1 9
2308 1 -1 10
2309 -1 -2 10
2310 -1 -2 10
2311 -1 -2 11
2312 -1 -3 11
2313 -2 -3 11
2314 -2 -3 10
2315 0 -1 9
2316 1 -1 9
2317 1 0 9
2318 0 0 10
2319 -1 1 9
2320 -1 1 10
2321 1 2 9
2322 1 2 9
2323 2 1 9
2324 1 1 9
2325 2 1 9
2326 1 -1 10
2327 -1 -2 10
2328 -1 -2 9
2329 1 -1 8
2330 2 1 8
2331 1 -1 9
2332 0 -2 10
2333 -1 -2 10
2334 -1 -3 10
2335 -2 -4 11
2336 -2 -3 10
2337 -1 -3 10
2338 -1 -3 11
2339 1 -3 10
2340 2 -3 10
2341 3 -3 10
2342 2 -3 11
2343 1 -2 11
2344 1 -2 11
2345 2 -1 11
2346 1 -1 11
2347 1 -2 11
2348 -1 -2 11
2349 -1 -2 11
2350 -2 -1 10
2351 -4 -3 10
2352 -4 -3 10
2353 -4 -2 11
2354 -5 -3 11
2355 -6 -3 11
2356 -6 -2 11
2357 -6 -3 11
2358 -6 -3 11
2359 -6 -3 11
2360 -6 -3 11
2361 -2 -2 11
2362 3 0 10
2363 6 1 9
2364 8 2 9
2365 9 1 9
2366 8 0 8
2367 7 -1 8
2368 6 -1 7
2369 5 -1 6
2370 5 -1 5
2371 4 -1 6
2372 4 -1 7
2373 5 2 8
2374 5 2 9
2375 4 2 9
2376 4 3 10
2377 2 3 10
2378 -1 2 11
2379 -4 2 12
2380 -6 1 13
2381 -7 1 13
2382 -8 0 13
2383 -8 -1 13
2384 -7 0 12
2385 -6 1 12
2386 -6 0 12
2387 -6 -1 11
2388 -6 1 11
2389 -5 1 11
2390 -5 2 10
2391 -5 2 10
2392 -5 2 10
2393 -4 3 11
2394 -4 3 10
2395 -4 3 10
2396 -4 3 9
2397 -2 3 9
2398 3 4 9
2399 7 4 10
2400 9 4 11
2401 8 3 11
2402 5 2 11
2403 3 1 11
2404 1 1 11
2405 -1 2 11
2406 -1 2 11
2407 -1 2 11
2408 -1 2 11
2409 -1 2 12
2410 1 2 11
2411 1 2 11
2412 1 1 10
2413 0 1 9
2414 1 2 9
2415 2 2 8
2416 2 3 7
2417 2 3 6
2418 2 3 6
2419 1 3 6
2420 -1 3 6
2421 -1 3 6
2422 -2 3 8
2423 -3 4 9
2424 -4 5 9
2425 -5 6 9
2426 -6 6 9
2427 -6 7 9
2428 -7 8 10
2429 -8 8 10
2430 -8 7 11
2431 -8 6 11
2432 -7 6 11
2433 -7 5 10
2434 -7 5 9
2435 -7 6 9
2436 -7 7 8
2437 -6 7 8
2438 -5 7 8
2439 -5 6 7
2440 -5 6 7
2441 -5 7 6
2442 -5 7 6
2443 -6 7 6
2444 -6 7 7
2445 -6 7 7
2446 -5 7 7
2447 -5 7 6
2448 -5 7 6
2449 -4 8 6
2450 -4 8 6
2451 -4 7 5
2452 -5 7 5
2453 -5 7 5
2454 -5 7 6
2455 -5 7 6
2456 -5 7 6
2457 -5 8 6
2458 -5 7 7
2459 -5 7 7
2460 -5 8 7
2461 -5 8 6
2462 -5 8 6
2463 -5 8 6
2464 -5 7 6
2465 -5 7 6
2466 -5 7 6
2467 -5 7 6
2468 -5 6 7
2469 -5 6 7
2470 -6 6 7
2471 -6 6 7
2472 -6 5 6
2473 -6 5 6
2474 -6 5 6
2475 -6 4 7
2476 -6 4 7
2477 -6 4 7
2478 -6 4 7
2479 -6 5 8
2480 -6 6 8
2481 -6 7 8
2482 -6 8 9
2483 -6 9 9
2484 -5 9 9
2485 -4 9 9
2486 -3 9 8
2487 -3 9 7
2488 -3 9 7
2489 -2 9 6
2490 -2 8 6
2491 -2 8 6
2492 -2 8 6
2493 -2 9 6
2494 -2 9 6
2495 -2 9 6
2496 -2 9 6
2497 -2 9 6
2498 -3 8 6
2499 -4 7 7
2500 -5 6 7
2501 -5 5 7
2502 -5 6 7
2503 -6 8 6
2504 -4 10 5
2505 -3 9 6
2506 -4 7 7
2507 -6 6 7
2508 -7 4 7
2509 -7 4 7
2510 -7 5 7
2511 -7 6 8
2512 -6 6 9
2513 -7 4 10
2514 -7 4 10
2515 -7 5 11
2516 -6 6 11
2517 -5 7 11
2518 -4 7 10
2519 -2 9 8
2520 -2 9 6
2521 -1 9 5
2522 -1 8 5
2523 -2 8 6
2524 -4 7 8
2525 -6 6 8
2526 -8 5 7
2527 -8 6 6
2528 -7 7 4
2529 -7 7 4
2530 -6 8 3
2531 -5 9 4
2532 -4 8 5
2533 -4 6 7
2534 -7 5 7
2535 -8 5 7
2536 -8 6 7
2537 -6 7 7
2538 -4 7 7
2539 -3 7 8
2540 -4 7 7
2541 -5 6 7
2542 -6 5 8
2543 -6 5 9
2544 -7 4 10
2545 -6 4 11
2546 -5 4 11
2547 -4 4 11
2548 -3 4 11
2549 -2 4 9
2550 -2 4 8
2551 -3 5 9
2552 -3 5 11
2553 -2 8 12
2554 -2 10 13
2555 -2 11 12
2556 -3 10 12
2557 -4 9 10
2558 -4 7 7
2559 -4 6 5
2560 -4 4 4
2561 -2 3 2
2562 -2 2 2
2563 -2 1 2
2564 -3 0 3
2565 -1 1 4
2566 1 2 5
2567 2 2 8
2568 3 2 11
2569 3 2 13
2570 2 2 15
2571 0 2 16
2572 -3 3 16
2573 -3 5 16
2574 -3 7 14
2575 -4 7 12
2576 -5 5 11
2577 -5 4 9
2578 -3 3 8
2579 -3 2 7
2580 -6 2 10
2581 -6 2 11
2582 -3 3 11
2583 -1 4 10
2584 1 3 10
2585 -1 2 11
2586 -1 1 10
2587 0 -1 11
2588 2 -1 12
2589 3 -1 12
2590 2 -1 10
2591 1 -1 7
2592 -1 -1 5
2593 -2 -1 2
2594 -1 -1 1
2595 1 1 1
2596 2 1 1
2597 0 -1 1
2598 -1 0 2
2599 2 2 8
2600 2 2 10
2601 -1 1 9
2602 -1 2 9
2603 -2 2 11
2604 -2 3 13
2605 -2 2 14
2606 -4 -1 14
2607 -5 -1 15
2608 -5 2 16
2609 -7 2 16
2610 -7 2 14
2611 -6 3 14
2612 -6 4 14
2613 -5 4 14
2614 -5 4 13
2615 -4 4 13
2616 -4 4 11
2617 -4 4 11
2618 -4 4 10
2619 -5 4 9
2620 -6 3 7
2621 -6 2 8
2622 -4 3 8
2623 -3 3 7
2624 -2 3 7
2625 1 2 6
2626 3 2 4
2627 3 0 3
2628 2 -2 3
2629 2 -2 3
2630 3 -2 3
2631 3 -3 3
2632 2 -4 3
2633 2 -4 5
2634 3 -4 7
2635 2 -4 8
2636 2 -5 10
2637 1 -5 11
2638 1 -5 11
2639 1 -5 11
2640 1 -5 12
2641 1 -5 11
2642 2 -5 11
2643 2 -5 12
2644 2 -4 11
2645 3 -3 11
2646 3 -3 10
2647 3 -3 10
2648 3 -3 10
2649 3 -3 10
2650 4 -3 10
2651 3 -3 11
2652 3 -3 11
2653 2 -3 11
2654 2 -3 11
2655 3 -2 9
2656 4 1 8
2657 3 1 8
2658 2 0 8
2659 1 -1 7
2660 1 -1 7
2661 -2 -2 11
2662 -3 0 12
2663 -3 3 13
2664 -4 1 12
2665 -3 -1 12
2666 -2 -1 13
2667 -2 -1 14
2668 -2 -2 13
2669 -2 -2 13
2670 -2 -2 13
2671 -1 -2 11
2672 -2 -3 10
2673 -2 -2 9
2674 -1 -1 9
2675 -1 0 9
2676 0 1 8
2677 1 1 9
2678 2 2 9
2679 2 1 9
2680 2 1 8
2681 2 -1 8
2682 1 -2 9
2683 1 -2 10
2684 2 -1 10
2685 3 1 11
2686 3 1 11
2687 4 2 11
2688 5 3 12
2689 4 4 12
2690 2 2 11
2691 -1 0 10
2692 -1 -1 10
2693 -1 0 10
2694 1 1 11
2695 1 2 11
2696 -1 1 11
2697 -2 1 10
2698 -2 1 9
2699 -1 1 10
2700 -2 0 10
2701 -2 -1 10
2702 -2 -1 10
2703 -2 -1 10
2704 -2 -1 10
2705 -1 -1 10
2706 -1 -1 10
2707 -1 -1 10
2708 1 -1 11
2709 1 -1 11
2710 2 -2 12
2711 2 -2 12
2712 3 -2 12
2713 3 -1 12
2714 3 -1 12
2715 3 -1 11
2716 3 -2 11
2717 2 -2 11
2718 2 -2 11
2719 2 -1 11
2720 2 -1 11
2721 2 0 11
2722 2 0 10
2723 2 0 10
2724 2 0 10
2725 2 0 10
2726 2 0 9
2727 2 0 9
2728 2 -1 9
2729 1 -1 9
2730 1 -2 8
2731 1 -3 8
2732 1 -3 9
2733 0 -3 8
2734 0 -3 9
2735 1 -3 9
2736 1 -3 9
2737 1 -3 10
2738 1 -3 9
2739 0 -3 9
2740 1 -2 9
2741 1 -1 9
2742 1 -1 10
2743 1 -1 10
2744 1 -2 10
2745 1 -2 11
2746 1 -2 11
2747 1 -1 11
2748 1 -1 11
2749 1 -2 11
2750 1 -2 11
2751 1 -2 11
2752 1 -2 11
2753 1 -2 10
2754 2 -2 10
2755 2 -2 11
2756 2 -2 11
2757 2 -2 11
2758 2 -2 11
2759 2 -2 11
2760 2 -2 11
2761 1 -2 10
2762 1 -2 10
2763 0 -2 10
2764 0 -2 10
2765 -1 -3 9
2766 -1 -3 9
2767 1 -3 9
2768 1 -4 9
2769 1 -3 9
2770 1 -3 10
2771 1 -2 10
2772 1 -2 10
2773 -1 -2 9
2774 -1 -2 8
2775 -2 -1 7
2776 -2 -1 5
2777 -1 1 3
2778 1 2 2
2779 1 3 4
2780 -1 3 5
2781 -2 3 7
2782 -1 4 10
2783 -2 3 12
2784 -1 3 14
2785 2 3 16
2786 1 2 16
2787 -1 1 16
2788 -1 1 15
2789 -2 1 13
2790 -2 2 12
2791 -3 2 12
2792 -4 2 12
2793 -5 1 14
2794 -5 1 14
2795 -5 2 15
2796 -4 3 14
2797 -4 3 14
2798 -4 4 12
2799 -3 4 10
2800 -1 5 6
2801 3 6 3
2802 5 6 2
2803 5 4 3
2804 5 2 4
2805 5 2 5
2806 5 1 7
2807 5 0 8
2808 5 0 9
2809 5 -1 9
2810 5 -1 10
2811 4 -2 11
2812 4 -1 11
2813 4 0 11
2814 4 -1 11
2815 3 0 12
2816 3 1 12
2817 1 1 11
2818 -1 1 11
2819 -4 1 11
2820 -7 -1 11
2821 -8 -2 10
2822 -7 -2 10
2823 -6 -2 11
2824 -5 -2 11
2825 -4 -2 11
2826 -3 -2 10
2827 -2 -2 10
2828 -2 -1 9
2829 -1 -1 10
2830 -1 -1 11
2831 -1 -1 10
2832 0 -1 10
2833 0 -1 10
2834 0 -1 10
2835 0 -2 11
2836 0 -2 11
2837 1 -2 11
2838 1 -1 11
2839 1 -1 11
2840 1 -1 10
2841 1 1 10
2842 1 1 10
2843 1 1 9
2844 1 2 9
2845 1 2 8
2846 -1 2 8
2847 -1 2 9
2848 -2 2 8
2849 -3 1 7
2850 -2 1 8
2851 -1 1 10
2852 -2 -1 11
2853 -3 -2 11
2854 -2 -2 11
2855 0 -1 11
2856 1 -1 11
2857 1 0 10
2858 1 1 9
2859 1 2 7
2860 -1 2 5
2861 -2 4 5
2862 -1 6 8
2863 -1 7 10
2864 -2 8 10
2865 -3 9 10
2866 -4 10 9
2867 -5 10 9
2868 -7 10 10
2869 -8 10 10
2870 -8 8 10
2871 -8 8 10
2872 -8 7 9
2873 -8 7 8
2874 -7 7 8
2875 -6 7 7
2876 -5 7 7
2877 -5 7 6
2878 -5 8 6
2879 -4 7 6
2880 -4 7 6
2881 -4 7 5
2882 -5 7 6
2883 -5 7 6
2884 -5 8 6
2885 -5 8 6
2886 -5 8 6
2887 -5 7 5
2888 -6 7 5
2889 -6 7 5
2890 -6 7 5
2891 -6 7 5
2892 -6 7 5
2893 -6 7 5
2894 -6 7 5
2895 -6 7 5
2896 -6 7 5
2897 -7 6 6
2898 -7 6 7
2899 -6 6 7
2900 -6 6 7
2901 -6 6 7
2902 -6 6 8
2903 -6 6 8
2904 -5 6 8
2905 -5 6 8
2906 -5 7 8
2907 -4 7 8
2908 -5 7 9
2909 -4 7 11
2910 -3 8 13
2911 -3 7 13
2912 -4 7 12
2913 -3 6 12
2914 -3 5 12
2915 -4 4 12
2916 -4 3 13
2917 -3 3 13
2918 -3 2 13
2919 -4 1 13
2920 -4 -1 13
2921 -3 -1 13
2922 -4 -2 12
2923 -5 -3 10
2924 -5 -4 7
2925 -4 -4 5
2926 -3 -4 4
2927 -2 -4 2
2928 -2 -3 -2
2929 -2 -3 -4
2930 -1 -3 -5
2931 -1 -3 -6
2932 -1 -2 -7
2933 -1 -2 -7
2934 1 1 -8
2935 1 1 -9
2936 1 2 -10
2937 1 2 -10
2938 2 3 -10
2939 2 3 -11
2940 2 3 -11
2941 1 2 -11
2942 -1 2 -11
2943 1 2 -11
2944 2 2 -11
2945 1 2 -11
2946 1 1 -11
2947 2 2 -11
2948 2 3 -11
2949 1 3 -11
2950 2 4 -11
2951 2 4 -11
2952 2 5 -10
2953 2 5 -10
2954 2 4 -10
2955 2 5 -10
2956 2 5 -10
2957 2 5 -10
2958 2 4 -10
2959 2 4 -10
2960 2 5 -10
2961 2 5 -10
2962 2 5 -10
2963 2 5 -10
2964 2 5 -10
2965 2 5 -10
2966 2 5 -11
2967 2 5 -11
2968 2 5 -10
2969 2 4 -10
2970 2 4 -10
2971 2 4 -10
2972 2 4 -10
2973 2 4 -10
2974 2 4 -10
2975 2 4 -10
2976 2 3 -10
2977 2 3 -10
2978 2 3 -10
2979 2 3 -10
2980 1 2 -11
2981 1 2 -11
2982 1 2 -11
2983 2 3 -11
2984 2 3 -10
2985 1 2 -10
2986 1 1 -10
2987 0 -1 -11
2988 2 -1 -10
2989 2 -1 -9
2990 1 -2 -8
2991 -1 -3 -7
2992 -2 -4 -7
2993 -1 -3 -6
2994 -1 -2 -3
2995 -1 -2 -1
2996 2 -2 1
2997 1 -3 3
2998 -1 -4 5
2999 1 -4 9
3000 -1 -5 12
3001 -1 -5 14
3002 -1 -5 14
3003 -1 -5 15
3004 -2 -5 15
3005 -2 -5 14
3006 -1 -3 13
3007 1 -3 12
3008 -1 -3 12
3009 0 -2 12
3010 0 -2 12
3011 1 -1 12
3012 1 -1 11
3013 1 -1 11
3014 1 -1 11
3015 1 -1 11
3016 1 0 11
3017 1 -1 12
3018 2 -1 12
3019 3 -1 13
3020 3 -1 13
3021 3 -1 12
3022 3 -1 12
3023 2 -2 12
3024 1 -2 12
3025 1 -1 12
3026 1 -1 11
3027 0 -1 10
3028 -1 -2 8
3029 0 -2 8
3030 1 -1 6
3031 1 -2 6
3032 1 -2 7
3033 2 -2 7
3034 1 -3 8
3035 -1 -4 8
3036 1 -5 9
3037 1 -5 9
3038 -1 -6 9
3039 0 -6 9
3040 1 -6 9
3041 0 -6 8
3042 0 -5 8
3043 1 -5 8
3044 1 -4 6
3045 1 -3 4
3046 1 -3 2
3047 0 -2 -1
3048 1 -1 -2
3049 1 1 -1
3050 1 3 -1
3051 1 4 3
3052 1 5 4
3053 -1 4 9
3054 -2 3 13
3055 -1 2 16
3056 -2 1 16
3057 -3 -1 16
3058 -3 -1 16
3059 -2 -1 15
3060 -3 -1 13
3061 -4 -2 13
3062 -5 -2 13
3063 -4 -1 13
3064 -4 1 13
3065 -4 1 14
3066 -4 1 14
3067 -4 1 14
3068 -3 2 14
3069 -2 2 13
3070 -1 3 13
3071 1 3 11
3072 3 4 9
3073 4 4 6
3074 4 3 3
3075 3 2 3
3076 2 0 3
3077 1 -1 3
3078 1 -2 3
3079 -1 -3 3
3080 -3 -4 3
3081 -4 -4 3
3082 -4 -4 4
3083 -4 -4 5
3084 -4 -2 5
3085 -3 -2 5
3086 -4 -1 5
3087 -4 1 6
3088 -3 2 6
3089 -2 3 6
3090 -2 3 8
3091 -3 2 11
3092 -3 1 13
3093 -1 1 14
3094 2 1 15
3095 2 1 14
3096 1 1 14
3097 -1 0 14
3098 -2 -1 13
3099 -2 -1 13
3100 -2 0 13
3101 -2 1 14
3102 -2 1 14
3103 -2 1 14
3104 -2 1 15
3105 -1 2 15
3106 -1 2 15
3107 1 3 15
3108 -1 3 14
3109 -1 3 12
3110 -1 4 11
3111 -1 4 8
3112 -1 3 6
3113 -1 2 4
3114 0 2 3
3115 1 1 2
3116 0 -1 1
3117 -1 -3 1
3118 -2 -4 2
3119 -1 -4 3
3120 -1 -5 4
3121 -1 -5 6
3122 -1 -5 7
3123 -1 -5 7
3124 -1 -5 7
3125 0 -4 8
3126 1 -3 9
3127 1 -2 8
3128 2 1 7
3129 3 2 5
3130 2 2 5
3131 1 1 4
3132 1 2 4
3133 -1 2 3
3134 -1 3 3
3135 -1 4 2
3136 -3 5 3
3137 -6 7 7
3138 -8 9 11
3139 -9 12 12
3140 -10 13 12
3141 -12 14 13
3142 -12 15 13
3143 -10 15 15
3144 -10 12 16
3145 -11 6 15
3146 -11 4 13
3147 -11 5 11
3148 -9 7 8
3149 -8 8 6
3150 -7 7 5
3151 -7 7 5
3152 -7 6 5
3153 -6 7 5
3154 -6 8 6
3155 -5 9 7
3156 -4 10 7
3157 -3 10 7
3158 -3 10 7
3159 -3 10 6
3160 -4 9 5
3161 -4 8 4
3162 -4 8 4
3163 -3 8 3
3164 -4 8 3
3165 -4 7 3
3166 -4 7 4
3167 -4 8 4
3168 -5 8 5
3169 -5 8 6
3170 -5 8 6
3171 -6 8 6
3172 -6 8 7
3173 -6 8 7
3174 -6 7 6
3175 -6 7 6
3176 -6 7 6
3177 -6 7 6
3178 -6 7 6
3179 -5 7 6
3180 -5 8 6
3181 -5 8 6
3182 -5 8 7
3183 -5 8 8
3184 -6 8 8
3185 -6 7 8
3186 -6 7 9
3187 -5 7 9
3188 -5 7 8
3189 -6 7 10
3190 -8 6 11
3191 -10 6 13
3192 -11 6 14
3193 -12 7 14
3194 -12 8 13
3195 -12 7 12
3196 -11 7 11
3197 -9 6 8
3198 -7 6 5
3199 -6 5 3
3200 -4 3 0
3201 -3 2 -2
3202 -2 2 -3
3203 -1 2 -3
3204 1 3 -2
3205 3 4 1
3206 5 5 1
3207 6 7 4
3208 9 9 9
3209 9 9 11
3210 8 7 13
3211 8 6 13
3212 7 7 13
3213 8 8 14
